15.623956680297852
15.082693099975586
14.541426658630371
14.000162124633789
13.458895683288574
12.917632102966309
12.376364707946777
11.835097312927246
11.29383373260498
10.752570152282715
10.211302757263184
9.670036315917969
9.128772735595703
8.587508201599121
8.046241760253906
7.504974842071533
6.963711261749268
6.422447204589844
5.881180763244629
5.660384178161621
5.529894828796387
5.0953826904296875
4.43418550491333
4.262938499450684
4.085768222808838
4.135159492492676
4.279989719390869
4.084537029266357
3.6207714080810547
3.730825424194336
4.0422892570495605
4.266566753387451
4.222024440765381
4.245186805725098
4.210295677185059
4.123465061187744
3.990142822265625
3.8151838779449463
3.602912187576294
3.7886478900909424
3.8108625411987305
3.5779080390930176
3.356894016265869
3.7648162841796875
3.926365852355957
3.824662446975708
3.5674221515655518
3.6276438236236572
3.6273367404937744
3.572619676589966
3.4720025062561035
3.3214011192321777
3.412903070449829
3.4039416313171387
3.4522018432617188
3.4413299560546875
3.386584758758545
3.373900890350342
3.316614866256714
3.2813422679901123
3.3616058826446533
3.3453948497772217
3.373140811920166
3.396876811981201
3.3717923164367676
3.3427021503448486
3.35770320892334
3.2883458137512207
3.394282579421997
3.347534656524658
3.320127010345459
3.297980785369873
3.248352527618408
3.274665117263794
3.3094427585601807
3.291591167449951
3.3201792240142822
3.399790048599243
3.249368906021118
3.544827461242676
3.641907215118408
3.4975013732910156
3.320277452468872
3.6629981994628906
3.7720463275909424
3.642470359802246
3.3012874126434326
3.6517879962921143
3.902061939239502
3.9046905040740967
3.687161922454834
3.2739081382751465
3.737560749053955
4.047135353088379
4.109286308288574
3.9509706497192383
3.5962066650390625
3.3577940464019775
3.621406078338623
3.6474666595458984
3.4615299701690674
3.424020767211914
3.369628667831421
3.3001773357391357
3.2291808128356934
3.2763712406158447
3.318033456802368
3.3348448276519775
3.3294460773468018
3.304190158843994
3.261192798614502
3.2218732833862305
3.2544829845428467
3.2636008262634277
3.2517008781433105
3.222618341445923
3.2363674640655518
3.2460861206054688
3.234823703765869
3.219426393508911
3.226498603820801
3.2166175842285156
3.217966079711914
3.220029830932617
3.2141857147216797
3.2237133979797363
3.2149336338043213
3.2229058742523193
3.2151899337768555
3.235729694366455
3.239973545074463
3.2240800857543945
3.234060764312744
3.244929790496826
3.235114336013794
3.2220118045806885
3.2484331130981445
3.2567315101623535
3.2446794509887695
3.2143898010253906
3.2564618587493896
3.2789549827575684
3.2797939777374268
3.261213779449463
3.2252185344696045
3.2505922317504883
3.2777347564697266
3.2829203605651855
3.26841402053833
3.2362422943115234
35.828025817871094
35.26544189453125
34.506134033203125
33.607601165771484
32.620201110839844
31.573976516723633
30.475984573364258
29.339813232421875
28.1773681640625
27.000141143798828
25.809350967407227
24.605566024780273
23.39623260498047
22.189443588256836
20.990280151367188
19.866165161132812
18.82516098022461
17.82748794555664
16.854459762573242
15.902280807495117
14.989156723022461
14.262579917907715
13.675622940063477
13.150128364562988
12.650015830993652
12.161587715148926
11.679259300231934
11.206117630004883
10.756839752197266
10.315742492675781
9.87180233001709
9.424662590026855
8.96382999420166
8.488073348999023
7.9991302490234375
7.53486442565918
7.163496971130371
6.869664669036865
6.630987644195557
6.477603912353516
6.357089042663574
6.221322059631348
6.066706657409668
5.887631416320801
5.684736728668213
5.467846393585205
5.275794982910156
5.136193752288818
5.036229133605957
4.947132110595703
4.846958160400391
4.728025913238525
4.593781471252441
4.4546356201171875
4.330814838409424
4.235325336456299
4.161585330963135
4.124269485473633
4.116917610168457
4.093518257141113
4.053566932678223
4.012030124664307
3.9801430702209473
3.9584240913391113
3.9406940937042236
3.9311254024505615
3.915217638015747
3.8939268589019775
3.8709816932678223
3.851632833480835
3.83320951461792
3.8151133060455322
3.8000097274780273
3.786757469177246
3.7735543251037598
3.768254041671753
3.762655735015869
3.7548630237579346
3.7471559047698975
3.7372939586639404
3.7300758361816406
3.7231099605560303
3.7165727615356445
3.711787700653076
3.711153030395508
3.7142791748046875
3.716346025466919
3.7140302658081055
3.7077200412750244
3.7030434608459473
3.6997992992401123
3.6945295333862305
3.689823627471924
3.6888620853424072
3.688042402267456
3.6872196197509766
3.690187931060791
3.6912269592285156
3.6897833347320557
3.6862404346466064
3.688309669494629
3.688538074493408
3.686216115951538
3.682363986968994
3.6848154067993164
3.685837984085083
3.684735059738159
3.681818723678589
3.679208755493164
3.6821112632751465
3.682694673538208
3.680943012237549
3.680309295654297
3.681523323059082
3.6804823875427246
3.678333282470703
3.6782824993133545
3.6776132583618164
3.6773555278778076
3.676842212677002
3.6784024238586426
3.678302526473999
3.6769371032714844
3.6770248413085938
3.6769373416900635
3.676654815673828
3.676934003829956
3.676288604736328
3.6773786544799805
3.6771836280822754
3.6759791374206543
3.6783041954040527
3.6787874698638916
3.677500009536743
3.6758670806884766
3.6775200366973877
3.6770544052124023
3.675431489944458
3.675758123397827
3.675252914428711
3.675717830657959
3.675208806991577
3.674795389175415
3.6765873432159424
3.6763014793395996
3.674847364425659
3.674983501434326
3.675135850906372
3.675654888153076
3.674664258956909
3.6759696006774902
3.675949811935425
3.6757521629333496
3.675403356552124
3.674917459487915
3.67431378364563
3.6742777824401855
3.674711227416992
3.6750311851501465
3.675079345703125
3.6748833656311035
3.6744704246520996
3.674105644226074
3.6739461421966553
3.674211263656616
3.6742684841156006
3.6741485595703125
3.673868179321289
3.673909902572632
3.6739842891693115
3.674041509628296
3.6739954948425293
3.6738085746765137
3.6736364364624023
3.6736648082733154
3.673755168914795
3.673668384552002
3.6734185218811035
3.6736180782318115
3.673760414123535
3.673652410507202
3.6733219623565674
3.6735408306121826
3.673732042312622
3.6737313270568848
3.6735641956329346
3.673246383666992
3.673353672027588
3.673541784286499
3.6734774112701416
3.673269748687744
3.6731479167938232
3.6732633113861084
3.6733462810516357
3.6732518672943115
3.6730003356933594
3.6730964183807373
3.673337697982788
3.6733672618865967
3.673166036605835
3.672901153564453
3.673029899597168
3.673168659210205
3.6731278896331787
3.6729230880737305
3.6727359294891357
3.6729001998901367
3.6728944778442383
3.6726574897766113
3.6727776527404785
3.6729073524475098
3.672860622406006
3.6726467609405518
3.6725893020629883
3.6727964878082275
3.6727919578552246
3.6725528240203857
3.672483205795288
3.6726109981536865
3.672560930252075
3.6723947525024414
3.672407865524292
3.6723649501800537
3.672274351119995
3.6723036766052246
3.6722335815429688
3.6722123622894287
3.6723062992095947
3.672186851501465
3.672231912612915
3.6722733974456787
3.6721489429473877
3.6721506118774414
3.672238826751709
3.6721692085266113
3.6720893383026123
3.671963691711426
3.672142505645752
3.6721558570861816
3.672002077102661
3.671975612640381
3.6720378398895264
3.67191219329834
3.671868324279785
3.6717777252197266
3.6717655658721924
3.6717681884765625
3.6717584133148193
3.671748161315918
3.671717405319214
3.6717629432678223
3.671680450439453
3.6717395782470703
3.6718544960021973
3.6717891693115234
3.671602725982666
3.671781539916992
3.6717731952667236
3.671600103378296
3.6718876361846924
3.6719985008239746
3.671863555908203
3.6715798377990723
3.67189884185791
3.6720261573791504
3.671977996826172
3.6717705726623535
3.6716647148132324
3.6718027591705322
3.6716995239257812
3.671626329421997
3.671694755554199
3.6716535091400146
3.671659469604492
3.671625852584839
3.671645164489746
3.671617031097412
3.6715433597564697
3.671621561050415
3.6716830730438232
3.67167329788208
3.6716253757476807
3.671614170074463
3.671581745147705
3.6716203689575195
3.67163348197937
3.671682119369507
3.671722650527954
3.67170786857605
3.6716434955596924
3.6716434955596924
3.6716079711914062
3.671564817428589
3.6715564727783203
3.671624183654785
3.6716415882110596
3.6715095043182373
3.671661138534546
3.671604633331299
3.6715564727783203
3.6715903282165527
3.6716346740722656
3.6716651916503906
3.671640634536743
3.671567916870117
3.6716625690460205
3.6716370582580566
3.671464443206787
3.6715779304504395
3.6714885234832764
3.6715033054351807
3.6715073585510254
3.6715292930603027
3.6715056896209717
3.671492338180542
3.67153000831604
3.671502113342285
3.67149019241333
3.67152738571167
3.6715028285980225
3.6715571880340576
3.6715242862701416
3.671548843383789
3.671572208404541
3.6714351177215576
3.671581745147705
3.6715261936187744
3.6715173721313477
3.671552896499634
3.671494483947754
3.6715097427368164
3.6714653968811035
3.671485662460327
3.671433925628662
3.671534538269043
3.671424388885498
3.6716415882110596
3.6717183589935303
3.6716184616088867
3.6714391708374023
3.671555519104004
3.6714916229248047
3.671494722366333
3.6715426445007324
3.671436071395874
3.671442747116089
3.671417713165283
3.6714468002319336
3.6713712215423584
3.6714928150177
147.7998046875
142.74363708496094
137.6909942626953
132.5828399658203
127.4721908569336
122.5046615600586
117.51905822753906
112.53468322753906
107.58236694335938
102.71575164794922
97.99967956542969
93.2774658203125
88.61872863769531
84.38898468017578
80.97711181640625
77.65071105957031
74.267822265625
70.82559204101562
67.80765533447266
64.75190734863281
61.63966369628906
58.676292419433594
55.6927604675293
52.485111236572266
49.31848907470703
46.93398666381836
44.877906799316406
43.1107177734375
41.66064453125
39.7293701171875
37.5382194519043
35.182167053222656
32.95948028564453
31.09733009338379
29.21100616455078
27.416059494018555
25.40827751159668
24.21179962158203
23.466766357421875
22.458005905151367
21.48590850830078
20.53207015991211
19.527082443237305
18.49558448791504
17.320262908935547
16.020917892456055
14.461237907409668
12.96744441986084
11.719703674316406
10.845752716064453
9.950998306274414
9.096732139587402
8.083209991455078
7.11122465133667
6.205557823181152
5.78175163269043
5.413151741027832
5.318424701690674
5.192598819732666
5.166591644287109
5.228317737579346
5.13327693939209
5.116703987121582
5.387559413909912
5.5225043296813965
5.335251331329346
5.204892635345459
5.08792781829834
5.012299060821533
4.8621368408203125
4.770008563995361
4.625217914581299
4.547023773193359
4.349404335021973
4.321139812469482
4.299717426300049
4.0858378410339355
3.8898138999938965
3.8781840801239014
3.786574125289917
3.772043466567993
3.624265432357788
3.5978331565856934
3.5920825004577637
3.4744889736175537
3.287094831466675
3.2346456050872803
3.3109354972839355
3.149578809738159
3.032130479812622
2.936889410018921
2.857562303543091
2.962956190109253
2.9578323364257812
2.8409905433654785
2.8046743869781494
2.8087334632873535
2.938385248184204
2.8399109840393066
2.710458278656006
2.752366781234741
2.7601406574249268
2.609428882598877
2.6195406913757324
2.6534934043884277
2.734107494354248
2.693957805633545
2.665604591369629
2.68935227394104
2.6240525245666504
2.5346217155456543
2.620251417160034
2.649120330810547
2.5077428817749023
2.41849684715271
2.3935937881469727
2.4092812538146973
2.3206427097320557
2.3507211208343506
2.2239127159118652
2.261057138442993
2.2614188194274902
2.36215877532959
2.328464984893799
2.236621618270874
2.371817111968994
2.414684772491455
2.3720004558563232
2.3554913997650146
2.4161911010742188
2.2265028953552246
2.2742011547088623
2.391023874282837
2.2928617000579834
2.1757798194885254
2.202191114425659
2.311490774154663
2.3001551628112793
2.272642135620117
2.3192861080169678
2.327674627304077
2.2482552528381348
2.257559061050415
2.4788761138916016
2.393984317779541
2.293097734451294
2.3975107669830322
2.3320729732513428
2.3050284385681152
2.3674001693725586
10.3417387008667
10.259942054748535
10.179320335388184
10.087331771850586
10.005457878112793
9.900496482849121
9.810495376586914
9.733796119689941
9.677584648132324
9.626341819763184
9.620901107788086
9.609906196594238
9.596006393432617
9.588166236877441
9.585274696350098
9.581747055053711
9.571772575378418
9.554277420043945
9.543213844299316
9.521353721618652
9.495656967163086
9.46505069732666
9.432934761047363
9.412394523620605
9.397164344787598
9.389740943908691
9.396121978759766
9.398520469665527
9.406488418579102
9.40751838684082
9.417582511901855
9.41618824005127
9.409756660461426
9.4051513671875
9.393147468566895
9.389932632446289
9.386834144592285
9.382572174072266
9.375908851623535
9.370087623596191
9.362931251525879
9.348347663879395
9.328835487365723
9.304279327392578
9.283879280090332
9.265892028808594
9.24814224243164
9.22948169708252
9.213310241699219
9.209285736083984
9.223124504089355
9.238601684570312
9.2471342086792
9.259224891662598
9.262022972106934
9.263681411743164
9.266704559326172
9.267862319946289
9.265564918518066
9.25959587097168
9.258665084838867
9.250282287597656
9.244558334350586
9.228306770324707
9.2191801071167
9.209479331970215
9.209211349487305
9.207754135131836
9.20913028717041
9.211869239807129
9.210412979125977
9.207268714904785
9.207048416137695
9.206585884094238
9.204838752746582
9.206398963928223
9.20936107635498
9.211790084838867
9.212211608886719
9.211508750915527
9.210097312927246
9.206515312194824
9.204392433166504
9.20058536529541
9.198657035827637
9.196178436279297
9.199131965637207
9.19922924041748
9.200481414794922
9.198844909667969
9.197517395019531
9.197278022766113
9.20098876953125
9.20203971862793
9.201316833496094
9.199481964111328
9.199057579040527
9.19808578491211
9.198877334594727
9.198451042175293
9.19632339477539
9.193597793579102
9.193873405456543
9.193535804748535
9.194169044494629
9.19361686706543
9.193766593933105
9.193148612976074
9.193900108337402
9.194681167602539
9.194554328918457
9.193724632263184
9.194976806640625
9.19481372833252
9.194331169128418
9.193434715270996
9.190583229064941
9.190498352050781
9.190520286560059
9.191091537475586
9.190814018249512
9.19123649597168
9.188679695129395
9.189355850219727
9.188298225402832
9.18964958190918
9.189469337463379
9.189995765686035
9.18952465057373
9.188066482543945
9.187273025512695
9.187182426452637
9.187139511108398
9.187021255493164
9.1861572265625
9.18530559539795
9.185185432434082
9.187215805053711
9.18607234954834
9.185774803161621
9.184375762939453
9.182921409606934
9.183670997619629
9.18508243560791
9.184808731079102
9.185504913330078
9.18337631225586
9.182010650634766
9.181550979614258
9.1831693649292
9.182225227355957
8.716952323913574
8.399497985839844
8.159238815307617
7.934600353240967
7.717872619628906
7.492563247680664
7.271598815917969
7.036469459533691
6.806673049926758
6.585202217102051
6.367338180541992
6.1870503425598145
6.0296783447265625
5.885622024536133
5.737457275390625
5.605301380157471
5.457932472229004
5.3075385093688965
5.169047832489014
5.021501064300537
4.886516094207764
4.772932052612305
4.689110279083252
4.630189895629883
4.57332706451416
4.52356481552124
4.477280139923096
4.447099685668945
4.443337440490723
4.449302673339844
4.449745178222656
4.443172931671143
4.423715591430664
4.397823333740234
4.365499973297119
4.3357977867126465
4.302355766296387
4.266753673553467
4.232137203216553
4.199764728546143
4.175070762634277
4.141409873962402
4.113286972045898
4.093762397766113
4.071931838989258
4.050439834594727
4.028399467468262
4.013339042663574
3.9960384368896484
3.9807114601135254
3.9721479415893555
3.9638009071350098
3.955678939819336
3.951399087905884
3.939471483230591
3.931487560272217
3.922029733657837
3.9142916202545166
3.9026339054107666
3.897523880004883
3.8976120948791504
3.891669511795044
3.887700319290161
3.886495590209961
3.883521318435669
3.8754396438598633
3.8674838542938232
3.8607659339904785
3.8559048175811768
3.850170135498047
3.8486056327819824
3.8432531356811523
3.8411612510681152
3.8405308723449707
3.838872194290161
3.8378632068634033
3.836118698120117
3.831211566925049
3.8290538787841797
3.825683116912842
3.8230443000793457
3.8224728107452393
3.8206770420074463
3.817840576171875
3.8143062591552734
3.8110270500183105
3.8070030212402344
3.806942939758301
3.8006784915924072
3.7987866401672363
3.797821283340454
3.796873092651367
3.793520450592041
3.7905678749084473
3.7902028560638428
3.7883996963500977
3.787529706954956
3.7867720127105713
3.7873647212982178
3.7866055965423584
3.785118579864502
3.7860934734344482
3.781902551651001
3.7840726375579834
3.7831671237945557
3.781303882598877
3.7771260738372803
3.777851104736328
3.778433084487915
3.780156135559082
3.7815744876861572
3.777606725692749
3.7739388942718506
3.773836374282837
3.773916482925415
3.772026777267456
3.7724602222442627
3.771984577178955
3.767604351043701
3.767054557800293
3.7644481658935547
3.764028310775757
3.761338472366333
3.7616426944732666
3.7591288089752197
3.759082317352295
3.7568798065185547
3.758697748184204
3.756497859954834
3.7534399032592773
3.752136707305908
3.751748561859131
3.753324270248413
3.751376152038574
3.7497026920318604
3.7450520992279053
3.745150089263916
3.7435903549194336
3.74240779876709
3.7431728839874268
3.740363597869873
3.741983652114868
3.7413058280944824
3.7397568225860596
3.740351676940918
3.7382006645202637
3.7382171154022217
3.7391557693481445
3.7393853664398193
3.737987995147705
3.7370262145996094
3.7370667457580566
3.734067916870117
3.7334132194519043
3.732001304626465
3.7319297790527344
3.7275872230529785
3.7276461124420166
3.7273621559143066
3.7259604930877686
3.7242236137390137
3.720839500427246
3.722744941711426
3.722604513168335
3.7201426029205322
3.7210395336151123
3.7192368507385254
3.719036340713501
3.7206671237945557
3.716653347015381
3.7144291400909424
3.7154836654663086
3.714052677154541
3.7143681049346924
3.714136838912964
3.712618112564087
3.713499069213867
3.713549852371216
3.7102162837982178
3.710923910140991
3.7101762294769287
3.7096335887908936
3.7067346572875977
3.7056524753570557
3.7058095932006836
3.704423427581787
3.70288348197937
3.7004857063293457
3.700155258178711
3.697958469390869
3.6987247467041016
3.697467565536499
3.6973793506622314
3.697995662689209
3.696465015411377
3.6972291469573975
3.6964831352233887
3.6968209743499756
3.696019411087036
3.6949362754821777
3.6947453022003174
3.6945369243621826
3.694812774658203
3.692110300064087
3.6870155334472656
3.685333728790283
3.6845595836639404
3.6844687461853027
3.6836466789245605
3.683971405029297
3.6818418502807617
3.682997703552246
3.682971954345703
3.6846234798431396
3.684591293334961
3.68460750579834
3.682466983795166
3.681732177734375
3.681281328201294
3.682624340057373
3.6818509101867676
3.6815624237060547
3.6795332431793213
3.676316499710083
3.676168918609619
3.675715208053589
3.6780076026916504
3.677466869354248
3.6750688552856445
3.6752572059631348
3.675463914871216
3.6738317012786865
3.673492431640625
3.6735005378723145
3.672631025314331
3.672839641571045
3.6722888946533203
3.6716294288635254
3.6697492599487305
3.666644811630249
3.6686081886291504
3.6655006408691406
3.66562819480896
3.665585517883301
3.665175676345825
3.663313865661621
3.663167715072632
3.6639223098754883
3.6652231216430664
3.6650259494781494
3.6665709018707275
3.665816307067871
3.665008306503296
3.664985179901123
3.664409875869751
3.665652275085449
3.664808988571167
3.664987087249756
3.6661455631256104
3.6676688194274902
3.66743540763855
3.665771484375
3.6653430461883545
3.6645686626434326
3.6632349491119385
3.663317918777466
3.660205602645874
3.660149574279785
3.6597185134887695
3.658583641052246
3.6604442596435547
3.6568922996520996
3.6583340167999268
3.660015344619751
3.6604132652282715
3.6603715419769287
3.659660816192627
3.6602141857147217
3.6598401069641113
3.6609065532684326
3.659558057785034
3.658503532409668
3.66029953956604
3.658843994140625
3.6588311195373535
3.658391237258911
3.6581668853759766
3.661412000656128
3.6594316959381104
3.6574127674102783
3.6564555168151855
3.6572914123535156
3.656634569168091
3.6580135822296143
3.6585896015167236
3.6607890129089355
3.661414384841919
3.6601037979125977
3.661052703857422
3.662682294845581
3.663001537322998
3.663118839263916
3.662134885787964
3.663282871246338
3.662212371826172
3.662017345428467
3.660950183868408
3.659681797027588
3.6592838764190674
3.6590735912323
3.658669948577881
3.6582419872283936
3.6579880714416504
3.6583404541015625
3.65673828125
3.6555335521698
3.6540215015411377
3.6524693965911865
3.6506125926971436
3.6519935131073
3.652177333831787
3.6519582271575928
3.652587413787842
3.6531319618225098
3.6536948680877686
3.654205083847046
3.6549880504608154
3.653168201446533
3.653963565826416
3.653531551361084
3.653528928756714
3.653083086013794
3.6529171466827393
3.653193712234497
3.6541550159454346
3.6552510261535645
3.6552186012268066
3.6550490856170654
3.656114101409912
3.657135486602783
3.657088041305542
3.6566667556762695
3.6561739444732666
3.655674457550049
3.6550822257995605
3.654810667037964
3.6531362533569336
3.6515231132507324
3.652580738067627
3.6526989936828613
3.652176856994629
3.6503496170043945
3.648395538330078
3.6476550102233887
3.646252393722534
3.6477649211883545
3.647508144378662
3.6473195552825928
3.644134521484375
3.6456587314605713
3.6448519229888916
3.646097183227539
3.6466031074523926
3.646210193634033
3.644890785217285
3.6433417797088623
3.642747640609741
3.641491413116455
3.640873432159424
3.640608072280884
3.6418371200561523
3.6427974700927734
3.642374038696289
3.6404788494110107
3.6406192779541016
3.6409714221954346
3.64321231842041
3.6447792053222656
3.6430275440216064
3.6425132751464844
3.641664981842041
3.641206741333008
3.6419641971588135
3.641963243484497
3.641002893447876
3.640709638595581
3.6439945697784424
3.643718719482422
3.6429855823516846
3.6430745124816895
3.642461061477661
3.6421279907226562
3.6417908668518066
3.6422598361968994
3.6444058418273926
3.6452245712280273
3.6464529037475586
3.6455647945404053
3.6451854705810547
0.5737155675888062
0.5657901763916016
0.5582473278045654
0.5511182546615601
0.5446047782897949
0.5386092066764832
0.533187210559845
0.5283099412918091
0.5239073634147644
0.5199694633483887
0.5164176821708679
0.513213038444519
0.5103684067726135
0.5080029368400574
0.5061943531036377
0.504987895488739
0.5043579936027527
0.5042150020599365
0.5044369101524353
0.5047558546066284
0.5049898624420166
0.5048555135726929
0.5043671131134033
0.5037028789520264
0.502924919128418
0.5021376609802246
0.5014076232910156
0.5007777810096741
0.5003116130828857
0.5000469088554382
0.49998483061790466
0.5000452399253845
0.5001281499862671
0.5000924468040466
0.4999222159385681
0.4996901750564575
0.4994511604309082
0.4992220103740692
0.4990144968032837
0.49887341260910034
0.49880507588386536
0.4987765848636627
0.49876290559768677
0.49872446060180664
0.49863401055336
0.4985387921333313
0.4984738230705261
0.4983837604522705
0.49829602241516113
0.498238742351532
0.49825048446655273
0.4982623755931854
0.49823683500289917
0.49819719791412354
0.49810898303985596
0.4980343282222748
0.4980319142341614
0.4980623722076416
0.4980730414390564
0.4980580806732178
0.49799221754074097
0.49794209003448486
0.49795159697532654
0.49798837304115295
0.4979913532733917
0.49796921014785767
0.4979434013366699
0.49792781472206116
0.49794241786003113
0.4979303181171417
0.49790000915527344
0.49789947271347046
0.4979161322116852
0.4979150891304016
0.4978976249694824
0.49786823987960815
0.49785691499710083
0.49787524342536926
0.4978725016117096
0.49786177277565
0.4978506565093994
0.49784958362579346
0.49784740805625916
0.497859388589859
0.49785423278808594
0.49785733222961426
0.4978764057159424
0.49785932898521423
0.4978785812854767
0.4978753328323364
0.49784862995147705
0.4978597164154053
0.4978855550289154
0.4978891611099243
0.4978782534599304
0.4978621304035187
0.49784302711486816
0.497832328081131
0.497846394777298
0.49784255027770996
