2.143526077270508
2.291186571121216
2.4498085975646973
2.59797739982605
2.74661922454834
2.9032695293426514
3.048409938812256
3.2000670433044434
3.341717004776001
3.487863302230835
4.209701776504517
4.351298093795776
4.490541458129883
4.634194374084473
4.7833452224731445
4.923996686935425
5.081631898880005
5.233822584152222
5.3849968910217285
5.530168056488037
6.26610255241394
6.413372278213501
6.569995403289795
6.731253385543823
6.898651123046875
7.049360990524292
7.217043161392212
7.370814323425293
7.5488972663879395
7.70229172706604
8.503164052963257
8.660842657089233
8.820523023605347
8.966446876525879
9.113651514053345
9.259806871414185
9.404471635818481
9.573137044906616
9.719463586807251
9.883086919784546
10.732239007949829
10.884076595306396
11.03578233718872
11.183456420898438
11.329856872558594
11.495488405227661
11.64723539352417
11.793901920318604
11.93009877204895
12.086076259613037
12.874731540679932
13.041835308074951
13.1980881690979
13.351880550384521
13.50417685508728
13.652385234832764
13.828500747680664
13.96969747543335
14.113768815994263
14.271419286727905
15.052910566329956
15.210567474365234
15.363243103027344
15.508453369140625
15.654655933380127
15.79782748222351
15.949471950531006
16.100723028182983
16.28787398338318
16.4811372756958
17.31400728225708
17.465166568756104
17.61858892440796
17.770251274108887
17.937841176986694
18.10196852684021
18.256155014038086
18.41180419921875
18.56598711013794
18.71467638015747
19.448238134384155
19.60398840904236
19.761147022247314
19.90629506111145
20.053013563156128
20.199693202972412
20.3423752784729
20.48406481742859
20.638314962387085
20.775631427764893
21.524500846862793
21.68816900253296
21.8443284034729
21.99427080154419
22.136914253234863
22.287837982177734
22.434139013290405
22.581385612487793
22.72659134864807
22.877820253372192
23.61306619644165
23.77127957344055
23.92092514038086
24.111621618270874
24.264805793762207
24.414039134979248
24.568395853042603
24.720600605010986
24.864794492721558
25.010035753250122
25.75085186958313
25.898990869522095
26.050153732299805
26.205264568328857
26.35546636581421
26.508103370666504
26.65974235534668
26.826343297958374
26.9864661693573
27.141587257385254
27.902315855026245
28.041990280151367
28.197616577148438
28.364742279052734
28.53243136405945
28.681086540222168
28.842735290527344
28.996355533599854
29.144004344940186
29.285679817199707
30.02782416343689
30.176069259643555
30.32061243057251
30.470645904541016
30.6164391040802
30.76779079437256
30.91596794128418
31.068265438079834
31.23222780227661
31.380412578582764
32.10428977012634
32.251078367233276
32.40273928642273
32.541499614715576
32.6941180229187
32.84584975242615
33.00538396835327
33.14612817764282
33.29290509223938
33.44580817222595
34.20225238800049
34.3531596660614
34.525962829589844
34.69259524345398
34.844425201416016
35.00930595397949
35.15969657897949
35.31246829032898
35.46992754936218
35.624096393585205
36.38627052307129
36.53503751754761
36.67419743537903
36.8230345249176
36.97582817077637
37.11852264404297
37.267720460891724
37.411921977996826
37.555254220962524
37.70738697052002
38.48514437675476
38.63212537765503
38.79787540435791
38.948535442352295
39.092347621917725
39.23771142959595
39.392372846603394
39.532843589782715
39.68247628211975
39.82971143722534
40.55739402770996
40.70256805419922
40.863773345947266
41.02740812301636
41.202491760253906
41.35322976112366
41.50740098953247
41.68348741531372
41.836777448654175
42.03992938995361
42.73008155822754
42.872978925704956
43.05309009552002
43.19973421096802
43.35747051239014
43.500159740448
43.645102739334106
43.79734516143799
43.99256110191345
44.140178203582764
44.89546012878418
45.0791654586792
45.22785925865173
45.37606930732727
45.52933168411255
45.676284313201904
45.82613182067871
45.97385358810425
46.123008489608765
46.27117395401001
47.04645037651062
47.27591609954834
47.42867374420166
47.61634874343872
47.75906276702881
47.90471267700195
48.09178042411804
48.24191904067993
48.384578704833984
48.53526258468628
49.32793569564819
49.47709274291992
49.62075400352478
49.7764208316803
49.93009948730469
50.072266817092896
50.216455698013306
50.368659019470215
50.54650402069092
50.71961951255798
51.49237275123596
51.64101052284241
51.78520202636719
51.93484449386597
52.083025217056274
52.22642707824707
52.370896339416504
52.5207736492157
52.66442537307739
52.81412172317505
53.61723208427429
53.79567098617554
53.945796966552734
54.09297299385071
54.241146087646484
54.39235973358154
54.54400897026062
54.690162658691406
54.855287313461304
55.01994276046753
55.786890745162964
55.952494382858276
56.09374523162842
56.25136613845825
56.42197608947754
56.56865692138672
56.72332429885864
56.876384258270264
57.02824401855469
57.17742204666138
57.9592490196228
58.113393783569336
58.25706219673157
58.406728982925415
58.55491232872009
58.709102153778076
58.8734405040741
59.02056360244751
59.16675281524658
59.31640577316284
60.07539939880371
60.224541425704956
60.372673988342285
60.529799938201904
60.67606067657471
60.8428099155426
60.9899845123291
61.14309906959534
61.28629946708679
61.438411474227905
62.20666766166687
62.360310554504395
62.53506374359131
62.681873083114624
62.829395055770874
62.97710466384888
63.133209466934204
63.277424335479736
63.429577112197876
63.574748277664185
64.33632469177246
64.48556876182556
64.63830590248108
64.81235694885254
64.96103429794312
65.10420775413513
65.25536608695984
65.40403890609741
65.55168175697327
65.70436811447144
66.47432255744934
66.62251234054565
66.77016711235046
66.9243175983429
67.1083984375
67.2552011013031
67.40787291526794
67.55451321601868
67.72466921806335
67.88230776786804
68.64231657981873
68.78806614875793
68.93672847747803
69.11080765724182
69.25897908210754
69.41211223602295
69.56077837944031
69.71565246582031
69.86480832099915
70.04839587211609
70.80077695846558
70.97339820861816
71.15795540809631
71.3420205116272
71.49371337890625
71.63985776901245
71.7920184135437
71.93517422676086
72.08782529830933
72.23357009887695
73.03275752067566
73.18344736099243
73.33263731002808
73.47980904579163
73.6294367313385
73.77711629867554
73.9232885837555
74.07967519760132
74.26328086853027
74.43939542770386
75.23347616195679
75.38611817359924
75.53379988670349
75.69192576408386
75.83955788612366
76.00783705711365
76.1649878025055
76.3161289691925
76.46380281448364
76.61615753173828
77.3832151889801
77.53047251701355
77.6827142238617
77.83288192749023
77.98406767845154
78.13773465156555
78.28887248039246
78.43673753738403
78.58192849159241
78.76151371002197
79.52472019195557
79.6928162574768
79.85097575187683
79.99819922447205
80.16097736358643
80.30766272544861
80.469309091568
80.61494970321655
80.77619361877441
80.93232679367065
81.69300079345703
81.83578205108643
81.98793935775757
82.15705275535583
82.30473279953003
82.45439958572388
82.60306310653687
82.75039267539978
82.89754390716553
83.04627680778503
83.83524966239929
83.98289179801941
84.13901042938232
84.31586050987244
84.46853852272034
84.61420822143555
84.77085590362549
84.93450856208801
85.07970786094666
85.23187685012817
85.98796463012695
86.14562726020813
86.29525256156921
86.45888257026672
86.60403180122375
86.76737952232361
86.94801020622253
87.09864020347595
87.2468192577362
87.39795851707458
88.15477848052979
88.33735299110413
88.51691508293152
88.66410064697266
88.80828619003296
88.9524793624878
89.10461187362671
89.26025676727295
89.41090202331543
89.60393929481506
90.36557221412659
90.51620626449585
90.66932654380798
90.86252164840698
91.03474593162537
91.17789435386658
91.35248899459839
91.5028715133667
91.71200728416443
91.89958190917969
92.70815348625183
92.86676454544067
93.06980490684509
93.21845984458923
93.37167525291443
93.52034950256348
93.66550207138062
93.81402015686035
93.95928478240967
94.11042284965515
94.92474484443665
95.09584546089172
95.24703288078308
95.4236364364624
95.57178783416748
95.72207570075989
95.86574959754944
96.01713180541992
96.1854202747345
96.34654927253723
97.11182284355164
97.27895069122314
97.42466330528259
97.57153749465942
97.71728157997131
97.86394095420837
98.01572799682617
98.15541052818298
98.31903791427612
98.46277523040771
99.23492503166199
99.41698908805847
99.56119871139526
99.70529174804688
99.84646439552307
99.99962091445923
100.1637225151062
100.31438112258911
100.46452307701111
100.61616444587708
101.38349223136902
101.53317093849182
101.69279456138611
101.84746170043945
101.9951319694519
102.14329314231873
102.30293893814087
102.45307993888855
102.60127544403076
102.75749015808105
103.53147768974304
103.67666292190552
103.82831764221191
103.97205305099487
104.1183876991272
104.26854634284973
104.42522978782654
104.57142806053162
104.73357772827148
104.88072800636292
105.6518006324768
105.80302619934082
105.95236730575562
106.11647844314575
106.26889634132385
106.4196183681488
106.56651830673218
106.71768808364868
106.86632180213928
107.01106119155884
107.83304476737976
107.98773169517517
108.13690066337585
108.28826570510864
108.44913983345032
108.60333776473999
108.77792978286743
108.92255163192749
109.06571960449219
109.21092796325684
110.57359027862549
111.36019968986511
112.11873412132263
112.89426612854004
113.65370225906372
114.40913820266724
115.22633385658264
115.9989664554596
116.71382737159729
117.43720984458923
118.82905697822571
119.57610869407654
120.30135989189148
121.06229424476624
121.8188328742981
122.57840704917908
123.34909176826477
124.11085915565491
124.89531302452087
125.628333568573
126.96036744117737
127.711256980896
128.48614716529846
129.212087392807
129.9486439228058
130.70702600479126
131.51321721076965
132.2292263507843
132.99596428871155
133.73733258247375
135.06766939163208
135.7961459159851
136.5308849811554
137.26128244400024
137.99173259735107
138.79905819892883
139.592209815979
140.3180968761444
141.04290890693665
141.84768986701965
143.15298891067505
143.90976476669312
144.76434016227722
145.50747084617615
146.28446292877197
147.05994582176208
147.819974899292
148.69711709022522
149.45070695877075
150.2496213912964
151.59891557693481
152.3527045249939
153.17626547813416
153.90922570228577
154.6822657585144
155.43350982666016
156.14998984336853
156.964182138443
157.70556092262268
158.47752404212952
159.8977916240692
160.6665551662445
161.4183955192566
162.17126631736755
163.05871629714966
163.81856203079224
164.55188298225403
165.3500006198883
166.07444667816162
166.90905141830444
168.20902514457703
168.94074535369873
169.67243576049805
170.40863513946533
171.16360569000244
171.9143669605255
172.65124607086182
173.4274501800537
174.26864194869995
175.06491446495056
176.44551372528076
177.26262998580933
178.12530040740967
178.9922993183136
179.74833178520203
180.52183413505554
181.2749559879303
182.07539415359497
182.81336426734924
183.55231976509094
184.89837193489075
185.6363868713379
186.36021614074707
187.11881232261658
187.87207961082458
188.61047387123108
189.389164686203
190.18263387680054
190.96801924705505
191.76236414909363
193.05225777626038
193.83760619163513
194.6355128288269
195.43264365196228
196.25056147575378
196.98477149009705
197.72743344306946
198.5321717262268
199.34518384933472
200.0757236480713
201.36531496047974
202.1649866104126
202.91078066825867
203.64370560646057
204.3790647983551
205.11191177368164
205.9010603427887
206.70311331748962
207.47051429748535
208.24135041236877
209.64769983291626
210.42771315574646
211.18798923492432
211.9761986732483
212.77154541015625
213.59055757522583
214.37521409988403
215.16598892211914
215.94572472572327
216.68650197982788
217.97125911712646
218.69359922409058
219.4114851951599
220.13936352729797
220.87168765068054
221.6079888343811
222.32685089111328
223.06617498397827
223.9017481803894
224.68657994270325
226.05724477767944
226.88654136657715
227.67318773269653
228.44854068756104
229.242173910141
230.00696778297424
230.7563865184784
231.5671513080597
232.28401851654053
233.01485228538513
234.3414328098297
235.0827341079712
235.79612398147583
236.54334783554077
237.2617256641388
237.98517680168152
238.74942874908447
239.46999096870422
240.20695853233337
241.01437640190125
242.3707308769226
243.19997239112854
243.93343877792358
244.6944718360901
245.48666763305664
246.230304479599
246.99626898765564
247.81635236740112
248.57841873168945
249.34123492240906
250.68579649925232
251.4989037513733
252.23516058921814
252.99830293655396
253.76954197883606
254.51205587387085
255.27733874320984
256.0466046333313
256.7642557621002
257.56455087661743
258.8955500125885
259.61600255966187
260.3903925418854
261.1993315219879
261.94356083869934
262.6925947666168
263.426388502121
264.194030046463
264.92287731170654
265.6388487815857
266.9376287460327
267.65191316604614
268.3897895812988
269.11836647987366
269.90070843696594
270.64201307296753
271.410279750824
272.18624544143677
272.91916823387146
273.6692841053009
274.99665880203247
275.89805459976196
276.7188286781311
277.6250247955322
278.42330265045166
279.1796796321869
279.93952536582947
280.6997797489166
281.5144827365875
282.2763271331787
283.5898668766022
284.3352828025818
285.1471405029297
285.87709760665894
286.60104417800903
287.3179187774658
288.12164998054504
288.8824760913849
289.6038830280304
290.32609724998474
291.6402430534363
292.416481256485
293.22322964668274
294.02996468544006
294.74709916114807
295.5073277950287
296.2481973171234
297.01154708862305
297.77823185920715
298.5282335281372
299.90789794921875
300.6273081302643
301.46676540374756
302.19430661201477
302.9396221637726
303.6836597919464
304.5055248737335
305.3274972438812
306.1046712398529
307.00947284698486
308.4255909919739
309.22227716445923
310.07641315460205
310.79614448547363
311.52757263183594
312.3483557701111
313.1067097187042
313.8786916732788
314.6625552177429
315.41130805015564
316.72591853141785
317.50786805152893
318.2387409210205
318.98716592788696
319.7838394641876
320.5397114753723
321.30358362197876
322.05040645599365
322.81011939048767
323.62978887557983
324.99291467666626
325.7207567691803
326.4275462627411
327.1924157142639
327.96119713783264
328.6953616142273
329.45762634277344
330.2089276313782
330.944210767746
331.70757246017456
333.0188446044922
333.78054451942444
334.5283935070038
335.3082733154297
336.061142206192
336.85211420059204
337.5707461833954
338.3585629463196
339.09299874305725
339.8417887687683
341.23428678512573
342.05576944351196
342.7875998020172
343.53797340393066
344.28472328186035
345.0738699436188
345.81872034072876
346.5526497364044
347.3049910068512
348.036826133728
349.3233494758606
350.0735864639282
350.84399342536926
351.5707850456238
352.3075487613678
353.03987097740173
353.86001205444336
354.7444677352905
355.5048506259918
356.22539472579956
357.6420018672943
358.4332127571106
359.220947265625
360.0046954154968
360.7272288799286
361.53984475135803
362.26492381095886
363.0302059650421
363.80993270874023
364.5812520980835
365.8908591270447
366.6406042575836
367.36684703826904
368.13481998443604
368.8974721431732
369.6722242832184
370.4164288043976
371.14379501342773
371.92905163764954
372.6898703575134
374.00498032569885
374.8219578266144
375.5617790222168
376.3689298629761
377.15809774398804
377.9467520713806
378.74170112609863
379.49645829200745
380.2440423965454
381.0183844566345
382.3509855270386
383.1551077365875
383.93485379219055
384.67513632774353
385.3885841369629
386.11148834228516
386.8558313846588
387.6070411205292
388.3558340072632
389.13231563568115
390.5224368572235
391.2452974319458
391.96400332450867
392.6934850215912
393.4600143432617
394.21829533576965
394.979834318161
395.7526252269745
396.4924545288086
397.2478868961334
398.5505623817444
399.2655634880066
400.02882862091064
400.79045391082764
401.5085458755493
402.2628815174103
403.029128074646
403.8083109855652
404.6473968029022
405.4388861656189
406.8011133670807
407.718985080719
408.5323393344879
409.4317729473114
410.1733329296112
411.0400903224945
411.795978307724
412.56525444984436
413.32038736343384
414.14796137809753
415.46865463256836
416.2469012737274
416.9579563140869
417.788747549057
418.5381906032562
419.32149147987366
420.0709092617035
420.82196831703186
421.55356550216675
422.36702156066895
423.75914096832275
424.49846053123474
425.20751881599426
425.965793132782
426.70748567581177
427.46026587486267
428.2325186729431
428.98888540267944
429.73421692848206
430.4820864200592
431.7897205352783
432.55312490463257
433.3347339630127
434.08414340019226
434.82673358917236
435.54577445983887
436.3380446434021
437.09542441368103
437.89309787750244
438.6699242591858
439.9870676994324
440.7450258731842
441.55278873443604
442.3050847053528
443.09408926963806
443.83622312545776
444.5898790359497
445.3671956062317
446.12000727653503
446.85063314437866
448.1754205226898
448.92101764678955
449.6298677921295
450.37793612480164
451.14384746551514
451.92193698883057
452.6689431667328
453.4172143936157
454.1410439014435
454.8655824661255
456.19022703170776
456.9474153518677
457.6887502670288
458.50049781799316
459.2243494987488
460.02243995666504
460.79504776000977
461.6458945274353
462.37127900123596
463.20309615135193
464.56911301612854
465.30882263183594
466.0443890094757
466.7907681465149
467.58360838890076
468.33654832839966
469.09684777259827
469.84117007255554
470.6892902851105
471.4070007801056
472.71276116371155
473.4379563331604
474.1579842567444
474.934627532959
475.71855878829956
476.5127053260803
477.27193212509155
478.0183193683624
478.7330906391144
479.4564878940582
480.77645921707153
481.5211181640625
482.2388508319855
483.04266476631165
483.81471586227417
484.6393814086914
485.4461920261383
486.22928380966187
486.97143936157227
487.6985373497009
489.06314849853516
489.86102294921875
490.58518242836
491.3724572658539
492.14709305763245
492.8745913505554
493.6354100704193
494.4054534435272
495.21321392059326
495.96267342567444
497.2770836353302
498.0678963661194
498.7959568500519
499.554780960083
500.3750786781311
501.1223111152649
501.84912943840027
502.6451554298401
503.39408135414124
504.16718220710754
505.4577565193176
506.2553632259369
507.0410499572754
507.7825448513031
508.56895756721497
509.3069291114807
510.0774004459381
510.8845672607422
511.6983926296234
512.499516248703
513.8489890098572
514.6314671039581
515.3882958889008
516.1285471916199
516.9120695590973
517.7305731773376
518.4788930416107
519.2692685127258
520.0982933044434
520.8698992729187
522.3276534080505
523.1393749713898
523.9568178653717
524.7509789466858
525.5280301570892
526.2564353942871
526.9868485927582
527.7544586658478
528.511372089386
529.264639377594
530.6050546169281
531.3753850460052
532.0988936424255
532.8431370258331
533.6120903491974
534.345401763916
535.1317391395569
535.9417254924774
536.8075518608093
537.591715335846
538.9174797534943
539.6998951435089
540.4830982685089
541.2353005409241
541.9715321063995
542.7030458450317
543.4295787811279
544.2555348873138
544.9973089694977
545.7274219989777
547.0275368690491
547.7922956943512
548.5537352561951
549.3073217868805
550.0288367271423
550.7717177867889
551.5627117156982
552.3437922000885
553.1674537658691
553.9058306217194
555.2341179847717
555.9482855796814
556.7147297859192
557.4596087932587
558.2254316806793
558.970109462738
559.7011320590973
560.4727818965912
561.1926877498627
561.9399814605713
563.2354092597961
563.9677977561951
564.7300152778625
565.585764169693
566.4751875400543
567.224123954773
567.9523804187775
568.7287328243256
569.5344541072845
570.3131220340729
571.6274554729462
572.3919787406921
573.1806244850159
573.9226896762848
574.7292709350586
575.533219575882
576.2885625362396
577.0689167976379
577.8289909362793
578.5413558483124
579.8943393230438
580.6572935581207
581.4550783634186
582.2782244682312
583.0263776779175
583.791323184967
584.5089480876923
585.2452163696289
586.0331101417542
586.8526878356934
588.2258086204529
589.0031723976135
589.7299449443817
590.5021803379059
591.2235572338104
591.9642686843872
592.6941330432892
593.455828666687
594.2367718219757
594.9626986980438
596.2782099246979
597.0654420852661
597.8016293048859
598.652580499649
599.4754817485809
600.2780156135559
601.1194956302643
601.9690470695496
602.727950334549
603.5210721492767
604.8304302692413
605.5900452136993
606.3321406841278
607.1079893112183
607.8784589767456
608.6038377285004
609.3587396144867
610.1337299346924
610.8650267124176
611.584794998169
612.885669708252
613.6307871341705
614.4324567317963
615.1710815429688
615.9334909915924
616.680771112442
617.4258615970612
618.2013223171234
618.9762711524963
619.7395548820496
621.1152958869934
621.9145941734314
622.6582012176514
623.4203732013702
624.232800245285
624.997745513916
625.7356264591217
626.5101716518402
627.2396063804626
628.0283527374268
629.4047591686249
630.1595385074615
630.8769156932831
631.6192994117737
632.3383808135986
633.1602108478546
633.9902374744415
634.739084482193
635.4917750358582
636.3134341239929
637.7493245601654
638.5026640892029
639.2430481910706
639.9868772029877
640.7358293533325
641.5407967567444
642.2848656177521
643.0973806381226
643.8263211250305
644.6175045967102
645.9803736209869
646.7805635929108
647.6082484722137
648.3197321891785
649.0865263938904
649.8687081336975
650.6491284370422
651.426376581192
652.1607601642609
652.9170434474945
654.2568416595459
655.0875418186188
655.8190484046936
656.5934164524078
657.325742483139
658.04865026474
658.8155741691589
659.5730512142181
660.3021786212921
661.0506777763367
662.3572680950165
663.0672328472137
663.8106155395508
664.590350151062
665.3648829460144
666.1448309421539
666.9215521812439
667.7450876235962
668.5194160938263
669.2603762149811
670.67338514328
671.4611282348633
672.200747013092
672.9912815093994
673.8016550540924
674.5571384429932
675.3029117584229
676.1066007614136
676.8320405483246
677.630989074707
678.9906225204468
679.7549483776093
680.5316457748413
681.2576019763947
682.0310356616974
682.789808511734
683.5955221652985
684.3109045028687
685.0719599723816
685.8098912239075
686.4324414730072
686.488338470459
686.5408098697662
686.5636670589447
686.5851225852966
686.6080639362335
686.6295177936554
686.6514608860016
686.673436164856
686.6948359012604
687.2244560718536
687.2444317340851
687.2658934593201
687.2853507995605
687.3053007125854
687.3257539272308
687.3467020988464
687.3671600818634
687.3866186141968
687.4075651168823
687.9392657279968
687.9597978591919
687.9802958965302
687.9998004436493
688.0202288627625
688.0402467250824
688.0599536895752
688.0804798603058
688.1014361381531
688.1209800243378
688.6602759361267
688.6802313327789
688.7002041339874
688.720308303833
688.7403013706207
688.7607932090759
688.7812790870667
688.8011586666107
688.8206884860992
688.8406434059143
689.3748610019684
689.39581990242
689.4163451194763
689.4368228912354
689.4565608501434
689.4770128726959
689.4979596138
689.51802110672
689.5379686355591
689.5584208965302
690.1188316345215
690.1388108730316
690.1602435112
690.1802005767822
690.2001605033875
690.2206017971039
690.2405846118927
690.2620267868042
690.2825486660004
690.3025379180908
690.923130273819
690.944041967392
690.9640367031097
690.9840888977051
691.0040369033813
691.0244934558868
691.0444483757019
691.063924074173
691.084986448288
691.1049625873566
691.6418833732605
691.6623618602753
691.6824586391449
691.7024323940277
691.7219502925873
691.7429375648499
691.7633895874023
691.782872915268
691.8028619289398
691.8223674297333
692.3708527088165
692.3908407688141
692.4109606742859
692.431431055069
692.4514207839966
692.4713759422302
692.4918386936188
692.5123100280762
692.5322711467743
692.551732301712
693.0844790935516
693.1050617694855
693.1250092983246
693.1454961299896
693.1655130386353
693.1855902671814
693.2071125507355
693.2270576953888
693.2476263046265
693.2675840854645
