5.9706292152404785
11.469202041625977
7.935521602630615
5.290162563323975
7.1457438468933105
7.631372451782227
6.86130428314209
5.852695465087891
5.994309425354004
6.087766170501709
6.737371444702148
6.152015209197998
5.331986904144287
5.380293369293213
5.368605613708496
4.9888763427734375
5.070375442504883
5.228487491607666
5.055748462677002
4.993129730224609
4.895771026611328
5.141083717346191
5.0111846923828125
4.723997116088867
4.70223331451416
5.177277565002441
4.934920310974121
4.663047790527344
4.867378234863281
4.736485004425049
4.783407211303711
4.637468338012695
4.3951568603515625
4.397016525268555
4.434010028839111
4.731032371520996
4.947592735290527
4.722929000854492
4.716046333312988
4.576038837432861
4.656676292419434
4.871669292449951
4.902106285095215
4.684506416320801
4.706063270568848
4.4417805671691895
4.7098708152771
4.948948383331299
4.750074863433838
4.589433670043945
4.539312839508057
4.428895950317383
4.622421741485596
4.616514205932617
4.518413543701172
4.679464817047119
4.706318378448486
4.249176025390625
4.612320899963379
5.009035587310791
4.810976982116699
4.388820648193359
4.499372959136963
4.490249156951904
4.609638214111328
4.870072364807129
4.797718048095703
4.9827470779418945
4.7245073318481445
4.475971221923828
4.93635892868042
5.097575664520264
4.947261810302734
4.594264030456543
4.476981163024902
4.3867621421813965
4.29231595993042
4.40115213394165
4.437312602996826
4.349922180175781
4.180961608886719
4.391925811767578
4.56490421295166
4.754483222961426
5.00173282623291
4.764503002166748
4.380782604217529
4.528660774230957
4.793601989746094
4.856382369995117
4.844695091247559
4.447257995605469
4.2896199226379395
4.555129051208496
4.641275405883789
5.112741470336914
4.868477821350098
4.330928802490234
4.49724006652832
5.127399921417236
5.2194623947143555
4.6830644607543945
4.572381973266602
4.540064811706543
4.648756504058838
4.445996284484863
4.134751319885254
4.439137935638428
4.721626281738281
4.656483173370361
4.394311904907227
4.649421691894531
4.538366317749023
4.505817413330078
4.5880537033081055
4.703171253204346
4.286379337310791
4.206231117248535
4.581500053405762
4.789628028869629
4.870990753173828
4.552433967590332
4.152829170227051
4.241082191467285
4.34690523147583
4.5858378410339355
4.686928749084473
4.665298938751221
4.302239894866943
4.470651149749756
4.584815979003906
4.628130912780762
4.685824871063232
4.386776924133301
4.634360313415527
4.587674617767334
4.670888900756836
4.586582183837891
4.463441371917725
4.557019233703613
4.368058681488037
4.378347873687744
4.295941352844238
4.453394889831543
4.465029239654541
4.251184463500977
4.24277400970459
4.231754302978516
4.598474502563477
4.581723213195801
9.763001441955566
14.818041801452637
7.987604141235352
12.021339416503906
12.535489082336426
7.369917869567871
9.017607688903809
7.845193862915039
6.649991989135742
7.2918524742126465
7.658714771270752
7.987879276275635
7.371915817260742
7.240472316741943
7.944363117218018
7.4484639167785645
8.171725273132324
6.67777156829834
7.004916191101074
7.310702323913574
6.507282257080078
6.961974620819092
6.933713436126709
6.846083164215088
6.7120747566223145
6.4460625648498535
6.256343841552734
6.398078441619873
6.442342758178711
6.509072303771973
6.172635078430176
6.374377250671387
6.131525993347168
6.301435470581055
6.136165618896484
6.1033101081848145
6.168183326721191
6.021938323974609
6.198400497436523
6.044106960296631
6.176783561706543
6.004302024841309
6.157169818878174
5.9500932693481445
6.212292194366455
5.989821434020996
6.112424373626709
6.034235000610352
6.093212127685547
5.963099002838135
6.17732048034668
5.8961310386657715
6.228054523468018
5.944399833679199
6.023042678833008
6.003519535064697
6.006886005401611
5.9244384765625
6.020406723022461
5.932013988494873
5.954654216766357
6.001996994018555
5.863312244415283
5.997236251831055
5.89852237701416
5.878588676452637
5.966878890991211
5.913120746612549
5.8658447265625
5.889364719390869
5.881602764129639
5.879345417022705
5.902163982391357
5.863156318664551
5.841090679168701
5.867242336273193
5.874073505401611
5.868866443634033
5.868208885192871
5.845765113830566
5.829295635223389
5.852564811706543
5.874463081359863
5.851597309112549
5.861172199249268
5.845622539520264
5.856127738952637
5.86141300201416
5.855764865875244
5.8391432762146
5.823430061340332
5.856175899505615
5.862613677978516
5.837273597717285
5.823801040649414
5.824260234832764
5.850496292114258
5.839273929595947
5.8226518630981445
5.809031963348389
5.830409526824951
5.835086822509766
5.829808235168457
5.804886341094971
5.805049419403076
5.815925121307373
5.81866455078125
5.803428649902344
5.809786796569824
5.806634902954102
5.78846549987793
5.806643009185791
5.817926406860352
5.8157453536987305
5.796702861785889
5.803973197937012
5.8107404708862305
5.809875011444092
5.813411235809326
5.817145824432373
5.800469875335693
5.808835983276367
5.820562839508057
5.806669235229492
5.787398338317871
5.806936740875244
5.812105178833008
5.792652130126953
5.814227104187012
5.8151535987854
5.811717510223389
5.817287445068359
5.807192325592041
5.813297748565674
5.816810131072998
5.798062324523926
5.789691925048828
5.813840866088867
5.833950996398926
5.8109540939331055
5.794219017028809
5.811250686645508
5.817856788635254
5.804837226867676
5.81313943862915
5.820704936981201
5.8144354820251465
5.797657489776611
5.808131217956543
5.808126926422119
28.363801956176758
23.668073654174805
19.373058319091797
16.00897979736328
13.311579704284668
11.187540054321289
10.1029634475708
9.772375106811523
9.910574913024902
10.35831069946289
10.886595726013184
11.149991989135742
11.122393608093262
10.847023010253906
10.369462966918945
9.829113006591797
9.193243980407715
8.466421127319336
7.75999116897583
7.251590728759766
7.312257289886475
7.666684150695801
7.868648529052734
7.763402938842773
7.397931098937988
6.901249408721924
6.453953266143799
6.525041103363037
6.803868770599365
7.011857986450195
6.9869914054870605
6.718155860900879
6.350898265838623
6.182010173797607
6.314142227172852
6.464151382446289
6.415038108825684
6.168384075164795
5.989317417144775
6.045632839202881
6.1554789543151855
6.181088924407959
6.078018665313721
5.938198566436768
5.914978981018066
5.9773101806640625
5.982338905334473
5.910794734954834
5.847527980804443
5.873837947845459
24.490642547607422
20.461002349853516
16.914173126220703
14.315683364868164
12.27727222442627
10.5165376663208
9.536530494689941
9.29723834991455
9.554658889770508
10.000641822814941
10.277661323547363
10.282033920288086
10.122947692871094
9.820258140563965
9.344236373901367
8.723533630371094
8.061952590942383
7.550985336303711
7.348519802093506
7.502072811126709
7.755634307861328
7.847522258758545
7.649226188659668
7.2837815284729
6.912552356719971
6.703720569610596
6.805144786834717
7.002790451049805
7.0660295486450195
6.949284076690674
6.704831600189209
6.47620153427124
6.398981094360352
6.468573570251465
6.561171054840088
6.5710320472717285
6.448938369750977
6.258372783660889
6.204893589019775
6.248353004455566
6.277162551879883
6.254726886749268
6.1731181144714355
6.120035648345947
6.129871368408203
6.137845039367676
6.116703033447266
6.044343948364258
6.023311614990234
6.049178600311279
6.059775352478027
6.045389175415039
6.02578067779541
6.001294136047363
5.977529525756836
5.9623541831970215
5.955469131469727
5.959860324859619
5.965884208679199
5.969549179077148
5.9654388427734375
5.95864200592041
5.952638149261475
5.944980621337891
5.94254207611084
5.9431939125061035
5.943248748779297
5.942880153656006
5.940980911254883
5.936842918395996
5.932958126068115
5.928581714630127
5.925841331481934
5.923826694488525
5.92423152923584
5.922911643981934
5.919341087341309
5.915423393249512
5.914628982543945
5.91488790512085
5.914011001586914
5.914727210998535
5.912896633148193
5.913419246673584
5.911883354187012
5.907905578613281
5.905216217041016
5.900692462921143
5.898744583129883
5.898464679718018
5.897056579589844
5.901148796081543
5.900742530822754
5.900300025939941
5.8977370262146
5.898050785064697
5.8975725173950195
5.894699573516846
5.893049240112305
5.891345500946045
5.891817569732666
5.891417026519775
5.891521453857422
5.889761924743652
5.889859199523926
5.889332294464111
5.8856520652771
5.883209705352783
5.886317253112793
5.885005950927734
5.884969711303711
5.88409948348999
5.883634090423584
5.882937431335449
5.881642818450928
5.879598140716553
5.8756327629089355
5.871727466583252
5.869876861572266
5.866957187652588
5.865990161895752
5.867954730987549
5.866360187530518
5.861767768859863
5.858327388763428
5.857011795043945
5.856608867645264
5.856211185455322
5.854421138763428
5.8530592918396
5.856628894805908
5.855928421020508
5.857850551605225
5.856541156768799
5.855189800262451
5.852352142333984
5.850421905517578
5.847116470336914
5.848081588745117
5.843171119689941
5.839607238769531
5.838233947753906
5.838274002075195
5.838734149932861
5.838151454925537
5.837787628173828
5.837331771850586
5.8369951248168945
5.83676290512085
5.834708213806152
5.834436416625977
5.835755348205566
5.835803031921387
5.836272239685059
5.835745811462402
5.837131500244141
5.836664199829102
5.839445114135742
5.8377838134765625
5.837429046630859
5.833909511566162
5.831179141998291
5.829568862915039
5.827017784118652
5.823845386505127
5.821088790893555
5.822781085968018
5.820859909057617
5.8192243576049805
5.819631099700928
5.8203558921813965
5.819674968719482
5.818119049072266
5.814969539642334
5.814481735229492
5.81477689743042
5.815237998962402
5.815495014190674
5.813696384429932
5.814332008361816
5.814423561096191
5.815124034881592
5.814687728881836
5.811326026916504
5.80903434753418
5.806379795074463
5.806635856628418
5.8053131103515625
5.805830955505371
5.805294036865234
5.805189609527588
5.805181980133057
5.804604530334473
5.805625915527344
5.804213523864746
5.801260948181152
5.800514221191406
5.799650192260742
5.800100326538086
5.7997660636901855
5.801456928253174
5.801056861877441
5.800854206085205
5.801666259765625
5.801174163818359
5.8011860847473145
5.800983905792236
5.801852226257324
5.800990581512451
5.79838752746582
5.798251152038574
5.796159744262695
5.795154094696045
5.795258522033691
5.795300006866455
5.794116020202637
5.793164253234863
5.7938032150268555
5.795666694641113
5.794737815856934
5.794192790985107
5.792691230773926
5.792441368103027
5.7939934730529785
5.793916702270508
5.796280860900879
5.796553611755371
5.797311782836914
5.797761917114258
5.79440450668335
5.793313980102539
5.792598724365234
5.791779518127441
5.790955543518066
5.789992809295654
5.790684700012207
5.790388584136963
5.790667533874512
5.7903666496276855
5.789531707763672
5.7909111976623535
5.790782928466797
5.789985179901123
5.788115501403809
5.787664890289307
5.789313316345215
5.790100574493408
5.791867256164551
5.791828632354736
5.792590141296387
