12.908527374267578
12.367263793945312
11.825996398925781
11.284732818603516
10.7434663772583
10.202201843261719
9.660935401916504
9.119668960571289
8.578404426574707
8.037140846252441
7.495874404907227
6.9546074867248535
6.41334342956543
6.371536731719971
6.248950958251953
5.82418155670166
5.17645788192749
4.913276672363281
4.766237735748291
4.573617935180664
4.34130859375
4.074306964874268
4.088972568511963
3.975111246109009
3.5674824714660645
3.3634557723999023
3.6885693073272705
3.872790813446045
3.9282844066619873
3.968524932861328
3.9480388164520264
3.8734123706817627
3.750458240509033
3.5843446254730225
3.75278902053833
3.773207902908325
3.539548873901367
3.193382978439331
3.3661141395568848
3.43017578125
3.24399471282959
3.398573398590088
3.5670266151428223
3.6077425479888916
3.5481185913085938
3.4828438758850098
3.369596481323242
3.4712836742401123
3.50046443939209
3.2988622188568115
3.204946279525757
3.3402891159057617
3.2392561435699463
3.1848742961883545
3.3952488899230957
3.3782527446746826
3.1794323921203613
3.2164931297302246
3.2365918159484863
3.0588150024414062
3.089623212814331
3.0703768730163574
3.1134815216064453
3.134526252746582
3.174419641494751
3.1772329807281494
3.1255855560302734
3.1635701656341553
3.1112477779388428
3.246903419494629
3.1905055046081543
3.2103254795074463
3.356051445007324
3.307941436767578
3.1152219772338867
3.330066680908203
3.3737003803253174
3.2033443450927734
3.2573089599609375
3.3726096153259277
3.2690539360046387
3.305266857147217
3.3491194248199463
3.4859955310821533
3.40537428855896
3.1523749828338623
3.278000593185425
3.3463449478149414
3.2169506549835205
3.184990644454956
3.301182270050049
3.2931387424468994
3.117330312728882
3.1563429832458496
3.078366756439209
3.090769052505493
3.0912160873413086
3.1816303730010986
3.131565570831299
3.217580795288086
3.2376976013183594
3.2192184925079346
3.1831562519073486
3.170469284057617
3.1536340713500977
3.133073329925537
3.109157085418701
3.1256065368652344
3.1448915004730225
3.141789197921753
3.118655204772949
3.077615737915039
3.0792088508605957
3.110161304473877
3.1177611351013184
3.104466199874878
3.0753164291381836
3.0829577445983887
3.0844271183013916
3.0803382396698
3.0779168605804443
3.0599594116210938
3.07614803314209
3.088653087615967
3.0798287391662598
3.07246732711792
3.0785293579101562
3.0859975814819336
3.0727221965789795
3.0786499977111816
3.082266330718994
3.0832722187042236
3.0715556144714355
3.0592010021209717
3.0838310718536377
3.0870108604431152
3.069967031478882
3.067061424255371
3.102152109146118
3.115636110305786
3.1078920364379883
3.0811235904693604
3.084228992462158
3.0965805053710938
3.1074419021606445
3.097452163696289
3.0770883560180664
3.0629053115844727
3.09591007232666
3.106372117996216
33.3898811340332
32.865333557128906
32.162010192871094
31.332996368408203
30.42334747314453
29.449499130249023
28.43169403076172
27.380813598632812
26.305431365966797
25.216032028198242
24.113914489746094
22.999902725219727
21.880844116210938
20.763748168945312
19.648710250854492
18.533750534057617
17.4742374420166
16.50300407409668
15.575973510742188
14.679986000061035
13.905961990356445
13.244105339050293
12.665504455566406
12.161678314208984
11.71367073059082
11.305183410644531
10.914112091064453
10.529430389404297
10.160238265991211
9.788875579833984
9.412739753723145
9.033824920654297
8.641034126281738
8.234304428100586
7.838762283325195
7.502286911010742
7.218207359313965
6.95454216003418
6.709200859069824
6.484315395355225
6.275768280029297
6.068734169006348
5.849556922912598
5.618988037109375
5.38270902633667
5.159758567810059
4.982337951660156
4.8617706298828125
4.7763848304748535
4.706647872924805
4.628963470458984
4.536488056182861
4.425197124481201
4.298583984375
4.175508975982666
4.085878849029541
4.028206825256348
3.9892799854278564
3.9668102264404297
3.9422411918640137
3.9053139686584473
3.863687038421631
3.8304309844970703
3.8128299713134766
3.8031187057495117
3.7903122901916504
3.7688190937042236
3.740694522857666
3.7074992656707764
3.677603244781494
3.6601200103759766
3.653010368347168
3.6501662731170654
3.646516799926758
3.64019775390625
3.631575345993042
3.6221325397491455
3.61317777633667
3.60628604888916
3.5986475944519043
3.587482213973999
3.576676845550537
3.566676378250122
3.559360980987549
3.553499221801758
3.554168939590454
3.5562965869903564
3.5553653240203857
3.553149938583374
3.551723003387451
3.549962043762207
3.5457923412323
3.543532133102417
3.5417237281799316
3.5394084453582764
3.535918951034546
3.533129930496216
3.5348689556121826
3.5347371101379395
3.532562255859375
3.5323214530944824
3.53347110748291
3.5321834087371826
3.532711982727051
3.53289794921875
3.533043384552002
3.531630516052246
3.5290584564208984
3.5294978618621826
3.529428243637085
3.5272626876831055
3.5262069702148438
3.529611349105835
3.530456304550171
3.5289511680603027
3.5262551307678223
3.5266919136047363
3.5265262126922607
3.5269298553466797
3.5252022743225098
3.524991273880005
3.525853157043457
3.5248780250549316
3.524291753768921
3.5247366428375244
3.524275541305542
3.5226497650146484
3.5238661766052246
3.5229239463806152
3.5238406658172607
3.5252208709716797
3.5247609615325928
3.5239310264587402
3.523310422897339
3.5235772132873535
3.5228075981140137
3.522477626800537
3.5221431255340576
3.5213623046875
3.5220885276794434
3.521456480026245
3.5223677158355713
3.5217885971069336
3.521637201309204
3.521742820739746
3.5207724571228027
3.5218043327331543
3.520646333694458
3.522414207458496
3.5229568481445312
3.521273612976074
3.52087140083313
3.520296335220337
3.51982045173645
3.5203471183776855
3.520700454711914
3.5208017826080322
3.520681858062744
3.520358085632324
3.5198636054992676
3.5194759368896484
3.519787073135376
3.519848585128784
3.519688606262207
3.5193467140197754
3.5193521976470947
3.5193474292755127
3.5192418098449707
3.5191330909729004
3.5191292762756348
3.519010543823242
3.5189576148986816
3.5189061164855957
3.5190188884735107
3.51894474029541
3.5188679695129395
3.518834114074707
3.5187630653381348
3.518833875656128
3.5187408924102783
3.5187134742736816
3.5187036991119385
3.518576145172119
3.5185885429382324
3.5184431076049805
3.5185470581054688
3.5184972286224365
3.518444776535034
3.518444061279297
3.5183377265930176
3.518373489379883
3.51837158203125
3.5181961059570312
3.518277406692505
3.518228530883789
3.5180881023406982
3.5180768966674805
3.5180587768554688
3.5180020332336426
3.518012523651123
3.517889976501465
3.5178794860839844
3.517838954925537
3.517874240875244
3.517810821533203
3.5177836418151855
3.5177502632141113
3.5176820755004883
3.517695426940918
3.51755428314209
3.517519474029541
3.517570972442627
3.517467975616455
3.517587184906006
3.517582416534424
3.5173723697662354
3.517571449279785
3.517645835876465
3.517521858215332
3.5173134803771973
3.5173826217651367
3.5174224376678467
3.517251968383789
3.517165184020996
3.517224073410034
3.5170741081237793
3.5171189308166504
3.517155170440674
3.5169856548309326
3.5170178413391113
3.5170767307281494
3.5169296264648438
3.516845703125
3.51688289642334
3.516724109649658
3.516678810119629
3.5165975093841553
3.516735792160034
3.516677141189575
3.516627073287964
3.5166492462158203
3.5165891647338867
3.5164690017700195
3.516537666320801
3.5164246559143066
3.5164315700531006
3.5164523124694824
3.516421318054199
3.5163395404815674
3.5162084102630615
3.5162811279296875
3.51627516746521
3.5162758827209473
3.5162651538848877
3.516221284866333
3.5162017345428467
3.5161876678466797
3.5161561965942383
3.5162432193756104
3.516242742538452
3.51619815826416
3.516336679458618
3.5163378715515137
3.5161752700805664
3.5161688327789307
3.516165256500244
3.516125440597534
3.5161898136138916
3.5161280632019043
3.516230344772339
3.5161845684051514
3.516141891479492
3.5161495208740234
3.5161378383636475
3.5162267684936523
3.5161337852478027
3.516205310821533
3.5162580013275146
3.5161001682281494
3.516272783279419
3.5163729190826416
3.516266107559204
3.516047477722168
3.51635479927063
3.516437292098999
3.5163137912750244
3.516054630279541
3.516329288482666
3.516420602798462
3.516327381134033
3.516037940979004
3.5163068771362305
3.516451597213745
3.5163824558258057
3.5161192417144775
3.5162408351898193
3.516415596008301
3.516388416290283
3.516179084777832
3.516110420227051
3.516261577606201
3.5161945819854736
3.51608943939209
3.5161070823669434
3.5161983966827393
3.5160937309265137
3.5160651206970215
3.516124963760376
3.5160539150238037
3.516051769256592
3.5160176753997803
3.5160410404205322
3.516042470932007
3.5159778594970703
3.515958309173584
3.5160646438598633
3.516054153442383
3.5159409046173096
3.5159363746643066
3.515913486480713
3.515995979309082
3.5159237384796143
3.516096830368042
3.516129970550537
3.515963554382324
3.5161266326904297
3.5162365436553955
3.516143798828125
3.51591157913208
3.5160415172576904
3.5160090923309326
3.515941619873047
3.516049861907959
3.5159780979156494
3.5159542560577393
3.5159807205200195
3.515913486480713
3.515944242477417
3.5158472061157227
3.5159690380096436
3.515951633453369
3.5159225463867188
3.516000747680664
3.515944719314575
3.515916585922241
3.515934944152832
3.515862464904785
3.5159480571746826
3.5158486366271973
3.516019344329834
145.67347717285156
139.87205505371094
134.0965118408203
128.74981689453125
123.43658447265625
118.15042114257812
112.78050231933594
107.3700942993164
102.09849548339844
96.9381103515625
92.42784881591797
87.84168243408203
83.13245391845703
78.60318756103516
75.86366271972656
73.04241943359375
70.26181030273438
67.292724609375
64.60166931152344
61.829612731933594
58.79279327392578
55.82481384277344
52.748531341552734
49.9489631652832
47.241539001464844
44.95423889160156
43.10366439819336
41.21744918823242
39.1786994934082
36.924415588378906
34.77831268310547
33.022544860839844
31.32720947265625
29.970611572265625
28.665679931640625
27.256786346435547
25.503265380859375
23.241199493408203
21.268085479736328
19.637401580810547
18.224090576171875
16.707971572875977
15.353120803833008
14.706048965454102
14.280116081237793
13.640374183654785
12.621282577514648
11.307867050170898
10.26595687866211
9.553126335144043
8.999358177185059
8.265609741210938
7.451147079467773
6.670985698699951
5.970417022705078
5.262179374694824
5.454801559448242
5.710954189300537
5.652673244476318
5.694182872772217
5.7072834968566895
5.768869400024414
5.914831638336182
5.918241500854492
5.79197883605957
5.585593223571777
5.115786552429199
4.589357376098633
4.370632171630859
4.362582683563232
4.238529682159424
4.190779685974121
4.3118672370910645
4.303443908691406
4.187424182891846
3.9249372482299805
3.56177020072937
3.3957414627075195
3.5570569038391113
3.6606271266937256
3.547682285308838
3.359468460083008
3.459465503692627
3.5909671783447266
3.58516788482666
3.5545520782470703
3.397852897644043
3.1129400730133057
3.12882399559021
3.3399994373321533
3.469318151473999
3.256626844406128
3.053044319152832
3.1625847816467285
3.1971890926361084
3.250978469848633
3.183809995651245
3.0893306732177734
3.0967812538146973
3.1322708129882812
3.245410919189453
3.1489081382751465
3.0378050804138184
3.062145709991455
3.0923023223876953
3.327965497970581
3.327395439147949
3.2459795475006104
3.06148099899292
3.05192494392395
3.1151885986328125
3.1622798442840576
3.1570751667022705
3.167560338973999
3.0059704780578613
2.898221492767334
3.026869773864746
2.962024688720703
3.0825271606445312
2.967529296875
2.9146435260772705
3.115950345993042
3.0965301990509033
3.0467605590820312
3.013512372970581
3.0139522552490234
2.9550981521606445
2.8913040161132812
3.1045196056365967
3.165695905685425
2.958986759185791
3.011329412460327
3.0185110569000244
3.046180486679077
2.8912887573242188
2.9401135444641113
3.0308878421783447
2.9979934692382812
2.9706926345825195
2.8489341735839844
2.9172630310058594
3.030405282974243
3.026529550552368
2.9524803161621094
2.847057819366455
2.913699150085449
2.8626203536987305
2.7618067264556885
2.873185873031616
3.0642318725585938
31.444246292114258
31.363616943359375
31.256017684936523
31.147294998168945
31.04596519470215
30.952482223510742
30.856285095214844
30.74869155883789
30.661176681518555
30.541976928710938
30.44704818725586
30.351394653320312
30.267297744750977
30.193626403808594
30.13636016845703
30.10359001159668
30.079214096069336
30.058284759521484
30.047657012939453
30.044126510620117
30.03520965576172
30.03510856628418
30.03963851928711
30.033935546875
30.035505294799805
30.045928955078125
30.056203842163086
30.060850143432617
30.05732536315918
30.05248260498047
30.041841506958008
30.037052154541016
30.021106719970703
30.00957679748535
29.998577117919922
29.977819442749023
29.968196868896484
29.94761085510254
29.928556442260742
29.915721893310547
29.89494514465332
29.86661720275879
29.840852737426758
29.814950942993164
29.789608001708984
29.76814079284668
29.761470794677734
29.76113510131836
29.7645320892334
29.766529083251953
29.775548934936523
29.783851623535156
29.788387298583984
29.792993545532227
29.79633331298828
29.797344207763672
29.802810668945312
29.80404281616211
29.805871963500977
29.805007934570312
29.80394744873047
29.80263328552246
29.800024032592773
29.795677185058594
29.787649154663086
29.784948348999023
29.780353546142578
29.775705337524414
29.770606994628906
29.762744903564453
29.762859344482422
29.759077072143555
29.755050659179688
29.74884605407715
29.749414443969727
29.744911193847656
29.743783950805664
29.742904663085938
29.740633010864258
29.737051010131836
29.739421844482422
29.73941421508789
29.740575790405273
29.74209976196289
29.741546630859375
29.741830825805664
29.739572525024414
29.736000061035156
29.73368263244629
29.731952667236328
29.733749389648438
29.73363494873047
29.734264373779297
29.73269271850586
29.73468589782715
29.7329158782959
29.73438835144043
29.73538589477539
29.73551368713379
29.738977432250977
29.740100860595703
29.740175247192383
29.74114227294922
29.74177360534668
29.74125099182129
29.742212295532227
29.740009307861328
29.739803314208984
29.737003326416016
29.73680877685547
29.736812591552734
29.736047744750977
29.73597526550293
29.73603057861328
29.735881805419922
29.73541831970215
29.73473358154297
29.734573364257812
29.732555389404297
29.732112884521484
29.73073387145996
29.729801177978516
29.728073120117188
29.726408004760742
29.727989196777344
29.727577209472656
29.72637367248535
29.723594665527344
29.723814010620117
29.72333526611328
29.722400665283203
29.72182273864746
29.720855712890625
29.720726013183594
29.72060203552246
29.72064781188965
29.720224380493164
29.720626831054688
29.720670700073242
29.719329833984375
29.71845245361328
29.718252182006836
29.71809196472168
29.717432022094727
29.716812133789062
29.71638298034668
29.715776443481445
29.71600914001465
29.715665817260742
29.715450286865234
29.715585708618164
28.791921615600586
27.904951095581055
27.009197235107422
26.114118576049805
25.21883201599121
24.329082489013672
23.449907302856445
22.594013214111328
21.747251510620117
20.911407470703125
20.109323501586914
19.349727630615234
18.642120361328125
17.978485107421875
17.364866256713867
16.784456253051758
16.2288818359375
15.711788177490234
15.223437309265137
14.758771896362305
14.262235641479492
13.741537094116211
13.18602466583252
12.593496322631836
11.959287643432617
11.30744743347168
10.64637565612793
9.975438117980957
9.321321487426758
8.856135368347168
8.61127758026123
8.414997100830078
8.241117477416992
8.105246543884277
8.038497924804688
8.086209297180176
8.119416236877441
8.134590148925781
8.134926795959473
8.120927810668945
8.081302642822266
8.021783828735352
7.958756923675537
7.866540908813477
7.7555623054504395
7.618410587310791
7.468360900878906
7.303655624389648
7.129133224487305
6.946270942687988
6.785577297210693
6.6881303787231445
6.66482400894165
6.653127670288086
6.629491806030273
6.5860209465026855
6.553011894226074
6.50658655166626
6.453307628631592
6.406545162200928
6.36299991607666
6.315893173217773
6.268237113952637
6.237739562988281
6.223299026489258
6.207124710083008
6.186755657196045
6.1542768478393555
6.129748344421387
6.098280429840088
6.073907852172852
6.045444011688232
6.024135589599609
6.0020647048950195
5.990377426147461
5.978076457977295
5.959237575531006
5.939733505249023
5.920456886291504
5.909938812255859
5.902532577514648
5.893835067749023
5.879779815673828
5.864230632781982
5.850878715515137
5.840309143066406
5.827657699584961
5.820217609405518
5.81128454208374
5.803961753845215
5.791122913360596
5.777685165405273
5.7699713706970215
5.763543128967285
5.75674295425415
5.74965238571167
5.7429633140563965
5.730791091918945
5.717281341552734
5.71018123626709
5.703074932098389
5.6937665939331055
5.682949066162109
5.671957969665527
5.66790771484375
5.665170192718506
5.66085958480835
5.653936386108398
5.649824142456055
5.644348621368408
5.638679504394531
5.63209342956543
5.6207356452941895
5.610846519470215
5.599008083343506
5.594698429107666
5.587215900421143
5.584574222564697
5.575136661529541
5.567845821380615
5.561854362487793
5.559435844421387
5.554726600646973
5.546417713165283
5.543228626251221
5.543254375457764
5.53739070892334
5.531649112701416
5.525344371795654
5.522979736328125
5.519651889801025
5.521305084228516
5.517009735107422
5.51423454284668
5.514091968536377
5.510557174682617
5.506924152374268
5.507901191711426
5.503507614135742
5.498173236846924
5.49830961227417
5.496916770935059
5.493750095367432
5.493051528930664
5.492575645446777
5.490949630737305
5.487790584564209
5.479886054992676
5.476654052734375
5.4775800704956055
5.476224422454834
5.470826625823975
5.47435998916626
5.472414970397949
5.469339370727539
5.469182968139648
5.470465660095215
5.470849514007568
5.472797870635986
5.468107223510742
5.471423149108887
5.473574161529541
5.469420909881592
5.468996047973633
5.464545249938965
5.463582992553711
5.462747573852539
5.46153450012207
5.464089393615723
5.466724872589111
5.463150978088379
5.459425449371338
5.4601054191589355
5.45604133605957
5.456381797790527
5.456818103790283
5.457202911376953
5.450865268707275
5.4523396492004395
5.450808048248291
5.44545841217041
5.442859649658203
5.444192886352539
5.442409515380859
5.443136692047119
5.442915439605713
5.445571422576904
5.442653656005859
5.445793628692627
5.4461469650268555
5.445472240447998
5.446515083312988
5.442479133605957
5.440275192260742
5.441631317138672
5.441511631011963
5.443321704864502
5.444064140319824
5.444958686828613
5.445803642272949
5.445505142211914
5.443338871002197
5.444340229034424
5.444270610809326
5.450552940368652
5.448887825012207
5.4492902755737305
5.448000907897949
5.448370456695557
5.448997497558594
5.4517502784729
5.452750205993652
5.451682090759277
5.455630779266357
5.456131458282471
5.454642295837402
5.455191135406494
5.455203533172607
5.4545769691467285
5.453673362731934
5.4516682624816895
5.450891494750977
5.450348377227783
5.448777198791504
5.450135707855225
5.451145648956299
5.4526047706604
5.451038360595703
5.449169635772705
5.451498985290527
5.449097633361816
5.447990417480469
5.451455116271973
5.451952934265137
5.453864097595215
5.452939033508301
5.4517364501953125
5.451079368591309
5.4515252113342285
5.45102596282959
5.451480865478516
5.451371669769287
5.449446201324463
5.450700283050537
5.448410987854004
5.446371078491211
5.446806907653809
5.44490909576416
5.4445624351501465
5.443649768829346
5.444377899169922
5.4449462890625
5.444399356842041
5.446013927459717
5.4466447830200195
5.445105075836182
5.444742202758789
5.445454120635986
5.444709777832031
5.4430389404296875
5.4419779777526855
5.441609859466553
5.441549301147461
5.443549633026123
5.449258327484131
5.447061538696289
5.448275566101074
5.444799423217773
5.443739414215088
5.443724632263184
5.442739009857178
5.440698623657227
5.438596725463867
5.438695907592773
5.439752101898193
5.440113544464111
5.441209316253662
5.440305233001709
5.440354347229004
5.43763542175293
5.435593128204346
5.439851760864258
5.440953254699707
5.440960884094238
5.441050052642822
5.441999435424805
5.443605422973633
5.443485260009766
5.441883087158203
5.444026947021484
5.4436445236206055
5.442784309387207
5.445352554321289
5.446250915527344
5.445068359375
5.444633960723877
5.438591957092285
5.438229084014893
5.438210964202881
5.437984466552734
5.439462184906006
5.441359519958496
5.443887710571289
5.442151069641113
5.436078071594238
5.434815406799316
5.433521747589111
5.431776523590088
5.431856155395508
5.432877063751221
5.437564373016357
5.436761379241943
5.435397148132324
5.434757232666016
5.435269832611084
5.4362311363220215
5.435642242431641
5.4357686042785645
5.438083171844482
5.437870502471924
5.436840057373047
5.435121536254883
5.435263156890869
5.43510627746582
5.434329986572266
5.434475898742676
5.434009075164795
5.429802417755127
5.42974853515625
5.429249286651611
5.432606220245361
5.431815147399902
5.430739402770996
5.431559085845947
5.430683612823486
5.428231716156006
5.426264762878418
5.426834583282471
5.4287872314453125
5.429553031921387
5.429297924041748
5.424843788146973
5.4300994873046875
5.430733680725098
5.428226947784424
5.429812908172607
5.430373191833496
5.430929183959961
5.429597854614258
5.429636478424072
5.429791450500488
5.431561470031738
5.429563522338867
5.430927276611328
5.431398868560791
5.432684898376465
5.435497760772705
5.432633876800537
5.431552410125732
5.430131912231445
5.428936958312988
5.429826736450195
5.432413578033447
5.431785583496094
5.430314540863037
5.430079460144043
5.429681777954102
5.4291253089904785
5.429742813110352
5.42891263961792
5.4311065673828125
5.433078765869141
5.433374404907227
5.4334611892700195
5.434112548828125
5.435844898223877
5.437184810638428
5.4365234375
5.4353132247924805
5.4368672370910645
5.438992977142334
5.437768936157227
5.437136650085449
5.437440872192383
5.4361443519592285
5.435819149017334
5.4364399909973145
5.434844493865967
5.433145523071289
5.431465148925781
5.430941104888916
5.429896354675293
5.4296345710754395
5.429666519165039
5.430097579956055
5.430731296539307
5.42796516418457
5.426567554473877
5.424859046936035
0.6916504502296448
0.6814970970153809
0.6716005802154541
0.6619731783866882
0.6528153419494629
0.6441563367843628
0.6359814405441284
0.6283788681030273
0.6213955879211426
0.6150596141815186
0.609471321105957
0.6047139167785645
0.6006876230239868
0.5973436236381531
0.5945814847946167
0.5923365354537964
0.5907767415046692
0.5897504687309265
0.5891131162643433
0.5888678431510925
0.5889061689376831
0.588687002658844
0.5879791378974915
0.5871477723121643
0.586252748966217
0.5853502750396729
0.5845162868499756
0.5837217569351196
0.5830233693122864
0.5825667977333069
0.5824114084243774
0.5824201703071594
0.5825653076171875
0.5825461745262146
0.5823072791099548
0.5819986462593079
0.5817156434059143
0.5814155340194702
0.5811077356338501
0.5808756351470947
0.5807864665985107
0.5807900428771973
0.580764651298523
0.5806776881217957
0.5805501341819763
0.5804396271705627
0.5803488492965698
0.5802066326141357
0.5800731778144836
0.5799727439880371
0.580008327960968
0.580046534538269
0.5799928307533264
0.5799461603164673
0.5798258781433105
0.5796986222267151
0.5796706676483154
0.5797128081321716
0.5797290802001953
0.5797138810157776
0.579639196395874
0.5795618295669556
0.5795888900756836
0.579647958278656
0.5796356201171875
0.5796064138412476
0.579571545124054
0.5795284509658813
0.5795678496360779
0.579556405544281
0.5794880390167236
0.5794764161109924
0.5795032382011414
0.5794882774353027
0.5794623494148254
0.5794249176979065
0.5794063806533813
0.579440712928772
0.5794606804847717
0.5794346332550049
0.5793944001197815
0.5794132351875305
0.5794218182563782
0.5794302225112915
0.5794066190719604
0.5794070363044739
0.5794327259063721
0.5794162154197693
0.5794306993484497
0.5794274806976318
0.5794012546539307
0.5793982744216919
0.5794335603713989
0.5794411897659302
0.5794330835342407
0.5794228315353394
0.5794171094894409
0.5794016122817993
0.5793867707252502
0.5793843865394592
