2.36000394821167
2.5199055671691895
2.672028064727783
2.82466197013855
2.9723212718963623
3.1249585151672363
3.2851290702819824
3.445250988006592
3.5934112071990967
3.7435410022735596
4.647000789642334
4.789167165756226
4.9453160762786865
5.086986303329468
5.233130693435669
5.380291938781738
5.52893853187561
5.693042755126953
5.8411993980407715
5.984837770462036
6.9216086864471436
7.079744815826416
7.238351583480835
7.423404932022095
7.60761022567749
7.767832517623901
7.9075095653533936
8.048673152923584
8.192309617996216
8.342959642410278
9.282065153121948
9.4341721534729
9.583842992782593
9.727036952972412
9.878204584121704
10.030943393707275
10.19153094291687
10.355197668075562
10.523787260055542
10.677416324615479
11.594126462936401
11.752968072891235
11.913100719451904
12.061265468597412
12.207407712936401
12.364552974700928
12.51718544960022
12.669813632965088
12.83145022392273
12.987054109573364
13.90380597114563
14.052226543426514
14.204854249954224
14.349609136581421
14.50723934173584
14.658456563949585
14.807257413864136
14.96289324760437
15.115803718566895
15.258233785629272
16.241119146347046
16.3967387676239
16.54739212989807
16.703505277633667
16.859635591506958
17.015777349472046
17.174877643585205
17.335007429122925
17.48561382293701
17.66466474533081
18.676628828048706
18.835037231445312
18.98971152305603
19.135927200317383
19.284650564193726
19.47270107269287
19.621431589126587
19.77663540840149
19.917972803115845
20.065669536590576
20.997913599014282
21.149646282196045
21.300901412963867
21.455098390579224
21.605243921279907
21.752949714660645
21.897833347320557
22.04106616973877
22.1857967376709
22.340596675872803
23.306270122528076
23.456891536712646
23.60955786705017
23.817572355270386
23.961225986480713
24.109874486923218
24.256052494049072
24.39521288871765
24.558339595794678
24.70911145210266
25.65304946899414
25.804707050323486
25.954232215881348
26.100890636444092
26.252535581588745
26.412179708480835
26.574262142181396
26.722970247268677
26.871266841888428
27.01256489753723
28.01251220703125
28.159255743026733
28.314302921295166
28.463980674743652
28.60705828666687
28.779507398605347
28.926145553588867
29.06994867324829
29.216094732284546
29.37618899345398
30.351245403289795
30.506924390792847
30.682040691375732
30.841190576553345
30.991446018218994
31.13811206817627
31.28581666946411
31.439515113830566
31.608864307403564
31.78144645690918
32.74954271316528
32.900293827056885
33.050490856170654
33.1987190246582
33.34552335739136
33.5032434463501
33.64989709854126
33.798853397369385
33.94798016548157
34.104252338409424
35.106488943099976
35.24963641166687
35.39979290962219
35.54938292503357
35.70104694366455
35.85671257972717
36.016855239868164
36.16105508804321
36.30395197868347
36.45207953453064
37.44418740272522
37.59287190437317
37.75405430793762
37.91390013694763
38.06210803985596
38.212875843048096
38.39000082015991
38.54467701911926
38.6898455619812
38.83960795402527
39.82692909240723
40.005051612854004
40.16468095779419
40.309638261795044
40.45030212402344
40.60346174240112
40.75864624977112
40.90680170059204
41.08760333061218
41.23879384994507
42.17163705825806
42.32391285896301
42.483569860458374
42.62387251853943
42.8097140789032
42.96322298049927
43.120530128479004
43.286978244781494
43.42916417121887
43.621931314468384
44.602689266204834
44.76958250999451
44.916778802871704
45.070493936538696
45.21728181838989
45.41793918609619
45.57420468330383
45.73550295829773
45.876734018325806
46.033382177352905
47.05442786216736
47.201605796813965
47.34878492355347
47.50847363471985
47.654202461242676
47.82583403587341
47.99885535240173
48.16627764701843
48.331130266189575
48.5008180141449
49.635600090026855
49.80665850639343
49.97517442703247
50.20236563682556
50.36657643318176
50.53069877624512
50.686171770095825
50.831899642944336
50.98116946220398
51.149789810180664
52.16287016868591
52.31968402862549
52.47455978393555
52.61725902557373
52.761064291000366
52.91074299812317
53.060450077056885
53.24463224411011
53.38793683052063
53.562843322753906
54.558035135269165
54.7340407371521
54.90125107765198
55.04550576210022
55.20152163505554
55.35944151878357
55.509673833847046
55.65325951576233
55.796998262405396
55.94441604614258
56.94588327407837
57.10139989852905
57.247132301330566
57.4002628326416
57.551608085632324
57.700310707092285
57.84499740600586
58.01869821548462
58.159953594207764
58.30359625816345
59.22289323806763
59.37910342216492
59.52778244018555
59.68245816230774
59.8287034034729
59.97567915916443
60.11351156234741
60.2642707824707
60.41508746147156
60.64036560058594
61.67362308502197
61.8264262676239
61.995580434799194
62.16445255279541
62.327064990997314
62.49377679824829
62.66222262382507
62.82791757583618
63.00244426727295
63.16216039657593
64.19303798675537
64.33471584320068
64.47461605072021
64.64143824577332
64.81150388717651
64.98342299461365
65.12896871566772
65.29075574874878
65.43899369239807
65.6008632183075
66.55145692825317
66.6990921497345
66.85633516311646
67.0005714893341
67.14234161376953
67.28604984283447
67.43680620193481
67.59253263473511
67.73473715782166
67.89688515663147
68.90950131416321
69.06822204589844
69.23534154891968
69.38222527503967
69.52197527885437
69.67033624649048
69.81971764564514
69.96569466590881
70.13894367218018
70.30105948448181
71.31819415092468
71.47321820259094
71.62695503234863
71.79218459129333
71.9699318408966
72.12512993812561
72.2810571193695
72.43080854415894
72.58341693878174
72.74008393287659
73.70647597312927
73.86016368865967
74.01509380340576
74.16674089431763
74.31588745117188
74.50892543792725
74.65209007263184
74.81292247772217
74.96656036376953
75.12771677970886
76.12944459915161
76.28764533996582
76.45178651809692
76.6548285484314
76.82644414901733
76.97509264945984
77.12225580215454
77.26891994476318
77.4180736541748
77.58275246620178
78.56503987312317
78.71469950675964
78.87681770324707
79.02204179763794
79.17765688896179
79.33829760551453
79.49452376365662
79.66812229156494
79.82325148582458
79.98192381858826
80.94563007354736
81.11375904083252
81.26524138450623
81.41991305351257
81.56359672546387
81.71474099159241
81.8613851070404
82.00469326972961
82.15732479095459
82.3104932308197
83.30368280410767
83.47831606864929
83.62418794631958
83.7748544216156
83.93652486801147
84.09031319618225
84.24445152282715
84.4096097946167
84.57472467422485
84.73195743560791
85.70751690864563
85.86965012550354
86.0099287033081
86.15660524368286
86.31068873405457
86.46379590034485
86.60252666473389
86.74973583221436
86.90820837020874
87.05685925483704
88.03436470031738
88.18718719482422
88.33435869216919
88.47952270507812
88.62618160247803
88.7709743976593
88.92011308670044
89.0727744102478
89.24853610992432
89.3940589427948
90.35837888717651
90.51836848258972
90.66902947425842
90.81989884376526
90.97102403640747
91.11335158348083
91.26199293136597
91.42404580116272
91.56771564483643
91.7248797416687
92.69801068305969
92.84866094589233
93.00251364707947
93.14217734336853
93.29402780532837
93.44150614738464
93.59471440315247
93.73993945121765
93.89159893989563
94.038889169693
95.00240278244019
95.14458656311035
95.29875421524048
95.45274472236633
95.5982277393341
95.75395727157593
95.90267992019653
96.05730986595154
96.20894122123718
96.35611653327942
97.3345742225647
97.48176407814026
97.63842153549194
97.79258465766907
97.946697473526
98.09298729896545
98.23917841911316
98.39450287818909
98.55663776397705
98.70928859710693
99.68473196029663
99.83539342880249
99.97760772705078
100.12326121330261
100.27185535430908
100.4364664554596
100.58472752571106
100.72761487960815
100.88474774360657
101.04187870025635
102.00075793266296
102.1613621711731
102.31217551231384
102.51777219772339
102.67988848686218
102.83802056312561
102.98872447013855
103.17881155014038
103.32996320724487
103.51505184173584
104.51339888572693
104.65611171722412
104.80377769470215
104.96740126609802
105.1225311756134
105.26340413093567
105.41104912757874
105.55721592903137
105.73778557777405
105.89602065086365
106.87737464904785
107.02951121330261
107.17474460601807
107.34388375282288
107.49954462051392
107.64172697067261
107.78716158866882
107.95676136016846
108.10940766334534
108.27184700965881
109.24232959747314
109.42438673973083
109.58310079574585
109.7327527999878
109.89336776733398
110.0460159778595
110.20463800430298
110.357426404953
110.49909520149231
110.64524483680725
111.63624095916748
111.78441524505615
111.96100378036499
112.11613893508911
112.2623929977417
112.4225652217865
112.57520842552185
112.72239089012146
112.87253212928772
113.02567315101624
113.99585771560669
114.1428771018982
114.29501962661743
114.45670986175537
114.60735774040222
114.76106357574463
114.91322779655457
115.07941246032715
115.22857522964478
115.39119124412537
116.35986948013306
116.539053440094
116.6916823387146
116.83435368537903
116.98549604415894
117.1351387500763
117.28392100334167
117.45352387428284
117.61765122413635
117.7658200263977
118.72829866409302
118.88192677497864
119.03359961509705
119.18716382980347
119.34631276130676
119.49944424629211
119.66167449951172
119.81995916366577
119.9666645526886
120.12533283233643
122.04776668548584
123.07397699356079
124.20592403411865
125.27615714073181
126.33610820770264
127.3929181098938
128.46115851402283
129.52812814712524
130.58999967575073
131.64508962631226
133.46108675003052
134.52734971046448
135.61214971542358
136.75966334342957
137.9035005569458
139.04070711135864
140.09995341300964
141.24831628799438
142.34251356124878
143.44218349456787
145.2516188621521
146.33171224594116
147.42290830612183
148.53606486320496
149.63561844825745
150.76378750801086
151.87143516540527
152.95456457138062
154.088397026062
155.22094440460205
157.12041234970093
158.23204445838928
159.2984230518341
160.3932569026947
161.44593858718872
162.4569640159607
163.5104022026062
164.58496046066284
165.6690375804901
166.7239236831665
168.58413195610046
169.70890283584595
170.84703421592712
171.98552441596985
173.12159395217896
174.2148835659027
175.3488793373108
176.46203994750977
177.60016298294067
178.7072150707245
180.58581852912903
181.67139673233032
182.75968599319458
183.8430368900299
184.9036407470703
185.9658010005951
187.0396659374237
188.10542559623718
189.16306734085083
190.2443060874939
192.04431867599487
193.0999629497528
194.2131154537201
195.33163189888
196.4217803478241
197.44666409492493
198.50138473510742
199.5784728527069
200.6591272354126
201.74655103683472
203.65256714820862
204.78585743904114
205.89478468894958
206.95342135429382
208.11599683761597
209.24121141433716
210.31307697296143
211.4061722755432
212.48716235160828
213.54482769966125
215.45168924331665
216.52901935577393
217.63675332069397
218.67628073692322
219.7262465953827
220.8006615638733
221.87391424179077
222.95139384269714
224.0929307937622
225.18148136138916
227.04841661453247
228.120258808136
229.16675877571106
230.20758295059204
231.23040628433228
232.27120518684387
233.3141005039215
234.3754484653473
235.472407579422
236.57604432106018
238.5181062221527
239.5851845741272
240.73686170578003
241.89785051345825
242.98993039131165
244.09248971939087
245.2006266117096
246.30856847763062
247.4171164035797
248.522807598114
250.34926176071167
251.4424867630005
252.54851388931274
253.5972318649292
254.64881324768066
255.74694514274597
256.8002860546112
257.8176484107971
258.90081310272217
259.99547266960144
261.8770682811737
262.92137908935547
263.9754681587219
265.05982089042664
266.1064965724945
267.1947548389435
268.2664604187012
269.3018264770508
270.427695274353
271.55697226524353
273.4060139656067
274.4928824901581
275.6169512271881
276.73576736450195
277.7994956970215
278.84816122055054
279.90649032592773
280.9995141029358
282.08081436157227
283.1467785835266
285.03415870666504
286.10424852371216
287.1449897289276
288.1978142261505
289.25246810913086
290.330118894577
291.41442489624023
292.4981038570404
293.67570972442627
294.809720993042
296.6854600906372
297.8382074832916
298.92686438560486
300.02670788764954
301.09439301490784
302.1953167915344
303.2768590450287
304.3748722076416
305.3941328525543
306.4316427707672
308.36557602882385
309.4920618534088
310.5737566947937
311.7358763217926
312.886305809021
314.0017967224121
315.0450048446655
316.083722114563
317.1838834285736
318.2101604938507
320.0644636154175
321.15055322647095
322.22216844558716
323.2900986671448
324.40314531326294
325.6405580043793
326.9281122684479
328.08278226852417
329.2313783168793
330.38133811950684
332.2173194885254
333.3425748348236
334.5195417404175
335.6321613788605
336.76173663139343
337.8607587814331
338.9628074169159
340.01641750335693
341.1034972667694
342.17214012145996
343.9626190662384
345.12619256973267
346.236855506897
347.3704309463501
348.4172348976135
349.4927861690521
350.5629184246063
351.6328709125519
352.70157384872437
353.7876834869385
355.5576138496399
356.64668440818787
357.7617049217224
358.8561737537384
359.94994616508484
361.00120306015015
362.2132730484009
363.2407329082489
364.40171909332275
365.49766850471497
367.77490854263306
369.07016587257385
370.3527030944824
371.62208461761475
372.8358299732208
374.05509424209595
375.1394805908203
376.1979115009308
377.23026299476624
378.3133282661438
380.18548011779785
381.2831771373749
382.32393527030945
383.36253118515015
384.4677312374115
385.60851788520813
386.75395464897156
387.8554997444153
388.8702175617218
389.9996528625488
391.8008692264557
392.9169225692749
393.97804951667786
395.0294165611267
396.13848209381104
397.2334659099579
398.31974744796753
399.44731044769287
400.51912093162537
401.63466024398804
403.45524287223816
404.5165011882782
405.58860516548157
406.64465379714966
407.705148935318
408.76482129096985
409.7805759906769
410.80855798721313
411.8588330745697
412.9617884159088
414.8395118713379
415.9308514595032
417.00799345970154
418.1314926147461
419.22400665283203
420.32781052589417
421.34401750564575
422.4121792316437
423.52760553359985
424.62090587615967
426.48604798316956
427.5659849643707
428.5925805568695
429.6322548389435
430.7138466835022
431.7819752693176
432.87786841392517
433.9454655647278
435.0720772743225
436.24429535865784
438.13527178764343
439.1859896183014
440.2143483161926
441.28990745544434
442.3840682506561
443.38995456695557
444.468368768692
445.53943395614624
446.6255404949188
447.6920108795166
449.586936712265
450.6617453098297
451.78422021865845
452.7920048236847
453.8965964317322
454.9597396850586
456.00962018966675
457.06485986709595
458.1937470436096
459.24924993515015
461.1946671009064
462.2850043773651
463.36589074134827
464.43763494491577
465.53307580947876
466.5461676120758
467.5953299999237
468.642165184021
469.69995737075806
470.7800009250641
472.61842346191406
473.68119049072266
474.7306926250458
475.7748131752014
476.80427598953247
477.8754982948303
479.0008180141449
480.07611989974976
481.1922423839569
482.3034071922302
484.23047399520874
485.282595872879
486.33818912506104
487.3490996360779
488.49231219291687
489.5759823322296
490.69079542160034
491.80788111686707
492.8958637714386
493.97163558006287
495.798481464386
496.8219327926636
497.9042501449585
498.9751179218292
500.0657992362976
501.1211111545563
502.1926658153534
503.2437496185303
504.34527564048767
505.40476655960083
507.2176728248596
508.3233799934387
509.4110951423645
510.51184701919556
511.60687589645386
512.7147376537323
513.8068137168884
514.8645458221436
515.8641157150269
516.9121253490448
518.7844207286835
519.8978550434113
520.9948015213013
522.0645046234131
523.1911773681641
524.2360708713531
525.3067672252655
526.372421503067
527.4326753616333
528.5269179344177
530.3554673194885
531.458221912384
532.5294194221497
533.5932734012604
534.6717369556427
535.7261514663696
536.8259255886078
537.9197862148285
539.036336183548
540.1436538696289
541.9591901302338
542.9829216003418
544.0552368164062
545.1174547672272
546.2340788841248
547.2972753047943
548.3464255332947
549.403621673584
550.5383048057556
551.6230771541595
553.4892666339874
554.6056132316589
555.6651895046234
556.7587268352509
557.8624091148376
559.0210258960724
560.1208097934723
561.131560087204
562.215291261673
563.3822999000549
565.2803120613098
566.302506685257
567.4203727245331
568.5177392959595
569.6097111701965
570.6306235790253
571.6717612743378
572.7903864383698
573.9033889770508
575.1051998138428
576.9063892364502
578.0863208770752
579.1556959152222
580.2726891040802
581.300901889801
582.4206211566925
583.5291023254395
584.6431045532227
585.7235434055328
586.8376581668854
588.7475950717926
589.8212993144989
590.9271552562714
592.0141365528107
593.1066844463348
594.1540055274963
595.2186875343323
596.3240642547607
597.3568427562714
598.4373426437378
600.3141226768494
601.4266920089722
602.476550579071
603.5709116458893
604.6984403133392
605.7007520198822
606.7664532661438
607.9276912212372
609.0015287399292
610.1077823638916
611.9459438323975
612.9670939445496
614.0137212276459
615.0759131908417
616.1694157123566
617.2321121692657
618.3106687068939
619.3645040988922
620.4665703773499
621.5169334411621
623.3063895702362
624.4001393318176
625.6145420074463
626.7668862342834
627.8517050743103
628.8960156440735
629.9654955863953
631.0211753845215
632.0837647914886
633.2076268196106
635.0935819149017
636.1224164962769
637.2059118747711
638.3114485740662
639.3889327049255
640.4811456203461
641.5118305683136
642.5704145431519
643.6688048839569
644.7649047374725
646.6267287731171
647.7237980365753
648.7708785533905
649.8115496635437
650.8829815387726
652.0025768280029
653.0980548858643
654.1426472663879
655.1943657398224
656.3318691253662
658.255250453949
659.424590587616
660.5483121871948
661.6580348014832
662.7361826896667
663.8202912807465
664.898366689682
665.9398958683014
666.9654595851898
668.0302760601044
669.9445450305939
671.0715882778168
672.1947333812714
673.3283185958862
674.4430952072144
675.5736615657806
676.6537861824036
677.7532880306244
678.856427192688
679.9037625789642
681.7160956859589
682.8182783126831
683.95032787323
685.0156073570251
686.0874807834625
687.1175816059113
688.1881833076477
689.2535471916199
690.3440256118774
691.4067349433899
693.3347566127777
694.4237768650055
695.5076174736023
696.6486229896545
697.8529348373413
698.9756383895874
700.0187232494354
701.1401188373566
702.2140414714813
703.2914488315582
705.1226103305817
706.2022953033447
707.2661752700806
708.3251049518585
709.3549420833588
710.4293010234833
711.5362706184387
712.6380498409271
713.7185664176941
714.7816424369812
716.6435248851776
717.7738428115845
718.8672800064087
719.9318878650665
720.9703688621521
722.0804562568665
723.1131715774536
724.169534444809
725.1926381587982
726.2834384441376
728.1878957748413
729.3121726512909
730.4593284130096
731.5229868888855
732.6001513004303
733.6925137042999
734.7778856754303
735.8321821689606
736.9005773067474
737.9423580169678
739.7678294181824
740.8800957202911
742.0473070144653
743.1343343257904
744.2294671535492
745.3170480728149
746.3907332420349
747.4955809116364
748.5615077018738
749.6975693702698
751.5942697525024
752.7119574546814
753.7639856338501
754.8922219276428
755.9793484210968
757.0207316875458
758.0418655872345
759.163007736206
760.2361979484558
761.3839089870453
763.3483645915985
764.4512214660645
765.5949831008911
766.6786489486694
767.8136239051819
768.9739007949829
770.0706510543823
771.166708946228
772.2597899436951
773.3471300601959
775.2119197845459
776.327228307724
777.5264496803284
778.7419691085815
779.8602833747864
780.9605009555817
782.0619096755981
783.1487424373627
784.2102177143097
785.2550528049469
787.0474369525909
788.1355628967285
789.2245976924896
790.3242135047913
791.4295144081116
792.4986655712128
793.6385614871979
794.8013005256653
795.9556415081024
797.1011502742767
798.9923152923584
800.0904266834259
801.2302453517914
802.3676404953003
803.4276258945465
804.5174081325531
805.5932643413544
806.7111821174622
807.7888569831848
808.8399477005005
810.6001207828522
811.6965184211731
812.7598021030426
813.825674533844
814.8661878108978
815.9498145580292
817.0647675991058
818.1490180492401
819.3461954593658
820.4135856628418
822.2880609035492
823.3624348640442
824.4566938877106
825.5571689605713
826.6715455055237
827.7349665164948
828.853789806366
829.9317719936371
831.0207042694092
832.1437976360321
834.0483224391937
835.1845324039459
836.2906212806702
837.365266084671
838.441103219986
839.5022268295288
840.5786507129669
841.6219244003296
842.6722962856293
843.7997305393219
845.6510353088379
846.68559217453
847.7583796977997
848.9256360530853
850.0162448883057
851.0889530181885
852.1740171909332
853.2720351219177
854.3486616611481
855.4150490760803
857.1731288433075
858.2606284618378
859.3335511684418
860.4619309902191
861.5256264209747
862.6774020195007
863.7759070396423
864.9045057296753
866.0005967617035
867.1982629299164
869.1203384399414
870.2474398612976
871.3920948505402
872.4799282550812
873.5427830219269
874.5891253948212
875.6804189682007
876.7469952106476
877.8228113651276
878.9371333122253
880.8299107551575
882.0167927742004
883.1175043582916
884.187155008316
885.2285904884338
886.3237693309784
887.3888294696808
888.4404566287994
889.4412333965302
890.4898188114166
892.3794815540314
893.4766988754272
894.5602173805237
895.6097993850708
896.648711681366
897.6983382701874
898.8627910614014
899.9450168609619
901.0250833034515
902.0986196994781
903.956015586853
905.0581746101379
906.2034113407135
907.2495501041412
908.3367836475372
909.4473769664764
910.5147256851196
911.6259346008301
912.7378437519073
913.8496086597443
915.6843211650848
916.7879130840302
917.9687395095825
919.1082186698914
920.2735443115234
921.3978643417358
922.5116453170776
923.6094405651093
924.7177724838257
925.8009593486786
927.6089196205139
928.6869308948517
929.7766079902649
930.8505980968475
931.9359652996063
933.008579492569
934.0788826942444
935.1960518360138
936.309404373169
937.4276232719421
938.2612643241882
938.3258147239685
938.3878395557404
938.4508209228516
938.4873194694519
938.5137844085693
938.5372972488403
938.5612080097198
938.5841891765594
938.607882976532
939.3410894870758
939.3650238513947
939.3950726985931
939.4191479682922
939.4420523643494
939.4669919013977
939.4903678894043
939.5149068832397
939.538323879242
939.5612905025482
940.3161561489105
940.3388872146606
940.363790512085
940.3868136405945
940.4109144210815
940.4354557991028
940.4604032039642
940.4833316802979
940.5072977542877
940.5307846069336
941.2742891311646
941.297883272171
941.3223807811737
941.344936132431
941.3688724040985
941.3932871818542
941.416336774826
941.4412729740143
941.4652411937714
941.4887235164642
942.2232205867767
942.2461585998535
942.2700901031494
942.2935838699341
942.317574262619
942.3410365581512
942.3660142421722
942.388977766037
942.4139280319214
942.4369688034058
943.1672716140747
943.1917278766632
943.2154769897461
943.2394139766693
943.2633438110352
943.2862839698792
943.311945438385
943.3349144458771
943.3588507175446
943.3827958106995
944.1112804412842
944.135719537735
944.1586592197418
944.182596206665
944.2065584659576
944.2300069332123
944.2539434432983
944.2778804302216
944.3018462657928
944.3257911205292
945.0628850460052
945.0863621234894
945.1103522777557
945.133481502533
945.1573836803436
945.1813731193542
945.2053039073944
945.228746175766
945.2527117729187
945.2756581306458
946.0117082595825
946.0346472263336
946.0595846176147
946.0830719470978
946.106113910675
946.1306011676788
946.1535713672638
946.1775448322296
946.2022790908813
946.2257375717163
946.9562692642212
946.9804244041443
947.0032110214233
947.0276973247528
947.0506711006165
947.0750777721405
947.0982511043549
947.1227180957794
947.1466495990753
947.1705846786499
