12.214675903320312
11.67341136932373
11.132144927978516
10.59088134765625
10.049613952636719
9.508350372314453
8.967083930969238
8.425816535949707
7.884552955627441
7.343289375305176
6.802022457122803
6.26075553894043
5.719491958618164
5.17822790145874
4.636960983276367
4.095694541931152
4.545906066894531
4.423715114593506
3.9998559951782227
3.351743459701538
2.620880365371704
3.435169219970703
3.784489631652832
3.777843713760376
3.4893319606781006
3.328345775604248
3.4740283489227295
3.5467803478240967
3.5547361373901367
3.505053997039795
3.404040575027466
3.3702359199523926
3.113797187805176
2.8454885482788086
3.0123472213745117
3.1967103481292725
3.1154184341430664
2.868969678878784
2.846179962158203
3.038933753967285
3.117880344390869
2.951910972595215
2.8947086334228516
2.9241890907287598
3.068162441253662
3.0191330909729004
2.7462096214294434
2.8675765991210938
3.0623526573181152
3.0162289142608643
2.7579216957092285
2.832627296447754
3.0157864093780518
2.9670820236206055
2.7683839797973633
2.796119451522827
2.766798496246338
2.753488779067993
2.5858163833618164
2.6734976768493652
2.6453256607055664
2.7512476444244385
2.6834845542907715
2.732795476913452
2.7658491134643555
2.5981574058532715
2.773480176925659
2.758854627609253
2.671626091003418
2.8589189052581787
2.8787522315979004
2.690920352935791
2.8269946575164795
2.9572339057922363
2.871243715286255
2.659142017364502
2.859015703201294
2.931849718093872
2.7962982654571533
2.67041015625
2.7590975761413574
2.668863534927368
2.6661767959594727
2.6096270084381104
2.6507110595703125
2.680964708328247
2.829800605773926
2.7973010540008545
2.789762496948242
2.815234661102295
2.8145580291748047
2.7018144130706787
2.6238739490509033
2.632659673690796
2.6721537113189697
2.688565731048584
2.6839077472686768
2.6255874633789062
2.6261985301971436
2.668023109436035
2.6515378952026367
2.644641637802124
2.633021831512451
2.6441545486450195
2.6400179862976074
2.6157379150390625
2.608811855316162
2.6061906814575195
2.6288061141967773
2.6298999786376953
2.6102752685546875
2.5960774421691895
2.608966827392578
2.6227474212646484
2.6208014488220215
2.610036849975586
2.5998785495758057
2.6005239486694336
2.6054859161376953
2.5894641876220703
2.5904922485351562
2.601318120956421
2.5906965732574463
2.5854439735412598
2.605757236480713
2.604764699935913
2.583664655685425
2.6006011962890625
2.6155948638916016
2.6090054512023926
2.5830836296081543
2.605316162109375
2.6242196559906006
2.6213316917419434
2.5989174842834473
2.5861546993255615
2.602259874343872
2.597033977508545
2.577564239501953
2.5890378952026367
2.5842368602752686
2.5848746299743652
2.586808681488037
2.583134174346924
2.5976598262786865
2.5974035263061523
2.5785951614379883
2.5799379348754883
2.5750250816345215
2.57578182220459
33.736541748046875
33.21671676635742
32.51872253417969
31.69696807861328
30.798381805419922
29.836780548095703
28.827577590942383
27.78330421447754
26.714693069458008
25.632183074951172
24.536949157714844
23.430307388305664
22.31977653503418
21.209081649780273
20.1003360748291
18.991050720214844
17.91164207458496
16.932186126708984
16.01190948486328
15.172111511230469
14.435285568237305
13.758670806884766
13.125313758850098
12.52806568145752
11.960371017456055
11.406076431274414
10.856658935546875
10.31873893737793
9.790094375610352
9.29648208618164
8.847614288330078
8.426911354064941
8.024024963378906
7.629104137420654
7.241650581359863
6.8686418533325195
6.534470558166504
6.238344669342041
5.970742225646973
5.753355979919434
5.583690643310547
5.428709030151367
5.267176628112793
5.09675931930542
4.914434909820557
4.724470138549805
4.53464412689209
4.369320869445801
4.243320465087891
4.144118309020996
4.055272102355957
3.9650626182556152
3.864610195159912
3.7605056762695312
3.668722152709961
3.59572172164917
3.545860767364502
3.514407157897949
3.487697124481201
3.4536736011505127
3.4081363677978516
3.355445623397827
3.2993125915527344
3.2448127269744873
3.203577995300293
3.184079170227051
3.179699659347534
3.17795467376709
3.1711268424987793
3.160630464553833
3.1493489742279053
3.138054609298706
3.126232624053955
3.1118643283843994
3.1017203330993652
3.088649272918701
3.072096586227417
3.056971549987793
3.0472965240478516
3.0451114177703857
3.0461580753326416
3.045578956604004
3.0422420501708984
3.0385587215423584
3.0322105884552
3.024782657623291
3.01784610748291
3.013343572616577
3.010128974914551
3.00892972946167
3.007498264312744
3.0073461532592773
3.0056354999542236
3.0062062740325928
3.0042123794555664
3.000654697418213
2.9981420040130615
2.9970741271972656
2.997239828109741
2.9962992668151855
2.9956870079040527
2.9951512813568115
2.9947052001953125
2.9944591522216797
2.994123935699463
2.992582082748413
2.991302013397217
2.9906575679779053
2.991024971008301
2.991109609603882
2.9903757572174072
2.991119146347046
2.9907240867614746
2.9894537925720215
2.990352153778076
2.989192485809326
2.98982834815979
2.9901576042175293
2.988687038421631
2.9883487224578857
2.9877853393554688
2.989046335220337
2.989098310470581
2.9871509075164795
2.9871888160705566
2.986830711364746
2.986626148223877
2.9866421222686768
2.9872989654541016
2.9869883060455322
2.9872488975524902
2.9871339797973633
2.9869229793548584
2.9879708290100098
2.9870386123657227
2.9863829612731934
2.986569881439209
2.985901355743408
2.987647294998169
2.9876017570495605
2.985628366470337
2.9856033325195312
2.9856796264648438
2.9854846000671387
2.985753297805786
2.985400676727295
2.9865384101867676
2.9855144023895264
2.9859678745269775
2.986438512802124
2.9850378036499023
2.9850192070007324
2.984945058822632
2.9848175048828125
2.9847617149353027
2.984631061553955
2.984541416168213
2.984473466873169
2.9843595027923584
2.9842007160186768
2.9840004444122314
2.9839563369750977
2.983812093734741
2.9838674068450928
2.9839234352111816
2.984027862548828
2.9840757846832275
2.9840548038482666
2.9839718341827393
2.983832359313965
2.9837331771850586
2.9835877418518066
2.983461856842041
2.9834883213043213
2.9833693504333496
2.98339581489563
2.9833614826202393
2.9832754135131836
2.98330020904541
2.9831807613372803
2.9833273887634277
2.983351707458496
2.983149290084839
2.9831833839416504
2.983247756958008
2.9831511974334717
2.9829397201538086
2.9829235076904297
2.9829633235931396
2.9829025268554688
2.982926845550537
2.983002185821533
2.982884645462036
2.982771873474121
2.982924699783325
2.9828624725341797
2.9826810359954834
2.982668161392212
2.9825735092163086
2.982597827911377
2.9825644493103027
2.9825572967529297
2.9825022220611572
2.9824349880218506
2.982379674911499
2.9823718070983887
2.9824321269989014
2.9823124408721924
2.9822604656219482
2.9822425842285156
2.9822239875793457
2.982217311859131
2.982177734375
2.9821131229400635
2.98207688331604
2.9820728302001953
2.982103109359741
2.982055902481079
2.9820094108581543
2.9819488525390625
2.982008934020996
2.98193097114563
2.982004404067993
2.98207950592041
2.981992244720459
2.9819047451019287
2.9817757606506348
2.981708526611328
2.9817235469818115
2.981699228286743
2.981687307357788
2.981635332107544
2.9815948009490967
2.9815196990966797
2.981649875640869
2.9815773963928223
2.9815213680267334
2.981518268585205
2.9815566539764404
2.9814891815185547
2.9814505577087402
2.9813599586486816
2.9813570976257324
2.98130202293396
2.9814178943634033
2.981334686279297
2.9813294410705566
2.981412172317505
2.9813454151153564
2.9811244010925293
2.9812843799591064
2.9812963008880615
2.981193780899048
2.981153726577759
2.9811573028564453
2.981182336807251
2.9811501502990723
2.9811580181121826
2.981053590774536
2.9810712337493896
2.9811534881591797
2.9811956882476807
2.981208086013794
2.981097459793091
2.981194496154785
2.9811630249023438
2.981070041656494
2.9812917709350586
2.981325149536133
2.98115873336792
2.9811978340148926
2.9813835620880127
2.98140025138855
2.981196403503418
2.981102466583252
2.98124361038208
2.981170415878296
2.9811272621154785
2.981156826019287
2.9811129570007324
2.9810268878936768
2.981062412261963
2.981065273284912
2.9810595512390137
2.9811506271362305
2.981060266494751
2.981104850769043
2.981152296066284
2.9809999465942383
2.9811949729919434
2.981285572052002
2.9811534881591797
2.9810144901275635
2.981337070465088
2.981449604034424
2.981351375579834
2.9810686111450195
2.981182098388672
2.9813830852508545
2.9813499450683594
2.9811136722564697
2.981008529663086
2.9812376499176025
2.981316566467285
2.981186628341675
2.9809203147888184
2.981241464614868
2.981330394744873
2.981204032897949
2.9809069633483887
2.9812090396881104
2.981321334838867
2.9812259674072266
2.9809470176696777
2.9812352657318115
2.9814367294311523
2.9814043045043945
2.98116397857666
2.9809534549713135
2.981121063232422
2.9810805320739746
2.9809184074401855
2.9809658527374268
2.980905771255493
2.98089599609375
2.980860471725464
2.9809730052948
2.980874538421631
2.98106050491333
2.9811177253723145
2.980977773666382
2.9809646606445312
2.981043815612793
2.980931282043457
2.980872392654419
2.980858325958252
2.980865240097046
2.980902671813965
2.980848789215088
2.9809932708740234
2.9810214042663574
2.9809014797210693
2.9809393882751465
2.9809107780456543
2.980876922607422
2.980876922607422
2.9808757305145264
2.980959177017212
2.9808647632598877
2.9808294773101807
108.22891235351562
103.66571044921875
98.9054946899414
94.24449920654297
90.1784896850586
87.291259765625
84.64212036132812
81.91938018798828
79.563232421875
76.86141204833984
74.10948944091797
71.42644500732422
68.63949584960938
65.95415496826172
63.493873596191406
61.18167495727539
58.802005767822266
56.633827209472656
54.45503234863281
52.36103057861328
50.40891647338867
48.28271484375
46.04780578613281
43.86455154418945
41.610694885253906
39.62338638305664
37.705989837646484
35.81040573120117
34.011505126953125
32.622982025146484
31.19736671447754
29.601890563964844
28.36882781982422
26.91337013244629
25.392871856689453
23.803386688232422
22.66181182861328
21.440433502197266
20.069625854492188
18.995161056518555
17.91994857788086
16.75143814086914
15.600749969482422
14.488784790039062
13.341078758239746
12.25145149230957
11.68259048461914
11.019525527954102
10.091516494750977
9.141027450561523
8.061038970947266
7.03298282623291
6.185558319091797
5.693428039550781
5.366725921630859
5.169499397277832
5.144854545593262
5.188816547393799
5.169916152954102
5.169185638427734
5.416352272033691
5.549397945404053
5.457816123962402
5.198022842407227
5.101679801940918
5.140540599822998
5.126995086669922
4.983617305755615
5.010241508483887
4.989886283874512
4.767635822296143
4.545289993286133
4.4778852462768555
4.333717346191406
4.207489013671875
4.25836706161499
4.107091903686523
3.9339916706085205
3.9295272827148438
3.943364143371582
3.8825297355651855
3.734435796737671
3.7795920372009277
3.7183401584625244
3.518042802810669
3.4605140686035156
3.4386348724365234
3.373997449874878
3.3677525520324707
3.3917481899261475
3.3441390991210938
3.2627639770507812
3.2663722038269043
3.2678799629211426
3.1854095458984375
3.242992877960205
3.278893232345581
3.271223306655884
3.2542455196380615
3.1824746131896973
3.328700542449951
3.35123348236084
3.1956276893615723
3.1602041721343994
3.2020976543426514
3.2812445163726807
3.1612837314605713
3.1533889770507812
3.1668076515197754
3.320660352706909
3.366577625274658
3.1410233974456787
3.0970711708068848
3.105013847351074
3.0791444778442383
3.0707077980041504
3.061391592025757
3.082770586013794
2.8948423862457275
2.834075689315796
2.9058611392974854
2.9520444869995117
2.969123125076294
2.9450225830078125
2.8176462650299072
2.7740273475646973
2.765157699584961
2.740851640701294
2.74147629737854
2.7798995971679688
2.7187817096710205
2.681792974472046
2.758216381072998
2.786491632461548
2.66935658454895
2.716599702835083
2.8285722732543945
2.8555846214294434
2.8185133934020996
2.8174643516540527
2.8270316123962402
2.8278772830963135
2.756767988204956
2.6507813930511475
2.662100076675415
2.664511203765869
2.7787721157073975
2.7724430561065674
2.643688440322876
2.6445724964141846
27.02375602722168
26.915279388427734
26.773120880126953
26.625286102294922
26.483341217041016
26.368511199951172
26.261539459228516
26.1761417388916
26.11532974243164
26.063098907470703
26.014179229736328
25.97150230407715
25.936466217041016
25.90741729736328
25.890066146850586
25.884136199951172
25.876981735229492
25.862380981445312
25.841455459594727
25.818618774414062
25.79861831665039
25.779037475585938
25.758888244628906
25.740257263183594
25.72901153564453
25.725040435791016
25.72344398498535
25.72083854675293
25.719161987304688
25.717777252197266
25.71702003479004
25.716567993164062
25.714372634887695
25.711933135986328
25.706043243408203
25.697603225708008
25.689842224121094
25.68155288696289
25.67819595336914
25.678497314453125
25.679767608642578
25.68259048461914
25.68416976928711
25.68583869934082
25.68628692626953
25.686138153076172
25.683876037597656
25.679874420166016
25.676382064819336
25.673099517822266
25.670503616333008
25.668895721435547
25.668004989624023
25.66913414001465
25.670089721679688
25.670988082885742
25.671369552612305
25.67121124267578
25.67034149169922
25.669010162353516
25.667774200439453
25.666744232177734
25.666112899780273
25.665790557861328
25.665843963623047
25.665130615234375
25.66568374633789
25.665599822998047
25.665361404418945
25.66499137878418
25.66454315185547
25.66354751586914
25.66391372680664
25.66356658935547
25.663225173950195
25.663043975830078
25.662914276123047
25.662824630737305
25.662702560424805
25.66251564025879
25.662273406982422
25.662006378173828
25.661706924438477
25.66143035888672
25.661277770996094
25.66036033630371
25.66016387939453
25.659988403320312
25.659828186035156
25.659652709960938
25.659452438354492
25.659936904907227
25.65972328186035
25.659507751464844
25.65929412841797
25.65899658203125
25.658809661865234
25.65862274169922
25.658432006835938
25.658235549926758
25.658050537109375
25.657859802246094
25.657745361328125
25.657550811767578
25.6573429107666
25.65643882751465
25.65625
25.656757354736328
25.65656280517578
25.6563720703125
25.656173706054688
25.655982971191406
25.655790328979492
25.65559196472168
25.6553955078125
25.655197143554688
25.655014038085938
25.65481185913086
25.654621124267578
25.654436111450195
25.654239654541016
25.654043197631836
25.653854370117188
25.653656005859375
25.653461456298828
25.653276443481445
25.653076171875
25.652883529663086
25.652692794799805
25.652496337890625
25.652305603027344
25.652111053466797
25.651920318603516
25.651729583740234
25.65152931213379
25.651344299316406
25.651153564453125
25.650955200195312
25.65076446533203
25.65057373046875
25.650381088256836
25.650197982788086
25.649993896484375
25.649799346923828
25.649612426757812
25.649415969848633
25.649227142333984
25.649030685424805
25.64884376525879
25.648643493652344
25.64845848083496
24.841291427612305
24.034048080444336
23.227447509765625
22.419261932373047
21.615169525146484
20.820220947265625
20.028959274291992
19.25775909423828
18.509258270263672
17.784854888916016
17.07894515991211
16.36905288696289
15.650226593017578
14.977416038513184
14.330960273742676
13.715200424194336
13.145487785339355
12.610509872436523
12.110698699951172
11.679098129272461
11.325530052185059
10.98710823059082
10.647789001464844
10.315263748168945
10.00078010559082
9.71066951751709
9.447498321533203
9.211567878723145
8.99813461303711
8.78389835357666
8.562750816345215
8.340660095214844
8.13236141204834
7.950386047363281
7.800047874450684
7.664397239685059
7.524650573730469
7.369417190551758
7.199006080627441
7.029749870300293
6.876866817474365
6.737661361694336
6.606692790985107
6.4719767570495605
6.331361770629883
6.189367294311523
6.051309585571289
5.930570602416992
5.833758354187012
5.753873825073242
5.682821273803711
5.620474338531494
5.563673496246338
5.506776332855225
5.44422721862793
5.374359130859375
5.301808834075928
5.235469341278076
5.185659885406494
5.1475982666015625
5.111650466918945
5.0774126052856445
5.048735618591309
5.026491641998291
5.008585453033447
4.987895488739014
4.962675094604492
4.932370662689209
4.8988237380981445
4.863334655761719
4.827954292297363
4.79932975769043
4.778200149536133
4.765106201171875
4.756518363952637
4.750145435333252
4.744231224060059
4.737658500671387
4.7295823097229
4.720241546630859
4.71042013168335
4.700836181640625
4.69112491607666
4.68040657043457
4.668290615081787
4.655309677124023
4.6423163414001465
4.6298370361328125
4.618096828460693
4.607517242431641
4.598219394683838
4.589935302734375
4.582295894622803
4.575005531311035
4.567957401275635
4.560847759246826
4.553541660308838
4.546233177185059
4.538860321044922
4.530992031097412
4.516019344329834
4.5078558921813965
4.508507251739502
4.513461112976074
4.518863201141357
4.522348880767822
4.523672103881836
4.523401260375977
4.521526336669922
4.518164157867432
4.514036178588867
4.509593486785889
4.504523277282715
4.499120235443115
4.494638919830322
4.491761684417725
4.490583419799805
4.491235733032227
4.49238920211792
4.493000030517578
4.492917537689209
4.492003440856934
4.490581035614014
4.4893622398376465
4.488489151000977
4.487610340118408
4.486746788024902
4.4861860275268555
4.485882759094238
4.485790729522705
4.486001968383789
4.48629903793335
4.486380577087402
4.486225128173828
4.485860824584961
4.485301971435547
4.484770774841309
4.484466552734375
4.484379768371582
4.484426498413086
4.4845290184021
4.484553813934326
4.4844584465026855
4.484311103820801
4.484145164489746
4.483972072601318
4.483831882476807
4.48370885848999
4.483577728271484
4.483459949493408
4.483369827270508
4.483294486999512
4.483227252960205
4.4831695556640625
4.483094215393066
4.482989311218262
4.4828691482543945
4.482738018035889
4.482616424560547
4.482527732849121
4.482473850250244
4.482460975646973
4.4824347496032715
4.482396125793457
4.482345104217529
4.482291221618652
4.4822492599487305
4.482213020324707
4.482181549072266
4.48213005065918
4.482121467590332
4.482089996337891
4.482062339782715
4.4820356369018555
4.48200798034668
4.481973171234131
4.481928825378418
4.481873512268066
4.4818115234375
4.481740951538086
4.481657028198242
4.4815521240234375
4.481428623199463
4.481273651123047
4.481078147888184
4.480845928192139
4.480567932128906
4.480229377746582
4.479802131652832
4.479252815246582
4.478532791137695
4.477637767791748
4.476629257202148
4.475542068481445
4.474325180053711
4.472949981689453
4.471436977386475
4.469817638397217
4.4680376052856445
4.466042518615723
4.463820934295654
4.461562156677246
4.459545135498047
4.4579010009765625
4.456712245941162
4.455801010131836
4.454815864562988
4.453701019287109
4.452561378479004
4.451691627502441
4.451129913330078
4.450709819793701
4.450348377227783
4.4500837326049805
4.449967861175537
4.450050354003906
4.45028829574585
4.450528144836426
4.450662612915039
4.450685501098633
4.450652122497559
4.450613975524902
4.4505839347839355
4.450525283813477
4.45041561126709
4.450280666351318
4.45015811920166
4.450068473815918
4.450002193450928
4.449943542480469
4.449882507324219
4.449831008911133
4.449796676635742
4.44978141784668
4.449774742126465
4.449769020080566
4.449765682220459
4.44976806640625
4.449775218963623
4.449789524078369
4.449803829193115
4.449812889099121
4.449814319610596
4.449811935424805
4.449807643890381
4.44980001449585
4.449790000915527
4.449775695800781
4.449761390686035
4.449747085571289
4.449734687805176
4.449724197387695
4.449714183807373
4.449703216552734
4.4496941566467285
4.449685573577881
4.449679851531982
4.449674606323242
4.449669361114502
4.449663162231445
4.449656963348389
4.44965124130249
4.449646472930908
4.449639797210693
4.4496307373046875
4.44962215423584
4.44960880279541
4.449595928192139
4.449579238891602
4.449563503265381
4.4495463371276855
4.449532508850098
4.449518203735352
4.44950532913208
4.449495792388916
4.449485778808594
4.44947624206543
4.44946813583374
4.449460506439209
4.4494524002075195
4.449442386627197
4.449434280395508
4.449427127838135
4.449419021606445
4.449411869049072
4.449405670166016
4.449399471282959
4.449394226074219
4.44938850402832
4.4493818283081055
4.449377059936523
4.449370384216309
4.449368476867676
4.449365615844727
4.449364185333252
4.449365139007568
4.449367046356201
4.44936990737915
4.44936990737915
4.449370861053467
4.449370384216309
4.449368476867676
4.449367046356201
4.449363708496094
4.449362754821777
4.44935941696167
4.449359893798828
4.4493584632873535
4.449357509613037
4.449357509613037
4.449357509613037
4.449357986450195
4.4493584632873535
4.44935941696167
4.4493584632873535
4.4493584632873535
4.449358940124512
4.449357986450195
4.449357032775879
4.4493560791015625
4.449355125427246
4.449356555938721
4.44935417175293
4.4493536949157715
4.44935417175293
4.449353218078613
4.449353218078613
4.4493536949157715
4.449352264404297
4.4493536949157715
4.4493536949157715
4.449352264404297
4.449352264404297
4.449352264404297
4.449352264404297
4.4493513107299805
4.449351787567139
4.449350833892822
4.449350833892822
4.449350357055664
4.449350357055664
4.449350357055664
4.449350833892822
4.449350357055664
4.449349403381348
4.449348449707031
4.449348449707031
4.449348449707031
4.449348449707031
4.449347972869873
4.449347496032715
4.449347019195557
4.449347496032715
4.449346542358398
4.449347496032715
4.449346542358398
4.449345588684082
4.44934606552124
4.44934606552124
4.449346542358398
4.449345588684082
4.449345588684082
4.449345111846924
4.449344635009766
4.449344635009766
4.449344635009766
4.449344635009766
4.449344635009766
4.449343204498291
4.449343681335449
4.449343204498291
4.449343204498291
4.449344158172607
4.449341773986816
4.449341773986816
4.449342250823975
4.449341297149658
4.449341297149658
4.449341297149658
4.4493408203125
4.449341297149658
4.449341297149658
4.4493408203125
4.449339389801025
4.449339389801025
4.449340343475342
4.449339389801025
4.449338436126709
4.449339389801025
4.449338436126709
4.449339866638184
4.449338912963867
4.449337959289551
4.449338436126709
4.449338436126709
4.449337959289551
4.449338912963867
4.449337959289551
4.449337482452393
0.6351674199104309
0.6268308162689209
0.6195786595344543
0.6130087971687317
0.60710209608078
0.6015036702156067
0.5964457392692566
0.5919869542121887
0.5878462791442871
0.5839716196060181
0.5803686380386353
0.577031135559082
0.5739189982414246
0.5711778998374939
0.5687829256057739
0.5667815208435059
0.565281867980957
0.5641276836395264
0.5633699893951416
0.5629960298538208
0.5631718635559082
0.5632103681564331
0.5628262758255005
0.5623421669006348
0.5617600083351135
0.5611838698387146
0.5606536865234375
0.5601329803466797
0.5597242116928101
0.5594467520713806
0.5593572854995728
0.559385359287262
0.5594800114631653
0.5594789981842041
0.5593590140342712
0.5591657161712646
0.5589826107025146
0.5587948560714722
0.5585962533950806
0.5584951639175415
0.5584310293197632
0.5584086775779724
0.5584042072296143
0.5583909749984741
0.5583083033561707
0.5582081079483032
0.5581540465354919
0.5580407381057739
0.5579637289047241
0.5579302310943604
0.557969331741333
0.5579794049263
0.5579146146774292
0.5578877925872803
0.5578175783157349
0.5577503442764282
0.5577448010444641
0.5577734708786011
0.5577802658081055
0.5577695369720459
0.557716965675354
0.5576598644256592
0.5577132701873779
0.5577741861343384
0.5577531456947327
0.5576980710029602
0.5576683878898621
0.5576566457748413
0.5577064752578735
0.5577048063278198
0.557639479637146
0.557612955570221
0.55760657787323
0.55762779712677
0.5576404333114624
0.5576104521751404
0.5575779676437378
0.5575816631317139
0.5575918555259705
0.557601273059845
0.5575706362724304
0.5575655102729797
0.5575851798057556
0.5575954914093018
0.5575845241546631
0.5575870275497437
0.5576134324073792
0.5576032996177673
0.5576202869415283
0.5576068162918091
0.5575749278068542
0.5575944185256958
0.5576173067092896
0.5576285123825073
0.557610809803009
0.5575910210609436
0.5575846433639526
0.5575881004333496
0.5576126575469971
0.5576005578041077
