2.1143953800201416
2.2649927139282227
2.417584180831909
2.564192533493042
2.7117984294891357
2.8643887042999268
3.015984535217285
3.180544376373291
3.341114044189453
3.4996914863586426
3.6532795429229736
3.807866096496582
3.958463668823242
4.111055612564087
4.266639232635498
4.427209138870239
4.572819232940674
4.731395721435547
4.878004550933838
5.030595302581787
5.185181379318237
5.335778474807739
5.4833831787109375
5.6339802742004395
5.787569284439087
5.977063179016113
6.142619609832764
6.291223049163818
6.4418206214904785
6.5954084396362305
6.7430198192596436
6.8966028690338135
7.0581724643707275
7.2177441120147705
7.377317428588867
7.538886070251465
7.698459148406982
7.8879523277282715
8.049520492553711
8.213083028793335
8.382629156112671
8.54918384552002
8.706761121749878
8.88727855682373
9.05283522605896
9.216397285461426
9.38095736503601
9.559481620788574
9.723043203353882
9.878626108169556
10.033213138580322
10.190791130065918
10.35435962677002
10.508940696716309
10.661532878875732
10.830082178115845
10.989660024642944
11.144240617752075
11.319771528244019
11.478347063064575
11.630943775177002
11.798491716384888
11.94709300994873
12.09769058227539
12.279205322265625
12.437780857086182
12.594362020492554
12.755929231643677
12.907524824142456
13.107987880706787
13.267561197280884
13.424142599105835
13.589699029922485
13.746315479278564
13.895879983901978
14.049469232559204
14.209042310714722
14.36861538887024
14.525196552276611
14.67479658126831
14.851324319839478
15.002919912338257
15.158502340316772
15.345004081726074
15.551452398300171
15.707079410552979
15.866608381271362
16.024186849594116
16.17279052734375
16.333359718322754
16.494927883148193
16.646523237228394
16.80210590362549
16.978633642196655
17.138208866119385
17.29379153251648
17.49126362800598
17.69072961807251
17.844318866729736
18.000900268554688
18.16246724128723
18.34298539161682
18.525495767593384
18.679086685180664
18.829683303833008
18.980280876159668
19.138855934143066
19.294439554214478
19.46398639678955
19.64051389694214
19.803078651428223
19.95766592025757
20.105271577835083
20.29276967048645
20.444364070892334
20.62288522720337
20.786448001861572
20.953999519348145
21.10459804534912
21.279130697250366
21.432719230651855
21.60226607322693
21.7588472366333
21.954324960708618
22.102927207946777
22.254521131515503
22.403124809265137
22.560701847076416
22.709304809570312
22.877854585647583
23.035433053970337
23.198994398117065
23.349591732025146
23.500190258026123
23.654775857925415
23.810359001159668
23.984893321990967
24.14147424697876
24.305037021636963
24.4636127948761
24.616203546524048
24.78475332260132
24.93933939933777
25.115867137908936
25.282422065734863
25.44099712371826
25.61253809928894
25.777098894119263
25.94165873527527
26.099236249923706
26.255819082260132
26.410404682159424
26.558009386062622
26.713593244552612
26.871172189712524
27.024761199951172
27.185332775115967
27.337923526763916
27.488520622253418
27.638121604919434
27.79669690132141
27.956270217895508
28.11185312271118
28.270429372787476
28.43498921394348
28.5835919380188
28.733191967010498
28.882790327072144
29.034385919570923
29.185980319976807
29.34156346321106
29.49515414237976
29.6517333984375
29.813302516937256
29.96788787841797
30.123471975326538
30.294016122817993
30.442617893218994
30.600197553634644
30.75278949737549
30.911365270614624
31.080910444259644
31.234500885009766
31.386094331741333
31.540680646896362
31.692275762557983
31.847858905792236
32.014413595199585
32.163015842437744
32.324583530426025
32.47917652130127
32.66866397857666
32.827239751815796
32.979830741882324
33.13042879104614
33.28302001953125
33.459548473358154
33.61812400817871
33.791659116744995
33.942256689071655
34.09584641456604
34.24843740463257
34.401029109954834
34.553621768951416
34.71020317077637
34.88374328613281
35.03732705116272
35.21884202957153
35.39337515830994
35.54596662521362
35.70155048370361
35.89503335952759
36.043635845184326
36.205204248428345
36.36876702308655
36.52135729789734
36.67394948005676
36.85147547721863
37.003074407577515
37.15466332435608
37.3142364025116
37.46583104133606
37.6313898563385
37.807915925979614
37.97945809364319
38.13005495071411
38.31456208229065
38.485105991363525
38.64368176460266
38.81522226333618
38.97379779815674
39.139354944229126
39.2989296913147
39.4674768447876
39.634032249450684
39.79859280586243
39.95417594909668
40.13469171524048
40.296260356903076
40.45782732963562
40.622387409210205
40.77597641944885
40.93156099319458
41.08814239501953
41.24571967124939
41.40329957008362
41.560877323150635
41.7234423160553
41.88002347946167
42.032615184783936
42.181217432022095
42.34976768493652
42.50634813308716
42.659937381744385
42.81452441215515
42.96412467956543
43.11671710014343
43.26831078529358
43.42788314819336
43.58645939826965
43.74004864692688
43.887653827667236
44.03825044631958
44.19383454322815
44.3494188785553
44.50799369812012
44.6605863571167
44.815173625946045
44.968767166137695
45.1173632144928
45.278931617736816
45.43750834465027
45.605064153671265
45.77560234069824
45.93118667602539
46.08677053451538
46.245346546173096
46.395944595336914
46.543548583984375
46.72007775306702
46.87765550613403
47.044209003448486
47.20278596878052
47.35737323760986
47.56581425666809
47.714417457580566
47.869003772735596
48.01960110664368
48.17618179321289
48.338746786117554
48.50929117202759
48.662880182266235
48.81946158409119
49.01094937324524
49.21540117263794
49.37398386001587
49.5295615196228
49.68414902687073
49.84571647644043
50.008280515670776
50.162866830825806
50.31545972824097
50.46605706214905
50.61864876747131
50.80914306640625
50.99364519119263
51.148232221603394
51.39257860183716
51.624956369400024
51.77156352996826
51.92714858055115
52.08273243904114
52.23233103752136
52.38592076301575
52.54349875450134
52.701077461242676
52.88059687614441
53.03618121147156
53.19375967979431
53.34934377670288
53.50093746185303
53.652568101882935
53.81111001968384
53.962703466415405
54.12726306915283
54.298803091049194
54.45438766479492
54.60498905181885
54.75757598876953
54.90817427635193
55.06275987625122
55.261229038238525
55.41282367706299
55.570401668548584
55.732966899871826
55.901517152786255
56.05610418319702
56.20869565010071
56.36328196525574
56.51288056373596
56.66447567939758
56.827040910720825
56.98860836029053
57.14518904685974
57.311744928359985
57.46533393859863
57.62390851974487
57.782485008239746
57.9300901889801
58.08866548538208
58.2502338886261
58.40083050727844
58.55840873718262
58.73094844818115
58.888527154922485
59.044111013412476
59.19769883155823
59.35627555847168
59.50687313079834
59.71132469177246
59.865912199020386
60.02648186683655
60.17807674407959
60.353606939315796
60.508193492889404
60.659788608551025
60.831329584121704
60.99289679527283
61.146486043930054
61.30207014083862
61.457653760910034
61.627201318740845
61.80273199081421
61.96429991722107
62.1298565864563
62.29441499710083
62.44202160835266
62.65644669532776
62.80804109573364
62.96163249015808
63.13117694854736
63.28576326370239
63.43237280845642
63.586957693099976
63.754509687423706
63.92605137825012
64.07664895057678
64.23223328590393
64.38482451438904
64.53242945671082
64.67903637886047
64.83461999893188
64.99319624900818
65.1457884311676
65.29339337348938
65.44797992706299
65.61553120613098
65.76612877845764
65.91971755027771
66.12516808509827
66.27875852584839
66.43334364891052
66.59092259407043
66.7445125579834
66.90208983421326
67.05966877937317
67.20827269554138
67.3578712940216
67.51046299934387
67.66205763816833
67.81863856315613
67.97023296356201
68.15773224830627
68.31431221961975
68.46690464019775
68.69529438018799
68.84289956092834
68.99449396133423
69.15107440948486
69.30765700340271
69.47420954704285
69.62779974937439
69.78537726402283
69.94096231460571
70.09454989433289
70.24418592453003
70.39973402023315
70.55232572555542
70.71987843513489
70.86847972869873
71.03204226493835
71.1806468963623
71.33622860908508
71.50078964233398
71.65437746047974
71.81195664405823
71.96355056762695
72.11414790153503
72.2707302570343
72.41733813285828
72.56793451309204
72.72651076316833
72.88408923149109
73.05164122581482
73.20522952079773
73.36081266403198
73.51739764213562
73.67098498344421
73.82457208633423
73.98514294624329
74.13574051856995
74.28434300422668
74.44591164588928
74.59052395820618
74.74311566352844
74.89470982551575
75.05228853225708
75.20787191390991
75.35846900939941
75.51305747032166
75.68559408187866
75.84417009353638
75.99775981903076
76.16730570793152
76.32488417625427
76.4754810333252
76.63505554199219
76.79462885856628
76.95819091796875
77.11975812911987
77.2753415107727
77.42893123626709
77.58451581001282
77.74708080291748
77.90066981315613
78.06323409080505
78.2198166847229
78.37639737129211
78.54095697402954
78.69354915618896
78.84614133834839
78.99474358558655
79.14733409881592
79.29992651939392
79.45451331138611
79.61807489395142
79.77166438102722
79.92625164985657
80.08183407783508
80.24639415740967
80.39699149131775
80.55855917930603
80.71613907814026
80.87072420120239
81.02431321144104
81.17790269851685
81.33448433876038
81.49405694007874
81.64365720748901
81.7952561378479
82.7496976852417
83.6173768043518
84.50699853897095
85.36968970298767
86.27327227592468
87.13197565078735
88.0036449432373
88.86035251617432
89.73102331161499
90.68447256088257
91.6159815788269
92.49961757659912
93.44010210037231
94.31077361106873
95.20238780975342
96.11295247077942
97.06839656829834
97.96799039840698
98.868581533432
99.75421357154846
100.68472361564636
101.66510105133057
102.56569194793701
103.4453387260437
104.35889506340027
105.22557592391968
106.13015580177307
107.01080012321472
107.89244151115417
108.75912475585938
109.66968846321106
110.54335045814514
111.41702365875244
112.32757782936096
113.22916674613953
114.10981011390686
114.96552181243896
115.85514163970947
116.73778200149536
117.61144351959229
118.48909711837769
119.34181523323059
120.24639582633972
121.11207985877991
122.00868105888367
122.88633418083191
123.77296257019043
124.70846033096313
125.60705661773682
126.53856372833252
127.42918181419373
128.2998526096344
129.20941925048828
130.10203337669373
130.9697105884552
131.8553421497345
132.83671641349792
133.72434186935425
134.60997414588928
135.46967315673828
136.37425422668457
137.2608823776245
138.13155341148376
139.03314232826233
139.92874670028687
140.83033514022827
141.72294735908508
142.67041206359863
143.62884855270386
144.49153995513916
145.37118816375732
146.24285674095154
147.11552214622498
147.9961667060852
149.0084581375122
149.92600297927856
150.78370928764343
151.6823046207428
152.56295037269592
153.44459104537964
154.32224297523499
155.16299533843994
156.05461049079895
156.93924260139465
157.86277270317078
158.72347021102905
159.58516478538513
160.4648118019104
161.34944605827332
162.19418573379517
163.0469057559967
163.91358757019043
164.85307455062866
165.76463627815247
166.64727449417114
167.55783820152283
168.52225947380066
169.37996435165405
170.30249643325806
171.18015027046204
172.05480885505676
173.0471546649933
174.0175585746765
174.94208598136902
175.9244589805603
176.85097932815552
177.79944372177124
178.66911578178406
179.571702003479
180.49523091316223
181.35194063186646
182.30439138412476
183.19899988174438
184.0866241455078
184.95430326461792
185.87583994865417
186.7564823627472
187.66804432868958
188.520765542984
189.36051654815674
190.26210474967957
191.1477370262146
192.0293788909912
192.97285509109497
193.8564898967743
194.75309300422668
195.6786172389984
196.5492880344391
197.40998578071594
198.29561686515808
199.16927862167358
200.0389528274536
200.89865398406982
201.8092179298401
202.6739046573639
203.54457569122314
204.4142484664917
205.33777832984924
206.19747948646545
207.0651571750641
207.93682646751404
208.88130044937134
209.84571933746338
210.75827813148499
211.66585087776184
212.62628149986267
213.5707561969757
214.55213022232056
215.44274759292603
216.31541442871094
217.19007396697998
218.06473422050476
218.95834302902222
219.92076992988586
220.87222361564636
221.74588775634766
222.62852597236633
223.52313327789307
224.41075801849365
225.30237317085266
226.21692657470703
227.13148164749146
227.99018454551697
228.88379406929016
229.7604477405548
230.7747347354889
231.7251923084259
232.6547064781189
233.50842380523682
234.35316276550293
235.20887351036072
236.0735626220703
236.93425917625427
237.81789541244507
238.6935532093048
239.5632255077362
240.42591786384583
241.35642886161804
242.25702047348022
243.13766431808472
244.0282814502716
244.8819980621338
245.75067496299744
246.62533569335938
247.49301505088806
248.38762140274048
249.26028776168823
250.18780636787415
251.05149507522583
252.05979752540588
252.96737360954285
253.89987587928772
254.84534788131714
255.76787853240967
256.6505196094513
257.55509901046753
258.4138021469116
259.32635974884033
260.2488934993744
261.1405086517334
262.01117968559265
262.902792930603
263.7794497013092
264.65311193466187
265.52577781677246
266.40442728996277
267.2960410118103
268.18566131591797
269.0294044017792
269.9020700454712
270.7907040119171
271.7112307548523
272.61780762672424
273.57923579216003
274.4688539505005
275.3724386692047
276.3069386482239
277.1616508960724
278.02733516693115
278.9079806804657
279.7916171550751
280.665278673172
281.56786584854126
282.41360211372375
283.27230501174927
284.151953458786
285.02661418914795
285.88232469558716
286.76296973228455
287.6446108818054
288.5033121109009
289.3650085926056
290.25961565971375
291.1741683483124
292.0508232116699
292.9952962398529
293.8879098892212
294.75359296798706
295.6611657142639
296.66248774528503
297.56307888031006
298.44970703125
299.40315675735474
300.2738263607025
301.1754159927368
302.0391049385071
302.9357075691223
303.81435561180115
304.71295261383057
305.6125454902649
306.5290951728821
307.41073536872864
308.29437232017517
309.2288718223572
310.16437101364136
311.0230724811554
311.9446074962616
312.80929470062256
313.77670645713806
314.65834951400757
315.55295515060425
316.4196379184723
317.28831338882446
318.22082018852234
319.08550548553467
319.98709535598755
320.8637502193451
321.806227684021
322.678893327713
323.5535535812378
324.41524863243103
325.2709610462189
326.1246774196625
327.0043246746063
327.91189551353455
328.7945353984833
329.6662030220032
330.6166615486145
331.5431818962097
332.4308099746704
333.31344747543335
334.21702909469604
335.11363220214844
336.04214787483215
336.98662066459656
337.977970123291
338.8935196399689
339.8060791492462
340.67974162101746
341.5903069972992
342.4779326915741
343.3545870780945
344.25418162345886
345.12884163856506
346.0154700279236
346.8592131137848
347.7657878398895
348.65241622924805
349.5240840911865
350.4326527118683
351.285373210907
352.1370949745178
353.0147473812103
353.894394159317
354.8179223537445
355.70455050468445
356.59417247772217
357.47481513023376
358.3245425224304
359.2081789970398
360.1027855873108
361.0143485069275
361.88601541519165
362.73474526405334
363.60741209983826
364.4780831336975
365.3746848106384
366.2732813358307
367.13198375701904
367.987694978714
368.8434045314789
369.7120826244354
370.6166615486145
371.48633551597595
372.3839349746704
373.29948472976685
374.1761395931244
375.11562633514404
376.04414415359497
376.9507191181183
377.88222765922546
378.7489092350006
379.6963744163513
380.54909324645996
381.4736201763153
382.3482804298401
383.3595759868622
384.25617575645447
385.13582372665405
386.0074927806854
386.9180567264557
387.77277088165283
388.63646054267883
389.48319363594055
390.3678274154663
391.2753999233246
392.2258584499359
393.0725932121277
394.0400059223175
394.91865396499634
395.855149269104
396.70786786079407
397.58153080940247
398.4571888446808
399.3577799797058
400.2404205799103
401.1489896774292
402.0356180667877
402.89132714271545
403.7889277935028
404.67355966567993
405.5621829032898
406.41889238357544
407.3324484825134
408.3088355064392
409.1954643726349
410.09206676483154
410.97769832611084
411.861332654953
412.762921333313
413.6375825405121
414.5311918258667
415.3968765735626
416.27053809165955
417.1202664375305
418.0497794151306
418.93541049957275
419.89883399009705
420.81039571762085
421.6820640563965
422.57268166542053
423.45232677459717
424.32000732421875
425.2245879173279
426.1201927661896
426.98587679862976
427.87749123573303
428.8498888015747
429.7385115623474
430.602201461792
431.4708776473999
432.39540457725525
433.2551054954529
434.1267731189728
435.01140880584717
435.9259617328644
436.82156467437744
437.71317982673645
438.5958204269409
439.5213441848755
440.3810441493988
441.22678208351135
442.0824930667877
442.9751064777374
443.90761041641235
444.7762858867645
445.61903166770935
446.5664985179901
447.4401602745056
448.32978200912476
449.20942878723145
450.1110155582428
451.05449390411377
451.9530894756317
452.8905804157257
453.74330019950867
454.5880398750305
455.4467439651489
456.4131588935852
457.2957966327667
458.175443649292
459.15083503723145
460.0344707965851
460.92309379577637
461.79177165031433
462.67440915107727
463.5650272369385
464.4935441017151
465.4031114578247
466.3585555553436
467.28806805610657
468.17669129371643
469.0543429851532
469.90606451034546
470.83657693862915
471.7202117443085
472.60285210609436
473.50244426727295
474.36613392829895
475.2188529968262
476.0805492401123
476.9871242046356
477.8907058238983
478.7573893070221
479.6599736213684
480.5206835269928
481.4102909564972
482.29592204093933
483.18853425979614
484.0552179813385
484.9378561973572
485.80653262138367
486.7290632724762
487.5917592048645
488.4823739528656
489.38595747947693
490.3035032749176
491.18713879585266
492.08772921562195
492.9554092884064
493.8789396286011
494.7745430469513
495.6791241168976
496.55577754974365
497.45237970352173
498.35396695137024
499.33733654022217
500.2129943370819
501.0736975669861
501.929404258728
502.81304001808167
503.6517975330353
504.50052523612976
505.35922861099243
506.210951089859
507.07264518737793
508.0191147327423
508.93665885925293
509.8452296257019
510.7238793373108
511.6085116863251
512.4891579151154
513.3498537540436
514.2085571289062
515.0662622451782
515.9179840087891
516.8315405845642
517.6982216835022
518.564905166626
519.4295904636383
520.3541293144226
521.2058403491974
522.0645425319672
522.9252412319183
523.8198466300964
524.7164494991302
525.6539416313171
526.5884408950806
527.5179557800293
528.4464719295502
529.3420763015747
530.2446601390839
531.2290284633636
532.1286208629608
533.007271528244
533.882928609848
534.7785322666168
535.6581792831421
536.5418171882629
537.3965306282043
538.2751793861389
539.1957175731659
540.0943129062653
540.9919128417969
541.9274108409882
542.783120393753
543.7236058712006
544.6441433429718
545.6145474910736
546.5021722316742
547.4077496528625
548.3282871246338
549.2019498348236
550.0796031951904
550.9772019386292
551.8937509059906
552.7444746494293
553.6171410083771
554.5047657489777
555.3704497814178
556.2461082935333
557.1167783737183
557.9984214305878
558.8571240901947
559.7208125591278
560.6214039325714
561.5209968090057
562.4225869178772
563.347113609314
564.3125295639038
565.2280826568604
566.1486196517944
567.0711517333984
567.9637641906738
568.9451377391815
569.8277773857117
570.7612793445587
571.6149957180023
572.4856679439545
573.3782789707184
574.2439637184143
575.1016690731049
575.9683523178101
576.8250603675842
577.688750743866
578.5434622764587
579.4330837726593
580.3157227039337
581.2083342075348
582.0809993743896
582.9925622940063
583.8712110519409
584.8017230033875
585.740211725235
586.6577572822571
587.6431226730347
588.592581987381
589.4941694736481
590.4765419960022
591.3342473506927
592.1849715709686
593.0715997219086
593.937285900116
594.7860152721405
595.6407291889191
596.5193784236908
597.4189713001251
598.301611661911
599.2101802825928
600.0918214321136
600.9804441928864
601.8790414333344
602.7626776695251
603.6493062973022
604.5508930683136
605.437522649765
606.3670363426208
607.226735830307
608.1632306575775
609.1166799068451
609.9933352470398
610.8969192504883
611.7945168018341
612.6891248226166
613.5807399749756
614.4504129886627
615.3510031700134
616.2146940231323
617.0564410686493
617.9001843929291
618.7578916549683
619.6614739894867
620.5889935493469
621.4766187667847
622.3472898006439
623.267826795578
624.1335101127625
625.0131571292877
625.933696269989
626.8342859745026
627.787736415863
628.7312119007111
629.6318023204803
630.5433638095856
631.4848456382751
632.4003965854645
633.284033536911
634.2105541229248
635.1261065006256
635.991791009903
636.8933792114258
637.7810049057007
638.6337234973907
639.4924263954163
640.3960099220276
641.30557513237
642.2739849090576
643.1616103649139
644.0821492671967
645.0096678733826
645.9661083221436
646.8657021522522
647.8241398334503
648.7177491188049
649.6542444229126
650.529901266098
651.3945875167847
652.2732381820679
653.1459028720856
654.040510892868
654.919159412384
655.8267331123352
656.7013926506042
657.5979933738708
658.4676687717438
659.3353471755981
660.2040238380432
661.1175796985626
662.0141806602478
662.9397044181824
663.8253366947174
664.6840398311615
665.5626881122589
666.4503140449524
667.3339502811432
668.2096092700958
669.126157283783
670.0117907524109
670.9762079715729
671.8509056568146
672.7355010509491
673.6131534576416
674.4748494625092
675.3734459877014
676.2870008945465
677.1576733589172
678.0482907295227
678.9907684326172
679.8943529129028
680.7749972343445
681.7084984779358
682.5981204509735
683.5386033058167
684.4611353874207
685.3607294559479
686.2912409305573
687.2077879905701
688.1422901153564
689.071802854538
689.99134349823
690.8530385494232
691.7935228347778
692.6671848297119
693.5308756828308
694.426479101181
695.3051292896271
696.1827812194824
697.0684125423431
697.9799737930298
698.8975183963776
699.7951190471649
700.6747641563416
701.5424435138702
702.4061341285706
703.2728145122528
704.1315188407898
705.0081725120544
705.8808391094208
706.7455251216888
707.6780321598053
708.3213112354279
708.3732044696808
708.4280581474304
708.4539570808411
708.4799134731293
708.5058543682098
708.5317850112915
708.5567083358765
708.5826137065887
708.6085569858551
708.632527589798
708.6584098339081
708.6833682060242
708.7082772254944
708.7342369556427
708.758142709732
708.7840747833252
708.810028553009
708.8349850177765
708.860892534256
708.8858284950256
708.9107668399811
708.936690568924
708.9635949134827
708.9885559082031
709.0144839286804
709.0394268035889
709.0653479099274
709.0902552604675
709.1152300834656
709.140145778656
709.1650550365448
709.1900136470795
709.214967250824
709.2408525943756
709.265810251236
709.2917158603668
709.3166828155518
709.3405861854553
709.3655426502228
709.3914797306061
709.4154145717621
709.4413409233093
709.4662916660309
709.4921834468842
709.5171506404877
709.5430490970612
709.5690040588379
709.5939524173737
709.6188702583313
709.6438193321228
709.668708562851
709.6946377754211
709.7186207771301
709.7445282936096
709.7684638500214
709.7943952083588
709.8193321228027
709.8452594280243
709.869220495224
709.8951277732849
709.9190797805786
709.9449682235718
709.9689297676086
709.9938716888428
710.0197916030884
710.0447459220886
710.0696692466736
710.0955941677094
710.1195025444031
710.1444602012634
710.16841340065
710.1943290233612
710.2182621955872
710.2441694736481
710.2691049575806
710.2950577735901
710.3189942836761
710.3459205627441
710.3708622455597
710.3977830410004
710.4217178821564
710.4476547241211
710.4715845584869
710.4965391159058
710.5224270820618
710.5473806858063
710.5723149776459
710.5972542762756
710.6222019195557
710.648122549057
710.6730499267578
710.6989848613739
710.7249073982239
710.7498602867126
710.77574634552
710.8007082939148
710.8256595134735
710.8505697250366
710.8755238056183
