2.396672248840332
2.558267593383789
2.715867280960083
2.872960329055786
3.02358341217041
3.182668447494507
3.3332908153533936
3.489386796951294
3.6439952850341797
3.808077096939087
3.961723804473877
4.124280214309692
4.2724034786224365
4.42701268196106
4.575129747390747
4.746701002120972
4.902801990509033
5.056418418884277
5.216019153594971
5.369122266769409
5.520746231079102
5.682823896408081
5.842422246932983
6.000511169433594
6.151132822036743
6.302242994308472
6.452862739562988
6.6039698123931885
6.764561176300049
6.925156831741333
7.078258037567139
7.233842372894287
7.40937352180481
7.567949056625366
7.726525068283081
7.900059938430786
8.060630321502686
8.21621561050415
8.38675856590271
8.548326253890991
8.71488070487976
8.88841724395752
9.04499888420105
9.19758939743042
9.357162475585938
9.513744592666626
9.672321081161499
9.827903985977173
9.987475872039795
10.14106559753418
11.107481241226196
11.282013893127441
11.447570323944092
11.601160049438477
11.761729955673218
11.935266256332397
12.11877727508545
12.2903413772583
12.468892335891724
12.619003772735596
12.780596017837524
12.939198970794678
13.093298435211182
13.255887269973755
13.413979291915894
13.573576211929321
13.764089822769165
13.930666208267212
14.11867618560791
14.318165063858032
14.487735033035278
14.656311511993408
14.82337737083435
14.977986335754395
15.169501066207886
15.324599027633667
15.49017858505249
15.64877700805664
15.849266052246094
16.026305675506592
16.19288396835327
16.379411458969116
16.54499387741089
16.70707106590271
16.88362407684326
17.048208951950073
17.24567937850952
17.424203157424927
17.58477258682251
17.740356922149658
17.92984938621521
18.086430549621582
18.240020275115967
18.44247841835022
18.608035564422607
18.77259612083435
18.93815326690674
19.096728086471558
19.26527762413025
19.421858549118042
20.419957399368286
20.577536821365356
20.73411750793457
20.886710166931152
21.08517813682556
21.242756605148315
21.41230344772339
21.586836099624634
21.76436185836792
21.921940088272095
22.078521251678467
22.24008870124817
22.391683340072632
22.54527235031128
22.70185399055481
22.856440782546997
23.008034467697144
23.172595262527466
23.328178644180298
23.505704641342163
23.653308391571045
23.808892250061035
23.97943687438965
24.1459903717041
24.30855679512024
24.456162452697754
24.615734815597534
24.782289028167725
24.938870191574097
25.097445249557495
25.25801658630371
25.41559410095215
25.57317328453064
25.732747077941895
25.88832998275757
26.04690670967102
26.20647931098938
26.3690447807312
26.52762007713318
26.681208848953247
26.8377902507782
26.991379976272583
27.164915084838867
27.31650948524475
27.4740891456604
27.643634557724
27.809191942214966
27.98372507095337
28.14529252052307
28.321821689605713
29.283421516418457
29.45795464515686
29.61353826522827
29.761144638061523
29.915730953216553
30.08926558494568
30.265793561935425
30.423378229141235
30.620844841003418
30.775430917739868
30.956944942474365
31.12050771713257
31.299030780792236
31.496502161026
31.671035289764404
31.831604957580566
31.983200311660767
32.141289710998535
32.32080960273743
32.47739052772522
32.631978034973145
32.78756141662598
32.95112347602844
33.11468505859375
33.27126693725586
33.4328339099884
33.58941650390625
33.740013122558594
33.94147443771362
34.10703158378601
34.276578426361084
34.43415665626526
34.593729972839355
34.75729250907898
34.91487002372742
35.069456338882446
35.25097060203552
35.40954637527466
35.56612849235535
35.73766875267029
35.906219482421875
36.06778645515442
36.25827598571777
36.4597384929657
36.610334634780884
36.75993537902832
36.915518283843994
37.083070516586304
37.239652156829834
37.40221691131592
38.36464309692383
38.52022647857666
38.68478560447693
38.85433220863342
39.003931522369385
39.15851855278015
39.36596322059631
39.52354168891907
39.690096855163574
39.848673582077026
40.008246421813965
40.17579698562622
40.3253972530365
40.49095392227173
40.68244194984436
40.834036350250244
40.983635902404785
41.15622043609619
41.32472372055054
41.4753212928772
41.632901430130005
41.7904794216156
41.947059631347656
42.12657928466797
42.29114031791687
42.44672226905823
42.60529851913452
42.769859075546265
42.93441891670227
43.09498834609985
43.253565311431885
43.414135217666626
43.58567547798157
43.74525046348572
43.90980863571167
44.068384647369385
44.24391460418701
44.40449404716492
44.57103967666626
44.72861981391907
44.88919115066528
45.05374836921692
45.22030282020569
45.382869243621826
45.55939793586731
45.71697640419006
45.87754487991333
46.03612160682678
46.197688579559326
46.36025357246399
47.323710203170776
47.49721360206604
47.668755531311035
47.82832741737366
47.99189043045044
48.165424823760986
48.331979513168335
48.50252413749695
48.65810704231262
48.835633516311646
48.993210554122925
49.167744636535645
49.33230376243591
49.49586725234985
49.65344429016113
49.830970287323
49.99652647972107
50.152111530303955
50.308693170547485
50.46826481819153
50.66972589492798
50.88016438484192
51.03873872756958
51.19731640815735
51.35688781738281
51.511476039886475
51.67005181312561
51.826632261276245
51.99518179893494
52.189661502838135
52.37217164039612
52.552690505981445
52.708274126052856
52.874829053878784
53.04737067222595
53.20294976234436
53.38047528266907
53.55101990699768
53.70760226249695
53.876150131225586
54.040708780288696
54.19632935523987
54.35287547111511
54.522420167922974
54.68598294258118
54.870489835739136
55.04302740097046
55.20659112930298
55.38511371612549
55.58457946777344
56.555893898010254
56.731425762176514
56.89199638366699
57.0804922580719
57.23308253288269
57.431551933288574
57.60309290885925
57.75568628311157
57.9212429523468
58.078821897506714
58.353086948394775
58.52163767814636
58.682207345962524
58.85574197769165
59.010329484939575
59.17089891433716
59.36936807632446
59.5259530544281
59.69549632072449
59.87601351737976
60.039576053619385
60.222087144851685
60.377670764923096
60.52826809883118
60.69981002807617
60.862374782562256
61.036909103393555
61.19947266578674
61.35904574394226
61.52560043334961
61.68118405342102
61.850730657577515
62.0162889957428
62.18284201622009
62.34540772438049
62.50597786903381
62.678516149520874
62.83509802818298
63.001651763916016
63.179665088653564
63.34023642539978
63.497814416885376
63.67733407020569
63.83890128135681
63.998475551605225
64.17101263999939
64.32559967041016
64.48018670082092
64.66269826889038
64.82526326179504
65.78170418739319
65.9412784576416
66.10683465003967
66.29832220077515
66.46188473701477
66.62943649291992
66.79499435424805
66.95855617523193
67.1211211681366
67.27670526504517
67.44525456428528
67.60582542419434
67.76340293884277
67.91898775100708
68.07357454299927
68.22915744781494
68.3957130908966
68.56027317047119
68.7208423614502
68.89737010002136
69.05694270133972
69.21452307701111
69.37210011482239
69.53765869140625
69.70321416854858
69.85780143737793
70.01338648796082
70.17196202278137
70.35148119926453
70.54795455932617
70.7015450000763
70.85513472557068
71.02168726921082
71.17527675628662
71.34980964660645
71.50838541984558
71.67793202400208
71.85047030448914
72.00306224822998
72.15764951705933
72.31921696662903
72.47579860687256
72.63637018203735
72.79893493652344
72.95950436592102
73.12107157707214
73.31854343414307
73.52100276947021
73.68157243728638
73.84812664985657
74.81611514091492
74.99763011932373
75.16917061805725
75.32375717163086
75.48033833503723
75.63791704177856
75.81743717193604
75.98399090766907
76.15652966499329
76.3230848312378
76.48465180397034
76.6801290512085
76.8456859588623
77.02819776535034
77.22467231750488
77.39721155166626
77.5468111038208
77.72134375572205
77.8988687992096
78.08836317062378
78.24494314193726
78.40052676200867
78.56408929824829
78.71568441390991
78.90916633605957
79.07472395896912
79.22931003570557
79.38589119911194
79.55244588851929
79.71002411842346
79.86660552024841
80.03714942932129
80.19472742080688
80.3503110408783
80.50589513778687
80.65848731994629
80.81606602668762
80.97164964675903
81.12224626541138
81.29079580307007
81.4453821182251
81.61293387413025
81.76253366470337
81.92809081077576
82.0776903629303
82.23925828933716
82.3938455581665
82.55341863632202
82.72396183013916
82.88154029846191
83.8399977684021
84.04145312309265
84.19903230667114
84.35062575340271
84.50421571731567
84.66877436637878
84.85228419303894
85.00986194610596
85.16843795776367
85.32701468467712
85.47561597824097
85.63518977165222
85.79775476455688
85.94835138320923
86.10293841362
86.28844237327576
86.43903946876526
86.59761476516724
86.75419640541077
86.91476655006409
87.07334208488464
87.22593450546265
87.38052177429199
87.55405616760254
87.71263194084167
87.8761944770813
88.0457410812378
88.2112979888916
88.36887669563293
88.53642916679382
88.69001770019531
88.84659957885742
89.00716972351074
89.18469429016113
89.33629059791565
89.49586415290833
89.651447057724
89.85490226745605
90.0055000782013
90.16207981109619
90.31666684150696
90.47923278808594
90.64778184890747
90.8452537059784
91.01779103279114
91.17836260795593
91.33992981910706
91.50249409675598
91.73387622833252
91.89444589614868
93.89708971977234
95.09289002418518
96.28470182418823
97.4266471862793
98.6733124256134
99.86312985420227
100.99111247062683
102.07720804214478
103.20120072364807
104.41694855690002
105.52697920799255
106.65795421600342
107.7859377861023
108.91691160202026
110.04589247703552
111.17487144470215
112.28091263771057
113.47272539138794
114.66353940963745
115.8274278640747
116.9883222579956
118.18412208557129
119.27121353149414
120.35032725334167
121.5251841545105
122.65915107727051
123.76319885253906
124.8772177696228
125.99223637580872
127.09827637672424
128.3259928226471
129.4440016746521
130.62384748458862
131.80468702316284
132.89178037643433
134.03272700309753
135.26742434501648
136.4951412677765
137.61813592910767
138.83189010620117
139.94092273712158
141.05694007873535
142.22880268096924
143.32886004447937
144.4598355293274
145.6237232685089
146.71679854393005
147.8238377571106
148.96877479553223
150.10573363304138
152.32042336463928
153.45104336738586
154.58517503738403
155.8080906867981
156.94668817520142
158.12669444084167
159.3287935256958
160.49137592315674
161.66538190841675
162.85837745666504
164.09522223472595
165.2443335056305
166.43171763420105
167.65345072746277
168.7734534740448
169.9293622970581
171.05235767364502
172.17036819458008
173.30732583999634
174.44229006767273
175.55431461334229
176.7152099609375
177.85216808319092
178.9691801071167
180.06425094604492
181.18676376342773
182.4124834537506
183.55243563652039
184.69537806510925
185.88519430160522
186.9982168674469
188.14215683937073
189.2721357345581
190.43402647972107
191.60589265823364
192.70395421981812
193.8269510269165
194.90007948875427
196.058979511261
197.15205574035645
198.23316431045532
199.36812782287598
200.54298639297485
201.7587332725525
202.93758153915405
204.140362739563
205.3261914253235
206.46813535690308
207.57617259025574
208.88467240333557
210.79630136489868
211.9472222328186
213.10113549232483
214.20817613601685
215.41993284225464
216.59379267692566
217.8913233280182
218.99437165260315
220.19516015052795
221.4009346961975
222.51994061470032
223.65191292762756
224.78189182281494
225.9647262096405
227.0957009792328
228.2585904598236
229.45738315582275
230.62449169158936
231.79137086868286
232.9383020401001
234.0373616218567
235.2341604232788
236.3790979385376
237.5868673324585
238.88938307762146
240.07421326637268
241.20119881629944
242.34015226364136
243.43223071098328
244.61870789527893
245.80752754211426
246.9554567337036
248.05750942230225
249.19347023963928
250.3573567867279
251.46140360832214
252.54450631141663
253.710387468338
254.81543135643005
255.98031568527222
257.1322340965271
258.2612159252167
259.3782260417938
260.5610628128052
261.74389839172363
262.835976600647
263.97692465782166
265.10490822792053
266.2169327735901
267.3329484462738
269.2099266052246
270.3079891204834
271.4509320259094
272.5240614414215
273.67199087142944
274.9026987552643
276.1413850784302
277.3222267627716
278.59282875061035
279.8285233974457
281.11009407043457
282.34379386901855
283.5455791950226
284.67356181144714
285.86537528038025
287.0352442264557
288.1442778110504
289.2243883609772
290.3404030799866
291.4574158191681
292.5514888763428
293.71138644218445
294.83338475227356
296.03417325019836
297.20703506469727
298.46267771720886
299.61359763145447
300.8034155368805
301.9802668094635
303.0783293247223
304.2242646217346
305.3193349838257
306.5071575641632
307.624169588089
308.7461681365967
309.88911151885986
310.99615025520325
312.19693756103516
313.4047067165375
314.60350155830383
315.7813494205475
316.95919919013977
318.15200781822205
319.38870096206665
320.5456051826477
321.8271780014038
322.9771008491516
324.1748969554901
325.36072516441345
326.5116460323334
328.5024063587189
329.7311198711395
330.91694736480713
332.02398657798767
333.22178316116333
334.3776903152466
335.4996905326843
336.6196928024292
337.7696177959442
338.9185435771942
340.0814332962036
341.1844825744629
342.2935152053833
343.45740365982056
344.6791341304779
345.837037563324
347.0358304977417
348.19971776008606
349.42843103408813
350.52449774742126
351.7073338031769
352.87520933151245
354.0779929161072
355.2578363418579
356.37584590911865
357.4888699054718
358.60189175605774
359.70494079589844
360.7860486507416
361.88710474967957
363.02805256843567
364.14805579185486
365.25210189819336
366.4758286476135
367.59583377838135
368.79263257980347
370.02134561538696
371.23110938072205
372.4478533267975
373.55389523506165
374.6490523815155
375.779944896698
376.91092133522034
378.00898337364197
379.1030559539795
380.19413709640503
381.3530375957489
382.4520981311798
383.8034827709198
384.9394438266754
386.8578305244446
388.1044921875
389.23646664619446
390.5170385837555
391.6918957233429
392.8258626461029
393.9269173145294
395.03694796562195
396.20083689689636
397.29790019989014
398.45680022239685
399.60373187065125
400.7556505203247
401.95444536209106
403.0515100955963
404.1974461078644
405.39125204086304
406.61697340011597
407.73099303245544
408.87892270088196
409.97798109054565
411.05609703063965
412.2907943725586
413.47063970565796
414.6514813899994
415.77647280693054
416.97027921676636
418.09327268600464
419.22125720977783
420.43662905693054
421.55364084243774
422.77636790275574
423.90135860443115
425.1829307079315
426.40167260169983
427.52167439460754
428.63868618011475
429.81254601478577
430.9455165863037
432.1253595352173
433.2264139652252
434.30652499198914
435.44348335266113
436.63330125808716
437.7323627471924
438.8174593448639
440.0830726623535
441.2050714492798
442.5484778881073
443.811101436615
445.84366512298584
446.97863006591797
448.1674473285675
449.35028314590454
450.49322605133057
451.5932846069336
452.71229004859924
453.9679310321808
455.09292364120483
456.2029540538788
457.3000180721283
458.4160327911377
459.6307854652405
460.7767198085785
461.9236509799957
463.0167257785797
464.1556794643402
465.27069640159607
466.51436972618103
467.62838983535767
468.7436103820801
470.01421332359314
471.134215593338
472.2322795391083
473.3492901325226
474.52315187454224
475.6660933494568
476.77213406562805
477.84825682640076
478.97823452949524
480.17802381515503
481.32695174217224
482.4798674583435
483.5500042438507
484.68796038627625
485.79499983787537
486.8850829601288
487.9921224117279
489.11511850357056
490.2291376590729
491.3900339603424
492.5718729496002
493.68688917160034
494.88268971443176
495.9837441444397
497.21544885635376
498.35240840911865
499.51629543304443
500.7360315322876
501.8630168437958
503.68748354911804
504.81347250938416
506.000296831131
507.20806765556335
508.33804512023926
509.4759998321533
510.63290524482727
511.81175208091736
512.9467160701752
514.2133285999298
515.3582656383514
516.7006742954254
517.9603056907654
519.1531150341034
520.250180721283
521.3332824707031
522.400426864624
523.5304400920868
524.6434283256531
525.7484712600708
526.9083685874939
528.0174040794373
529.2331504821777
530.4149894714355
531.6097927093506
532.7756736278534
533.9824466705322
535.1602954864502
536.3102188110352
537.4591464996338
538.634003162384
539.7061347961426
540.7962191104889
541.9271936416626
543.0142862796783
544.1891431808472
545.2991740703583
546.4131946563721
547.5451662540436
548.7768714427948
549.9447479248047
551.3250544071198
552.5019071102142
553.6019637584686
554.8855323791504
555.960654258728
557.1215493679047
558.2664875984192
559.5560374259949
560.7747764587402
562.7854099273682
563.9592711925507
565.2408428192139
566.4097151756287
567.5456779003143
568.871129989624
570.0300314426422
571.1839447021484
572.4635217189789
573.6762766838074
574.7873065471649
575.9362320899963
577.0572328567505
578.1622774600983
579.3062169551849
580.5040135383606
581.678870677948
582.8327882289886
583.9149310588837
584.997992515564
586.1169996261597
587.2260324954987
588.3410494327545
589.4421033859253
590.6209511756897
591.7489337921143
592.8779199123383
593.9789695739746
595.1179211139679
596.280809879303
597.3968255519867
598.5637040138245
599.712630033493
600.8834986686707
602.0473849773407
603.2461791038513
604.46990442276
605.6228213310242
606.7817203998566
607.9894905090332
609.165344953537
610.368127822876
611.4671874046326
612.5861940383911
613.7191636562347
614.9079828262329
616.0230009555817
617.1459968090057
618.2131423950195
619.3491039276123
621.2779450416565
622.4248769283295
623.5628311634064
624.6748621463776
625.7908716201782
626.9388015270233
628.0737648010254
629.1718280315399
630.3446912765503
631.4627006053925
632.5607964992523
633.691737651825
634.808748960495
635.9417192935944
637.0906460285187
638.3053958415985
639.5371010303497
640.6999905109406
641.8558990955353
643.0028319358826
644.1557476520538
645.3186366558075
646.5493431091309
647.7501320838928
648.9419434070587
650.0400063991547
651.2597441673279
652.3747608661652
653.510721206665
654.6257393360138
655.7457435131073
656.8856945037842
658.1213879585266
659.2493715286255
660.4381909370422
661.6280088424683
662.7470152378082
663.8710086345673
665.0249223709106
666.1479172706604
667.2619378566742
668.4248268604279
669.5787410736084
670.6997411251068
671.8017945289612
672.8918786048889
673.9869487285614
675.1977105140686
676.3605992794037
677.5075306892395
679.4374516010284
680.5973482131958
681.7492682933807
682.8632888793945
684.0281715393066
685.1741065979004
686.3639233112335
687.5736875534058
688.7435576915741
689.9204113483429
691.0783123970032
692.2292337417603
693.4010989665985
694.5500264167786
695.7308666706085
696.9336504936218
698.1045179367065
699.3142819404602
700.5001089572906
701.6430540084839
702.7391211986542
703.8700957298279
705.0090484619141
706.135036945343
707.2141497135162
708.3750443458557
709.5090119838715
710.633003950119
711.8118510246277
712.9956839084625
714.101725101471
715.2506520748138
716.3786356449127
717.5993695259094
718.781209230423
719.9361190795898
721.0431568622589
722.2050502300262
723.3370246887207
724.4300980567932
725.5999677181244
726.6850650310516
727.8260145187378
728.9599802494049
730.0710089206696
731.1850292682648
732.3319609165192
733.4270310401917
734.577951669693
735.7558016777039
737.6696815490723
738.7916815280914
739.9346227645874
741.0985095500946
742.2783534526825
743.3963632583618
744.5951573848724
745.7012310028076
746.824193239212
747.9840910434723
749.1838812828064
750.384669303894
751.502679347992
752.6326558589935
753.7785909175873
754.9983277320862
756.1163372993469
757.2562882900238
758.4181797504425
759.5561363697052
760.7120454311371
761.8629648685455
763.0667490959167
764.161815404892
765.3376700878143
766.4855997562408
767.6046080589294
768.7146394252777
769.9084448814392
770.9845650196075
772.2172679901123
773.3143329620361
774.4303483963013
775.5084636211395
776.5706233978271
777.7285258769989
778.8904178142548
780.1297919750214
781.2180149555206
782.3187139034271
783.627875328064
784.8880414962769
786.0928189754486
787.3534460067749
788.4844205379486
789.6952939033508
790.9515900611877
792.0407991409302
793.1998553276062
794.3349151611328
796.2473301887512
797.3972551822662
798.5352118015289
799.6053483486176
800.8031437397003
801.8732812404633
803.0561172962189
804.2439410686493
805.3958599567413
806.4939212799072
807.6498644351959
808.7379186153412
809.8474640846252
810.9355549812317
812.156289100647
813.2463729381561
814.4571335315704
815.6220185756683
816.749002456665
817.8580360412598
819.0089573860168
820.2227113246918
821.3666505813599
822.4816679954529
823.6266052722931
824.8124334812164
825.9753229618073
827.1721217632294
828.2731761932373
829.454017162323
830.6398451328278
831.8157000541687
832.9486691951752
834.0826354026794
835.3243143558502
836.5051555633545
837.6500940322876
838.7690994739532
839.8771367073059
841.1461336612701
842.3090229034424
843.5526962280273
844.6457726955414
845.7438361644745
846.8887722492218
848.0307176113129
849.163688659668
850.2437992095947
851.3348791599274
852.5107338428497
854.6028480529785
855.8564949035645
856.9844779968262
858.2470996379852
859.5994818210602
860.699539899826
861.815554857254
862.9535098075867
864.0475828647614
865.1256992816925
866.2377240657806
867.392635345459
868.5455508232117
869.6136937141418
870.7037777900696
871.8766405582428
873.2270283699036
874.3869252204895
875.5577998161316
876.6548588275909
877.8227348327637
879.0823657512665
880.2841503620148
881.452027797699
882.5590653419495
883.6900413036346
884.8130357265472
885.891152381897
887.0600266456604
888.1999762058258
889.2551531791687
890.3582026958466
891.5300691127777
892.7009363174438
893.8249297142029
895.0366878509521
896.1517057418823
897.3943810462952
898.4914474487305
899.6453609466553
900.8042595386505
901.9791169166565
903.3115527629852
904.439535856247
905.6483020782471
906.9089305400848
907.9790689945221
909.0960805416107
910.2330384254456
911.3291065692902
912.8853304386139
912.9222280979156
912.9571335315704
912.9920401573181
913.0199658870697
913.0478913784027
913.0748193264008
913.1027445793152
913.1296720504761
913.1566014289856
913.1835284233093
913.2084612846375
913.2333950996399
913.2573306560516
913.2812666893005
913.3052031993866
913.3301365375519
913.3550691604614
913.3790051937103
913.4029412269592
913.4278743267059
913.4508130550385
913.4757463932037
913.4996831417084
913.523618221283
913.5475542545319
913.5734856128693
913.596423625946
913.6213572025299
913.6452927589417
913.6692290306091
913.6931648254395
913.7171008586884
913.7410366535187
913.764972448349
913.7889091968536
913.8138418197632
913.8377778530121
913.861713886261
913.8866474628448
913.9105837345123
913.9345192909241
913.9584550857544
913.9823915958405
914.0063269138336
914.0302629470825
914.0541989803314
914.0791320800781
914.1030685901642
914.1299967765808
914.8621709346771
914.8861131668091
914.9100496768951
914.9340152740479
914.9579212665558
914.9818911552429
915.0058209896088
915.0297293663025
915.0536963939667
915.0776009559631
915.1025342941284
915.1264989376068
915.1514039039612
915.1753697395325
915.1992707252502
915.2232112884521
915.2471873760223
915.2721140384674
915.2960488796234
915.3199489116669
915.3438894748688
915.3688220977783
915.3927855491638
915.4166939258575
915.4406585693359
915.4655630588531
915.4896306991577
915.5131433010101
915.5370461940765
915.5620172023773
915.585919380188
915.6098523139954
915.6338274478912
915.6577241420746
915.681697845459
915.7056350708008
915.7295358181
915.753500699997
915.7774403095245
915.8023407459259
915.825306892395
915.8502132892609
915.8771417140961
915.9011034965515
915.9250135421753
915.94899559021
915.9728846549988
915.9968204498291
916.0217866897583
916.0457167625427
