12.381092071533203
10.757294654846191
9.13349723815918
8.14950942993164
7.608242988586426
7.066980361938477
6.525713920593262
5.984448432922363
5.443182945251465
4.90191650390625
5.150333404541016
5.577454566955566
5.633339881896973
5.404142379760742
4.948982238769531
4.310738563537598
3.6143639087677
3.6209754943847656
3.5631232261657715
3.449381113052368
3.286970376968384
3.3134765625
3.2714762687683105
2.998406410217285
2.5298335552215576
2.7973570823669434
3.1443841457366943
3.241471290588379
3.231740713119507
3.2470204830169678
3.204179525375366
3.1095199584960938
2.9686100482940674
2.786386728286743
3.1174190044403076
3.200725555419922
3.064276933670044
2.734867572784424
2.4562723636627197
2.695051670074463
2.704195022583008
2.5105395317077637
2.649796724319458
2.8372936248779297
2.8904833793640137
2.739975690841675
2.6422061920166016
2.6382081508636475
2.7588613033294678
2.6712305545806885
2.498758554458618
2.4915225505828857
2.6081228256225586
2.519779682159424
2.522900104522705
2.641106367111206
2.626051902770996
2.590043067932129
2.5033957958221436
2.431265354156494
2.385554552078247
2.4131991863250732
2.4474241733551025
2.4452693462371826
2.4152495861053467
2.49015474319458
2.4827308654785156
2.4294593334198
2.6530542373657227
2.6694111824035645
2.4867348670959473
2.565584421157837
2.6927716732025146
2.6117124557495117
2.4197049140930176
2.6431732177734375
2.7138867378234863
2.5834226608276367
2.4189271926879883
2.504422664642334
2.4539716243743896
2.451155424118042
2.3944802284240723
2.408663272857666
2.443162441253662
2.6020445823669434
2.5688328742980957
2.5522000789642334
2.577737808227539
2.5750510692596436
2.4644203186035156
2.4062492847442627
2.416811227798462
2.4285993576049805
2.472639799118042
2.467952013015747
2.409606456756592
2.3890488147735596
2.430898666381836
2.414431571960449
2.478951930999756
2.4678611755371094
2.4380245208740234
2.3914196491241455
2.373126983642578
2.412437677383423
2.4377055168151855
2.440617322921753
2.4235167503356934
2.388507843017578
2.355966806411743
2.3952133655548096
2.4121053218841553
2.4077019691467285
2.384228229522705
2.3506946563720703
2.3903720378875732
2.4086289405822754
2.4055862426757812
2.383453369140625
2.3572988510131836
2.3886539936065674
2.4059600830078125
2.402155876159668
2.3794331550598145
2.353865623474121
2.382674217224121
2.390686511993408
2.3786211013793945
2.355501890182495
2.3651785850524902
2.3654439449310303
2.354188919067383
2.3680648803710938
2.369091749191284
2.35139799118042
2.3630895614624023
2.3635573387145996
2.348680019378662
2.3587234020233154
2.350858688354492
2.351217746734619
2.3503758907318115
2.358121395111084
2.3536899089813232
2.361520290374756
2.3631954193115234
2.3600704669952393
2.367778778076172
2.3677892684936523
27.45851707458496
27.04012107849121
26.430330276489258
25.70470428466797
24.896644592285156
24.026023864746094
23.111980438232422
22.16658592224121
21.19680404663086
20.209819793701172
19.210628509521484
18.202573776245117
17.233205795288086
16.3526668548584
15.504384994506836
14.674447059631348
13.923463821411133
13.310646057128906
12.76872444152832
12.261958122253418
11.77515697479248
11.294289588928223
10.816970825195312
10.354911804199219
9.917346000671387
9.501144409179688
9.087650299072266
8.669425010681152
8.249446868896484
7.829038619995117
7.4339375495910645
7.090771675109863
6.789496421813965
6.526152610778809
6.2866129875183105
6.050075531005859
5.806532859802246
5.5547332763671875
5.301704406738281
5.054289817810059
4.822527885437012
4.626333236694336
4.4718918800354
4.360886096954346
4.279195785522461
4.198287010192871
4.121695518493652
4.061490535736084
4.006080627441406
3.9618704319000244
3.930878162384033
3.9060587882995605
3.8787577152252197
3.8449549674987793
3.797886848449707
3.7419910430908203
3.6884405612945557
3.641031503677368
3.605743408203125
3.581207036972046
3.563509464263916
3.547778606414795
3.5351288318634033
3.519620656967163
3.5047802925109863
3.494340658187866
3.487440347671509
3.4828593730926514
3.481595039367676
3.47768497467041
3.469872236251831
3.458582878112793
3.4504871368408203
3.441525459289551
3.432211399078369
3.4244179725646973
3.415639638900757
3.405947685241699
3.399312973022461
3.3957996368408203
3.3906219005584717
3.3873815536499023
3.384932041168213
3.384834051132202
3.384946346282959
3.3835864067077637
3.38390851020813
3.3835196495056152
3.382385730743408
3.381669759750366
3.379751682281494
3.377134084701538
3.3756556510925293
3.372952699661255
3.371765613555908
3.3714072704315186
3.369786024093628
3.3701272010803223
3.3701305389404297
3.3704206943511963
3.3707544803619385
3.3709163665771484
3.370710849761963
3.369422435760498
3.368441104888916
3.3680877685546875
3.3671066761016846
3.368002414703369
3.3671979904174805
3.367819309234619
3.368011236190796
3.366739273071289
3.3678512573242188
3.3676016330718994
3.3657755851745605
3.366567373275757
3.365572929382324
3.367778778076172
3.368314504623413
3.366690158843994
3.366774320602417
3.3676278591156006
3.366158962249756
3.3662257194519043
3.366927146911621
3.365515947341919
3.3657774925231934
3.3664114475250244
3.3655080795288086
3.364889621734619
3.366889238357544
3.3668901920318604
3.3648416996002197
3.3662071228027344
3.3674910068511963
3.36641263961792
3.3639121055603027
3.366422653198242
3.3672690391540527
3.365975856781006
3.363316059112549
3.3640193939208984
3.3633460998535156
3.363396644592285
3.3631811141967773
3.3630950450897217
3.3630261421203613
3.3629274368286133
3.3628954887390137
3.3630411624908447
3.3633415699005127
3.363224506378174
3.3628997802734375
3.362532615661621
3.362692356109619
3.362778902053833
3.3626532554626465
3.3623411655426025
3.3625259399414062
3.362694025039673
3.362623453140259
3.3624281883239746
3.3623337745666504
3.3623127937316895
3.3623552322387695
3.362194776535034
3.362215280532837
3.362224578857422
3.3623485565185547
3.3622519969940186
3.361950635910034
3.3620808124542236
3.3621954917907715
3.3620970249176025
3.361814022064209
3.362013578414917
3.3621058464050293
3.3619742393493652
3.3616464138031006
3.362022638320923
3.3622069358825684
3.3621764183044434
3.361950397491455
3.3616065979003906
3.361659049987793
3.3617796897888184
3.361720085144043
3.3614959716796875
3.361490249633789
3.3615145683288574
3.361332893371582
3.361548662185669
3.3616256713867188
3.3614816665649414
3.361205577850342
3.361325740814209
3.3612313270568848
3.3612141609191895
3.361210823059082
3.3611693382263184
3.3610870838165283
3.3610942363739014
3.3610029220581055
3.3611526489257812
3.3611624240875244
3.360991954803467
3.3609604835510254
3.3609046936035156
3.360851764678955
3.360870838165283
3.360836982727051
3.3607656955718994
3.3607516288757324
3.360720634460449
3.3607358932495117
3.360668897628784
3.360680103302002
3.360597848892212
3.3607289791107178
3.360731601715088
3.360537052154541
3.3607089519500732
3.3607871532440186
3.3606514930725098
3.3604776859283447
3.3606514930725098
3.36071515083313
3.360581398010254
3.360393762588501
3.360414981842041
3.3604884147644043
3.360379695892334
3.3602139949798584
3.3602447509765625
3.360114097595215
3.360126256942749
3.360116720199585
3.360025405883789
3.3600058555603027
3.3601412773132324
3.3600804805755615
3.3600010871887207
3.359984874725342
3.359938859939575
3.3600192070007324
3.3598856925964355
3.359983444213867
3.360027313232422
3.3598709106445312
3.3598618507385254
3.3599114418029785
3.3598151206970215
3.3597519397735596
3.3599298000335693
3.3599343299865723
3.359743356704712
3.3599636554718018
3.360095262527466
3.360010862350464
3.3597307205200195
3.3600218296051025
3.3602166175842285
3.3602077960968018
3.360001564025879
3.3597283363342285
3.3599135875701904
3.3599624633789062
3.359805107116699
3.3597726821899414
3.3598783016204834
3.3597800731658936
3.3597989082336426
3.3598976135253906
3.3598697185516357
3.359764575958252
3.3598036766052246
3.359842300415039
3.359692335128784
3.359837293624878
3.3599345684051514
3.3598265647888184
3.359670400619507
3.3599672317504883
3.360062837600708
3.359959602355957
3.3596749305725098
3.3599331378936768
3.3601346015930176
3.360117197036743
3.359903335571289
3.359682083129883
3.3600034713745117
3.3601717948913574
3.360133171081543
3.3599090576171875
3.3597025871276855
3.3598670959472656
3.3599390983581543
3.35979962348938
3.3596372604370117
3.3599343299865723
3.360055685043335
3.3599705696105957
3.359708547592163
3.359800338745117
3.3599917888641357
3.359959602355957
3.3597354888916016
3.3596954345703125
3.359849691390991
3.3597970008850098
3.3596625328063965
3.3597018718719482
3.3596909046173096
3.3596692085266113
3.3595385551452637
3.35953688621521
3.35958194732666
3.359569549560547
3.3595237731933594
3.3595194816589355
3.3596739768981934
3.359651565551758
3.3595497608184814
3.3595378398895264
3.3596436977386475
3.3596293926239014
3.359550952911377
3.3596413135528564
3.359550952911377
3.3596649169921875
3.3597183227539062
3.359581470489502
3.3596537113189697
3.359734058380127
3.359628915786743
3.3595645427703857
3.359647750854492
3.359647035598755
3.3594777584075928
3.3595688343048096
3.3595240116119385
3.3595194816589355
3.3594632148742676
3.359588623046875
3.3595380783081055
3.3595969676971436
3.3596601486206055
3.359647274017334
3.359595775604248
122.65572357177734
109.62114715576172
95.81743621826172
83.55206298828125
72.63502502441406
63.45044708251953
57.0445442199707
50.03157043457031
43.63498306274414
38.36014938354492
34.50792694091797
32.48854064941406
28.765350341796875
26.789440155029297
23.542984008789062
19.970130920410156
16.840059280395508
15.556196212768555
15.119831085205078
15.607666015625
16.60915184020996
17.03061866760254
16.512922286987305
15.82969856262207
15.384782791137695
15.726752281188965
16.388134002685547
15.714927673339844
14.205751419067383
12.432185173034668
11.636605262756348
11.680743217468262
11.659170150756836
12.354242324829102
12.455962181091309
12.011842727661133
11.225072860717773
11.406747817993164
11.257013320922852
10.498196601867676
9.599340438842773
9.235367774963379
9.058631896972656
9.033422470092773
9.207080841064453
9.269904136657715
8.948770523071289
8.708381652832031
8.256758689880371
7.867425441741943
7.866927146911621
8.268789291381836
8.236983299255371
8.168251037597656
8.366170883178711
7.813901901245117
7.658740043640137
7.834287166595459
8.1231107711792
7.94134521484375
7.696822643280029
7.4131693840026855
7.557968616485596
7.245978355407715
7.020822048187256
7.2483625411987305
7.406645774841309
7.303523063659668
7.116611957550049
6.955122470855713
7.244363784790039
7.230766296386719
7.405010223388672
7.541769504547119
7.285846710205078
7.2249040603637695
6.9452433586120605
7.089234352111816
7.324655055999756
7.446373462677002
7.253857135772705
6.961054801940918
7.1759209632873535
7.198436737060547
6.890903949737549
7.07712459564209
7.532904624938965
7.336363792419434
7.104250907897949
7.03542423248291
6.8466410636901855
6.836065769195557
6.957930564880371
6.9325666427612305
6.950643062591553
6.8295793533325195
6.662051677703857
6.917964458465576
6.922569274902344
7.058010578155518
7.179266929626465
7.041560649871826
6.93310022354126
7.035674571990967
7.211749076843262
6.93459415435791
6.935272693634033
7.055397033691406
6.973430156707764
6.726760387420654
7.28460693359375
7.195525646209717
6.885796546936035
6.9000444412231445
6.98877477645874
6.995117664337158
7.372707366943359
6.944569110870361
6.815177917480469
6.811777114868164
6.92181921005249
6.784660816192627
6.870970726013184
7.0904741287231445
7.022799968719482
7.12514591217041
7.2513275146484375
7.243816375732422
7.062470436096191
7.2234649658203125
7.153990268707275
7.542115211486816
7.570374488830566
6.924169540405273
7.1455206871032715
7.358943939208984
7.5124921798706055
7.138952732086182
7.051965713500977
6.9265546798706055
7.331296443939209
7.442792892456055
7.133640289306641
7.0616254806518555
7.389481544494629
7.65341854095459
7.252945899963379
6.747448444366455
7.040663719177246
7.317601203918457
28.85102653503418
28.65796661376953
28.351160049438477
28.070058822631836
27.765636444091797
27.615842819213867
27.520421981811523
27.457324981689453
27.43504524230957
27.379594802856445
27.189727783203125
27.124446868896484
27.11396026611328
27.128440856933594
27.095016479492188
27.12162971496582
27.138484954833984
27.121503829956055
27.090587615966797
27.05284309387207
26.953889846801758
26.88104820251465
26.894014358520508
26.938255310058594
26.973154067993164
26.957496643066406
26.951581954956055
26.921525955200195
26.818567276000977
26.81086540222168
26.84837532043457
26.829999923706055
26.785688400268555
26.72806167602539
26.740604400634766
26.76276397705078
26.758514404296875
26.796762466430664
26.759014129638672
26.779539108276367
26.796327590942383
26.760879516601562
26.727005004882812
26.73883628845215
26.716886520385742
26.70631217956543
26.719165802001953
26.731830596923828
26.736858367919922
26.737289428710938
27.689849853515625
28.311946868896484
27.897235870361328
27.551319122314453
27.357948303222656
27.369173049926758
27.278701782226562
27.19476890563965
27.067049026489258
26.98172950744629
26.97894859313965
26.97719383239746
26.9884090423584
26.978757858276367
26.980106353759766
26.981109619140625
26.962406158447266
26.911014556884766
26.8660888671875
26.790477752685547
26.808685302734375
26.842098236083984
26.840970993041992
26.86090660095215
26.818178176879883
26.80368423461914
26.81124496459961
26.81155014038086
26.813512802124023
26.831398010253906
26.841796875
26.811786651611328
26.81340980529785
26.79206657409668
26.74292755126953
26.790760040283203
26.796531677246094
26.784299850463867
26.743789672851562
26.763652801513672
26.755035400390625
26.751718521118164
26.731618881225586
26.705162048339844
26.733518600463867
26.7064208984375
26.697956085205078
26.720186233520508
26.713329315185547
26.714706420898438
26.693321228027344
26.682571411132812
26.6990909576416
26.7139949798584
26.731590270996094
26.701038360595703
26.703731536865234
26.717500686645508
26.7490291595459
26.753202438354492
26.69651222229004
26.725759506225586
26.698551177978516
26.69857406616211
26.777894973754883
26.77799415588379
26.717002868652344
26.71738624572754
26.763553619384766
26.75152587890625
26.73957633972168
26.721376419067383
26.74738121032715
26.774980545043945
26.77677345275879
26.789295196533203
26.775033950805664
26.756717681884766
26.80126953125
26.80518341064453
26.735393524169922
26.756216049194336
26.77589225769043
26.767309188842773
26.73328971862793
26.7070369720459
26.720970153808594
26.73809814453125
26.753273010253906
26.769798278808594
26.739315032958984
26.74747085571289
26.763513565063477
26.72690200805664
26.71660614013672
26.704010009765625
26.728696823120117
26.738698959350586
26.690929412841797
26.755939483642578
26.796401977539062
25.44589614868164
24.053022384643555
22.595394134521484
21.119535446166992
19.63538360595703
18.114957809448242
16.616722106933594
15.282846450805664
14.040789604187012
12.7797212600708
11.463461875915527
10.564977645874023
10.03156852722168
10.1204195022583
10.671765327453613
11.224475860595703
11.554463386535645
11.686009407043457
11.627446174621582
11.199090957641602
10.61566162109375
9.866703033447266
8.974299430847168
8.378265380859375
8.56550121307373
8.815805435180664
8.947601318359375
8.894018173217773
8.626527786254883
8.37883186340332
8.082883834838867
7.719048976898193
7.618586540222168
7.711494445800781
7.7338457107543945
7.778141021728516
7.619187355041504
7.448999881744385
7.282416820526123
7.1872968673706055
7.200362682342529
7.199647903442383
7.150484085083008
7.0658674240112305
7.017035961151123
7.026055812835693
6.985955238342285
6.899575710296631
6.831455707550049
21.765104293823242
18.6048583984375
16.180601119995117
14.169977188110352
12.812490463256836
11.97707748413086
11.364317893981934
10.822223663330078
10.413418769836426
10.162174224853516
9.973235130310059
9.799689292907715
9.609126091003418
9.336536407470703
9.001619338989258
8.684210777282715
8.415372848510742
8.235233306884766
8.190244674682617
8.149889945983887
8.044013977050781
7.959486961364746
7.918905735015869
7.856451034545898
7.775642395019531
7.70790958404541
7.697995185852051
7.735111713409424
7.733853340148926
7.676079273223877
7.598952770233154
7.55501651763916
7.545844078063965
7.525827407836914
7.479950428009033
7.4613356590271
7.4664998054504395
7.444225311279297
7.391173362731934
7.353237628936768
7.340404510498047
7.321861743927002
7.306632041931152
7.30556058883667
7.3102827072143555
7.301605701446533
7.285492420196533
7.272878646850586
7.259136199951172
7.244182586669922
7.232212066650391
7.2249016761779785
7.214084148406982
7.203798770904541
7.196319580078125
7.187623023986816
7.1807074546813965
7.174352645874023
7.168221473693848
7.16080379486084
7.156234264373779
7.152736186981201
7.147974967956543
7.142014026641846
7.132884979248047
7.123303413391113
7.11508846282959
7.109645843505859
7.103216171264648
7.096892833709717
7.090712070465088
7.085615634918213
7.081871509552002
7.081326961517334
7.079282283782959
7.077815532684326
7.074132919311523
7.0713067054748535
7.067095756530762
7.064796447753906
7.05909538269043
7.052942276000977
7.045671463012695
7.042191982269287
7.038188934326172
7.035358428955078
7.033578872680664
7.031182765960693
7.029544830322266
7.026909351348877
7.025967121124268
7.027253150939941
7.027565956115723
7.0270161628723145
7.02658748626709
7.023282051086426
7.0177202224731445
7.014108180999756
7.012340068817139
7.011134147644043
7.010277271270752
7.008188247680664
7.006229400634766
7.004062652587891
7.002884864807129
7.000579833984375
6.998534679412842
6.998744487762451
6.998069763183594
6.998795509338379
6.997729301452637
6.994836807250977
6.992603302001953
6.991804122924805
6.991167068481445
6.989943504333496
6.990527629852295
6.99043607711792
6.9881486892700195
6.985822677612305
6.981977462768555
6.983297824859619
6.982271671295166
6.982298374176025
6.979284286499023
6.980047225952148
6.979012966156006
6.978329658508301
6.976905345916748
6.97580099105835
6.973208427429199
6.970135688781738
6.96735143661499
6.966501712799072
6.967207908630371
6.969107151031494
6.969503402709961
6.966980934143066
6.96604585647583
6.964954376220703
6.963552474975586
6.9647297859191895
6.963334083557129
6.96071720123291
6.960550785064697
6.959538459777832
6.95737361907959
6.954216957092285
6.95363712310791
6.952697277069092
6.953492164611816
6.95256233215332
6.951724529266357
6.9511213302612305
6.951420307159424
6.951358795166016
6.95290994644165
6.953442573547363
6.952775478363037
6.952216148376465
6.951876640319824
6.950502395629883
6.949678897857666
6.947185039520264
6.945643424987793
6.944396495819092
6.943158149719238
6.942458152770996
6.94196081161499
6.94350004196167
6.943751335144043
6.943619728088379
6.944162368774414
6.946272373199463
6.9464640617370605
6.947958469390869
6.945345878601074
6.945442199707031
6.946631908416748
6.947741508483887
6.948332786560059
6.949045181274414
6.949001312255859
6.948746204376221
6.947887420654297
6.947699546813965
6.945658206939697
6.9448981285095215
6.9446492195129395
6.945593357086182
6.943243503570557
6.9424028396606445
6.942197322845459
6.942721366882324
6.9416184425354
6.942065715789795
6.941478729248047
6.941609859466553
6.941025733947754
6.942274570465088
6.9428277015686035
6.942506790161133
6.943270206451416
6.942845344543457
6.942141056060791
6.941745281219482
6.94205379486084
6.942485332489014
6.942207336425781
6.941681861877441
6.94148063659668
6.942361831665039
6.942224025726318
6.942646503448486
6.943266868591309
6.942443370819092
6.942963123321533
6.94252872467041
6.942878723144531
6.94368839263916
6.944279193878174
6.945346355438232
6.945335388183594
6.944894790649414
6.944446086883545
6.944953441619873
6.944278717041016
6.943324089050293
6.943597316741943
6.9440598487854
6.942744255065918
6.942609786987305
6.943711757659912
6.942849159240723
6.943416595458984
6.944393157958984
6.944344520568848
6.945350646972656
6.945180416107178
6.945137023925781
6.9446916580200195
6.945531368255615
6.945666790008545
6.943939685821533
6.944408893585205
6.944551467895508
6.945599555969238
6.942846775054932
6.944340705871582
6.943548202514648
0.5856642127037048
0.5741789937019348
0.5634266138076782
0.5532711744308472
0.5435721278190613
0.5342842936515808
0.5255484580993652
0.5174252390861511
0.5098561644554138
0.5029606223106384
0.49669957160949707
0.49084243178367615
0.48528048396110535
0.4801000952720642
0.47527846693992615
0.4708314538002014
0.4668695330619812
0.4632923901081085
0.4600764513015747
0.45759373903274536
0.4559236168861389
0.4558306932449341
0.45539677143096924
0.45484453439712524
0.4541624188423157
0.4534304738044739
0.4527595043182373
0.4521062672138214
0.4515515863895416
0.4512314200401306
0.4511204957962036
0.4511280655860901
0.4512479603290558
0.45121434330940247
0.4510215222835541
0.45077669620513916
0.45055022835731506
0.4503155052661896
0.45007550716400146
0.4499286115169525
0.44987091422080994
0.4498436748981476
0.4498160481452942
0.4497447907924652
0.4496478736400604
0.4495675563812256
0.44949764013290405
0.4493986964225769
0.44930052757263184
0.4492170512676239
0.44925743341445923
0.4492754340171814
0.44921308755874634
0.4491826295852661
0.44910311698913574
0.44900280237197876
0.44897034764289856
0.448998361825943
0.44901567697525024
0.4490136504173279
0.4489598870277405
0.4488915503025055
0.4489153325557709
0.44896093010902405
0.4489489197731018
0.4489282965660095
0.4488935172557831
0.448861300945282
0.44889742136001587
0.44889214634895325
0.44883206486701965
0.448812872171402
0.44881826639175415
0.4488101303577423
0.44881004095077515
0.4487992525100708
0.4487776756286621
0.44878607988357544
0.44880348443984985
0.4488053023815155
0.44877269864082336
0.44877737760543823
0.4487878084182739
0.4488043487071991
0.4487847089767456
0.44877785444259644
0.4488052725791931
0.44879889488220215
0.4487994909286499
0.44879403710365295
0.44877147674560547
0.448767751455307
0.4487927556037903
0.44879913330078125
0.44879254698753357
0.4487887918949127
0.44878649711608887
0.44877997040748596
0.4487765431404114
0.44877728819847107
