15.22060775756836
14.679344177246094
14.138076782226562
13.596813201904297
13.055546760559082
12.514283180236816
11.973015785217285
11.43174934387207
10.890485763549805
10.349221229553223
9.807954788208008
9.266688346862793
8.725423812866211
8.184160232543945
7.642893314361572
7.101626873016357
6.560362815856934
6.019099235534668
5.477832317352295
5.669261455535889
5.538772106170654
5.104259967803955
4.443062782287598
3.8595900535583496
3.682419776916504
3.466026544570923
3.2149016857147217
3.2760157585144043
3.2441883087158203
2.892552375793457
2.764256238937378
3.026364803314209
3.2828986644744873
3.3370091915130615
3.348039150238037
3.3267691135406494
3.252305030822754
3.1301960945129395
2.965390682220459
3.153934955596924
3.2022805213928223
2.982412338256836
2.5761172771453857
2.5223777294158936
2.7860193252563477
2.7599587440490723
2.6136651039123535
2.727234363555908
2.7749061584472656
2.7633414268493652
2.6985361576080322
2.585858106613159
2.4301438331604004
2.4632394313812256
2.583836078643799
2.6380465030670166
2.632544994354248
2.5733351707458496
2.465811252593994
2.6310667991638184
2.519050121307373
2.5418968200683594
2.5992960929870605
2.675098180770874
2.7275948524475098
2.7206525802612305
2.660226821899414
2.551677703857422
2.3998215198516846
2.4899706840515137
2.607534885406494
2.65918231010437
2.6515097618103027
2.590452194213867
2.481356143951416
2.596911907196045
2.487602710723877
2.5725901126861572
2.629035711288452
2.6654720306396484
2.718858480453491
2.712763786315918
2.653148651123047
2.545361280441284
2.3942172527313232
2.4949119091033936
2.611921787261963
2.6630938053131104
2.655020236968994
2.5936217308044434
2.4842336177825928
2.58573579788208
2.476860523223877
2.5841996669769287
2.6410772800445557
2.6636838912963867
2.717238664627075
2.7113051414489746
2.6518359184265137
2.544187068939209
2.393177032470703
2.3741722106933594
2.390395164489746
2.3801088333129883
2.3701162338256836
2.3913025856018066
2.3983120918273926
2.3905441761016846
2.3956596851348877
2.394850492477417
2.3887083530426025
2.377772331237793
2.3770198822021484
2.3604466915130615
2.378951072692871
2.389346122741699
2.3732006549835205
2.382277011871338
2.3957014083862305
2.397804021835327
2.3913726806640625
2.383378028869629
2.379180431365967
2.3803324699401855
2.3648977279663086
2.3595497608184814
2.366957187652588
2.3642659187316895
2.3720099925994873
2.3735642433166504
2.369554281234741
2.360530138015747
2.359713554382324
2.358739137649536
2.370898485183716
2.3654401302337646
2.365450620651245
2.362757921218872
2.360591411590576
2.372406482696533
2.360539197921753
2.373570203781128
2.380725860595703
2.3761138916015625
2.371843099594116
2.3821845054626465
2.3801937103271484
2.362468719482422
2.3624672889709473
2.3544564247131348
26.207496643066406
25.635255813598633
24.867084503173828
23.960620880126953
22.965938568115234
21.901081085205078
20.78917121887207
19.63843536376953
18.46099281311035
17.294395446777344
16.299312591552734
15.35766887664795
14.476701736450195
13.824214935302734
13.261728286743164
12.722132682800293
12.188701629638672
11.653740882873535
11.111831665039062
10.570606231689453
10.06576156616211
9.608116149902344
9.156984329223633
8.703786849975586
8.241128921508789
7.7943267822265625
7.413442611694336
7.094064712524414
6.823097229003906
6.579236030578613
6.346044540405273
6.103834629058838
5.8536272048950195
5.593585014343262
5.3273396492004395
5.074896335601807
4.875643730163574
4.727344512939453
4.596540927886963
4.464241027832031
4.325367450714111
4.179828643798828
4.031217575073242
3.8920183181762695
3.7793593406677246
3.7029881477355957
3.654341220855713
3.6060919761657715
3.543675422668457
3.4671289920806885
3.386096477508545
3.3118350505828857
3.2534775733947754
3.209115982055664
3.174781084060669
3.1531832218170166
3.1367568969726562
3.1183085441589355
3.101869821548462
3.0868992805480957
3.0716843605041504
3.0552423000335693
3.0358643531799316
3.0125951766967773
2.9897942543029785
2.966564178466797
2.943366765975952
2.9316046237945557
2.9200592041015625
2.906987428665161
2.892975091934204
2.8816349506378174
2.87469744682312
2.8690714836120605
2.8651978969573975
2.8634142875671387
2.8634724617004395
2.864312171936035
2.864602565765381
2.8654704093933105
2.86265230178833
2.8602068424224854
2.8571367263793945
2.854882001876831
2.8533174991607666
2.85056734085083
2.8472557067871094
2.8454771041870117
2.842207670211792
2.839787721633911
2.838007688522339
2.837350606918335
2.8368892669677734
2.8376834392547607
2.8365986347198486
2.8377134799957275
2.8379900455474854
2.8366193771362305
2.8359534740448
2.8349769115448
2.8349976539611816
2.8345775604248047
2.833024263381958
2.832571506500244
2.832282066345215
2.83268666267395
2.831789255142212
2.8324849605560303
2.8313214778900146
2.8336331844329834
2.833752155303955
2.8310978412628174
2.8332679271698
2.8346924781799316
2.8336944580078125
2.83059024810791
2.833069086074829
2.835158109664917
2.834275245666504
2.8308374881744385
2.832493543624878
2.83484148979187
2.8345320224761963
2.831899881362915
2.8299827575683594
2.8328516483306885
2.833308219909668
2.831019163131714
2.829333543777466
2.830815315246582
2.8299715518951416
2.829033136367798
2.830263614654541
2.8295505046844482
2.8284249305725098
2.8287787437438965
2.8278346061706543
2.8288750648498535
2.8277339935302734
2.8278937339782715
2.8279497623443604
2.8271641731262207
2.8281021118164062
2.827359914779663
2.82841157913208
2.8276984691619873
2.828422784805298
2.82851505279541
2.826786518096924
2.8266615867614746
2.8269753456115723
2.826775550842285
2.8263893127441406
2.826568126678467
2.826653480529785
2.826482057571411
2.8262104988098145
2.8262674808502197
2.826190948486328
2.8261630535125732
2.826082468032837
2.8260743618011475
2.8260302543640137
2.826166868209839
2.8260586261749268
2.826007604598999
2.8260247707366943
2.825911521911621
2.8259360790252686
2.8258464336395264
2.8258473873138428
2.825845718383789
2.8257534503936768
2.825756072998047
2.8256990909576416
2.8256001472473145
2.8257083892822266
2.825709581375122
2.8255748748779297
2.825591802597046
2.825528621673584
2.8254716396331787
2.8254542350769043
2.825350522994995
2.8252649307250977
2.825345993041992
2.8252499103546143
2.8252246379852295
2.825195550918579
2.8251943588256836
2.825084924697876
2.825310230255127
2.8253352642059326
2.8251514434814453
2.8251290321350098
2.8251969814300537
2.825019121170044
2.8250739574432373
2.825147867202759
2.8250069618225098
2.8248469829559326
2.824871063232422
2.8247575759887695
2.824918031692505
2.824880599975586
2.8246469497680664
2.824951648712158
2.8250627517700195
2.824930191040039
2.8245818614959717
2.8248493671417236
2.825049877166748
2.8250298500061035
2.8248138427734375
2.8244409561157227
2.824500560760498
2.8245015144348145
2.8243539333343506
2.8244261741638184
2.824409246444702
2.82419753074646
2.824500322341919
2.8246004581451416
2.824460983276367
2.8241066932678223
2.8243391513824463
2.824432611465454
2.824319839477539
2.824016809463501
2.824281692504883
2.8244471549987793
2.8243675231933594
2.824077606201172
2.8239502906799316
2.824113368988037
2.824061393737793
2.8239054679870605
2.823911190032959
2.823857307434082
2.823758125305176
2.823624610900879
2.8236610889434814
2.823681116104126
2.82369065284729
2.8236358165740967
2.8235230445861816
2.8235583305358887
2.8235116004943848
2.8234972953796387
2.823502540588379
2.8234732151031494
2.8234915733337402
2.8234314918518066
2.82338809967041
2.8233532905578613
2.82342267036438
2.82340145111084
2.8234105110168457
2.8234217166900635
2.8233633041381836
2.8234219551086426
2.823333978652954
2.8233673572540283
2.8233416080474854
2.823396682739258
2.823286533355713
2.8235578536987305
2.8236160278320312
2.82344651222229
2.8234386444091797
2.8235538005828857
2.8234684467315674
2.823328733444214
2.8236165046691895
2.8236677646636963
2.8234894275665283
2.823336124420166
2.8234498500823975
2.8233628273010254
2.8234596252441406
2.823516607284546
2.8235414028167725
2.8234357833862305
2.8233189582824707
2.8235621452331543
2.823610782623291
2.82346248626709
2.823293447494507
2.823526620864868
2.8235111236572266
2.8233253955841064
2.8233144283294678
2.8233609199523926
2.8232369422912598
2.823428153991699
2.8234832286834717
2.823469877243042
2.8234217166900635
2.823439598083496
2.82346248626709
2.823352336883545
2.8233373165130615
2.8232719898223877
2.8232357501983643
2.823237419128418
2.823300838470459
2.8233251571655273
2.823293685913086
2.823263645172119
2.823176860809326
2.8231959342956543
2.8232102394104004
2.823171854019165
2.8232688903808594
2.82319974899292
2.8232202529907227
2.823176383972168
2.8231639862060547
2.8232367038726807
2.8232274055480957
2.823190212249756
2.823333263397217
2.823289394378662
2.823150634765625
2.8232996463775635
2.8232216835021973
2.823268413543701
2.8233256340026855
2.8232693672180176
2.823202133178711
2.8231759071350098
2.8231399059295654
2.8232269287109375
2.8232083320617676
2.823239326477051
2.823293685913086
2.8232903480529785
2.8232154846191406
2.823206901550293
2.8232038021087646
2.8230984210968018
2.823063850402832
2.8232779502868652
2.8232932090759277
2.8231143951416016
2.823350429534912
2.8234639167785645
2.8233489990234375
2.8230793476104736
2.8232719898223877
126.210205078125
121.70291137695312
117.50672149658203
113.25341796875
108.93214416503906
104.58445739746094
100.22898864746094
96.69029235839844
93.20162963867188
89.76239013671875
86.18521118164062
82.49665832519531
78.72393035888672
74.88842010498047
71.39898681640625
67.89474487304688
64.43097686767578
61.204097747802734
58.300655364990234
55.36699295043945
52.56193923950195
49.97439956665039
47.54493713378906
45.333831787109375
43.049156188964844
41.53111267089844
40.422061920166016
39.30990982055664
37.87745666503906
36.24970626831055
34.51390075683594
32.5841178894043
30.694076538085938
28.742725372314453
26.684276580810547
24.628437042236328
23.048192977905273
21.685863494873047
20.51039695739746
19.434011459350586
18.193618774414062
16.871797561645508
15.72179889678955
14.693161010742188
13.711048126220703
12.654624938964844
11.611281394958496
10.62913990020752
9.62968921661377
9.13817310333252
8.6568603515625
8.305741310119629
7.822141170501709
7.176703929901123
6.730710983276367
6.435882568359375
6.293856143951416
6.324426651000977
6.429413795471191
6.35378885269165
6.3308796882629395
6.600832939147949
6.721589088439941
6.750737190246582
6.703980922698975
6.6094770431518555
6.523131370544434
6.42409086227417
6.2751784324646
6.189236164093018
6.085992336273193
5.982115745544434
5.745218276977539
5.530822277069092
5.384952068328857
5.221871852874756
5.252891540527344
5.191880702972412
5.029595851898193
4.856908321380615
4.78825569152832
4.806984901428223
4.746445655822754
4.7120513916015625
4.600194931030273
4.528061389923096
4.397739887237549
4.449202060699463
4.394850730895996
4.26904821395874
4.220978260040283
4.248847484588623
4.1672043800354
4.2206902503967285
4.131258010864258
4.011971473693848
4.0077338218688965
3.8854260444641113
3.8643300533294678
3.903700590133667
3.7962896823883057
3.7847790718078613
3.700892686843872
3.7251572608947754
3.7795474529266357
3.676970958709717
3.5063974857330322
3.5090627670288086
3.5131115913391113
3.349064350128174
3.3009119033813477
3.359814167022705
3.3577640056610107
3.284233808517456
3.1960039138793945
3.1166529655456543
3.064539670944214
3.1179850101470947
3.1055212020874023
3.1433682441711426
3.178907632827759
3.1076934337615967
3.0302443504333496
3.0659780502319336
3.168694257736206
3.0364317893981934
2.980943441390991
2.9765992164611816
3.017627239227295
2.934000253677368
2.919083833694458
2.8730359077453613
2.934664487838745
2.9476466178894043
2.9810562133789062
2.8969807624816895
2.8411192893981934
2.999541759490967
2.948986768722534
2.8766441345214844
2.8818047046661377
2.811795234680176
2.8655643463134766
2.8293139934539795
2.72391414642334
2.774078130722046
2.812747001647949
2.7114617824554443
2.731011390686035
2.7528700828552246
23.803905487060547
23.708566665649414
23.5915470123291
23.46719741821289
23.336645126342773
23.224462509155273
23.122968673706055
23.044191360473633
22.976919174194336
22.928998947143555
22.889921188354492
22.85273551940918
22.818008422851562
22.796735763549805
22.783620834350586
22.78430938720703
22.787290573120117
22.789688110351562
22.783985137939453
22.77825164794922
22.773174285888672
22.76559066772461
22.76102638244629
22.75922393798828
22.761878967285156
22.765106201171875
22.766677856445312
22.77587890625
22.785396575927734
22.795692443847656
22.80887222290039
22.817373275756836
22.828651428222656
22.84001922607422
22.845495223999023
22.850915908813477
22.85886573791504
22.862720489501953
22.866342544555664
22.868810653686523
22.875133514404297
22.876453399658203
22.879199981689453
22.882484436035156
22.882152557373047
22.88495635986328
22.887577056884766
22.889822006225586
22.88630485534668
22.888111114501953
22.88775062561035
22.887453079223633
22.887409210205078
22.88754653930664
22.88863754272461
22.889888763427734
22.888023376464844
22.88909912109375
22.88714027404785
22.88727378845215
22.88559913635254
22.883092880249023
22.881752014160156
22.880123138427734
22.87956428527832
22.880035400390625
22.878049850463867
22.873798370361328
22.871049880981445
22.869016647338867
22.86956214904785
22.866880416870117
22.865650177001953
22.862272262573242
22.85942840576172
22.856807708740234
22.85466194152832
22.85453987121582
22.855663299560547
22.852962493896484
22.852190017700195
22.851268768310547
22.85093116760254
22.849998474121094
22.849714279174805
22.847627639770508
22.847837448120117
22.847604751586914
22.848373413085938
22.84743309020996
22.848520278930664
22.848161697387695
22.846824645996094
22.845260620117188
22.842971801757812
22.842632293701172
22.843961715698242
22.841049194335938
22.841079711914062
22.839923858642578
22.839540481567383
22.839214324951172
22.839492797851562
22.838626861572266
22.83861541748047
22.83927345275879
22.838876724243164
22.83857536315918
22.838626861572266
22.836795806884766
22.83664894104004
22.835933685302734
22.83516502380371
22.836467742919922
22.83534049987793
22.834505081176758
22.832670211791992
22.833505630493164
22.83368492126465
22.83234405517578
22.83204460144043
22.83173179626465
22.8314208984375
22.831926345825195
22.83110809326172
22.831832885742188
22.831544876098633
22.831247329711914
22.829431533813477
22.829721450805664
22.83057975769043
22.83023452758789
22.8300724029541
22.82978057861328
22.829483032226562
22.82929229736328
22.829116821289062
22.828237533569336
22.82794189453125
22.827651977539062
22.827354431152344
22.828502655029297
22.828256607055664
22.826860427856445
22.82656478881836
22.82632064819336
22.826135635375977
22.825952529907227
22.825700759887695
22.82540512084961
22.82512092590332
21.628042221069336
20.463136672973633
19.3302059173584
18.24282455444336
17.242725372314453
16.36358070373535
15.642190933227539
15.050315856933594
14.497028350830078
13.941764831542969
13.368457794189453
12.790299415588379
12.22473430633545
11.679084777832031
11.175640106201172
10.701797485351562
10.280200958251953
9.94575023651123
9.653669357299805
9.372842788696289
9.076493263244629
8.743412017822266
8.377602577209473
7.974884510040283
7.596766471862793
7.2952775955200195
7.002825736999512
6.798229217529297
6.638426780700684
6.508116245269775
6.424559116363525
6.391080379486084
6.38284969329834
6.366331100463867
6.324740409851074
6.243686676025391
6.1151604652404785
5.963572978973389
5.8113112449646
5.683121681213379
5.585665702819824
5.510374546051025
5.447300910949707
5.3819475173950195
5.322088241577148
5.2821502685546875
5.240779399871826
5.187286376953125
5.147667407989502
5.1235671043396
5.099620819091797
5.06878662109375
5.050331115722656
5.039216041564941
5.027133941650391
5.015326023101807
5.002928256988525
4.99308967590332
4.9832563400268555
4.970658779144287
4.954206943511963
4.930318355560303
4.906650543212891
4.8899712562561035
4.886264801025391
4.886781692504883
4.878798961639404
4.865521430969238
4.852467060089111
4.845132827758789
4.844379901885986
4.845004558563232
4.842978000640869
4.83798885345459
4.829501628875732
4.819282531738281
4.813708305358887
4.813760280609131
4.817365646362305
4.816020488739014
4.808652400970459
4.8017072677612305
4.798857688903809
4.798368453979492
4.798663139343262
4.797304153442383
4.79392671585083
4.789713382720947
4.787537574768066
4.785268783569336
4.7852373123168945
4.784294605255127
4.783779621124268
4.780969619750977
4.778650283813477
4.777322769165039
4.776440143585205
4.775405406951904
4.773462295532227
4.771358489990234
4.769819736480713
4.7691802978515625
4.76807165145874
4.766018390655518
4.764623641967773
4.7642669677734375
4.763288497924805
4.761011123657227
4.759329319000244
4.758584022521973
4.759568691253662
4.758619785308838
4.7579345703125
4.757620811462402
4.757260799407959
4.756662845611572
4.756089687347412
4.755630016326904
4.755414962768555
4.755404949188232
4.755672454833984
4.7553229331970215
4.755308628082275
4.755287170410156
4.755212783813477
4.7545599937438965
4.754428863525391
4.754075527191162
4.75400972366333
4.7539472579956055
4.75410270690918
4.754052639007568
4.754255294799805
4.754239082336426
4.7540483474731445
4.754006385803223
4.754011631011963
4.754007339477539
4.753850936889648
4.7540130615234375
4.754018306732178
4.754218101501465
4.7540812492370605
4.754053115844727
4.754053115844727
4.7536702156066895
4.753637790679932
4.7536091804504395
4.753592491149902
4.753457546234131
4.753428936004639
4.753403663635254
4.753386974334717
4.753361225128174
4.753163814544678
4.7531418800354
4.753121852874756
4.753098964691162
4.7530717849731445
4.7530517578125
4.753031253814697
4.753009796142578
4.752986907958984
4.752964973449707
4.7530670166015625
4.753046989440918
4.753026962280273
4.753007411956787
4.752990245819092
4.752971172332764
4.752951145172119
4.752812385559082
4.752795219421387
4.752899169921875
4.7528815269470215
4.752866744995117
4.752847194671631
4.752710342407227
4.7526936531066895
4.752676486968994
4.75219202041626
4.752298355102539
4.752159118652344
4.752148628234863
4.752132415771484
4.75211763381958
4.75222635269165
4.7522101402282715
4.752195835113525
4.7521820068359375
4.752166748046875
4.7520294189453125
4.752138614654541
4.752124786376953
4.752110481262207
4.7520976066589355
4.7520833015441895
4.752071380615234
4.751933574676514
4.7520432472229
4.752037525177002
4.752028465270996
4.752021312713623
4.752013683319092
4.752007007598877
4.751999855041504
4.751992225646973
4.751986503601074
4.751853942871094
4.751972198486328
4.751964092254639
4.751957893371582
4.751951694488525
4.751944065093994
4.751938819885254
4.751932621002197
4.751925468444824
4.751794338226318
4.751913070678711
4.751908779144287
4.751901626586914
4.751895904541016
4.751889705657959
4.751883506774902
4.751877784729004
4.75187349319458
4.751867771148682
4.751862525939941
4.751857280731201
4.7517523765563965
4.751748085021973
4.751617431640625
4.751613140106201
4.751607894897461
4.751604080200195
4.75160026550293
4.751595497131348
4.751590728759766
4.7515869140625
4.751582622528076
4.751705169677734
4.751700401306152
4.751571178436279
4.751567840576172
4.751564025878906
4.751560211181641
4.751556873321533
4.751553535461426
4.75154972076416
4.751674175262451
4.751670837402344
4.7516679763793945
4.751538276672363
4.751534461975098
4.751531600952148
4.751529216766357
4.751526355743408
4.751524925231934
4.751648426055908
4.751646518707275
4.751644134521484
4.751514434814453
4.75151252746582
4.7515106201171875
4.7515082359313965
4.751506805419922
4.751632213592529
4.75162935256958
4.751627445220947
4.751499176025391
4.751495838165283
4.751494407653809
4.751492977142334
4.751490592956543
4.75161600112915
4.751615524291992
4.751614093780518
4.751484394073486
4.7514824867248535
4.751482009887695
4.751482009887695
4.751606464385986
4.751605033874512
4.751603126525879
4.7514753341674805
4.751473426818848
4.751471996307373
4.75147008895874
4.7515974044799805
4.7515974044799805
4.751595497131348
4.751466751098633
4.751464366912842
4.751463413238525
4.751591205596924
4.751590251922607
4.751461982727051
4.751460075378418
4.751587867736816
4.751586437225342
4.751457691192627
4.751457214355469
4.751584529876709
4.751583576202393
4.751455307006836
4.7514543533325195
4.751581192016602
4.751579284667969
4.751450538635254
4.751450538635254
4.751579284667969
4.751577377319336
4.751448631286621
4.751448154449463
4.751574516296387
4.751574516296387
4.7515740394592285
4.751444339752197
4.7514448165893555
4.7514448165893555
4.751572132110596
4.751575469970703
4.751575469970703
4.751445293426514
4.75144624710083
4.751573085784912
4.751573085784912
4.751442909240723
4.7514424324035645
4.7515692710876465
4.751570701599121
4.751569747924805
4.751440525054932
4.751440525054932
4.751439571380615
4.751567363739014
4.751567363739014
4.751565933227539
4.751565933227539
4.751436710357666
4.751436710357666
4.751434803009033
4.751564025878906
4.751564025878906
4.751562118530273
4.751433372497559
4.75156307220459
4.751431941986084
4.751432418823242
4.751560688018799
4.751560688018799
4.751560211181641
4.751430988311768
4.751429557800293
4.75155782699585
4.751556396484375
4.751429080963135
4.751428127288818
4.751556396484375
4.751555442810059
4.751555442810059
4.751424789428711
4.751425266265869
4.751553535461426
4.751552581787109
4.7514238357543945
4.7514238357543945
4.751550674438477
4.751550674438477
4.751550674438477
4.7514214515686035
4.7514214515686035
4.751550674438477
4.751548767089844
4.751420021057129
4.7514190673828125
4.751547813415527
4.751546859741211
4.751547336578369
4.75141716003418
4.751417636871338
4.751545429229736
4.751545429229736
4.751415252685547
4.751415252685547
4.751543045043945
4.751542568206787
4.751542568206787
4.751412868499756
4.751412868499756
4.751540184020996
4.751539707183838
4.751411437988281
4.751410484313965
4.751537799835205
4.751538276672363
4.751538276672363
4.751408576965332
4.751408576965332
0.6236031651496887
0.6125628352165222
0.6016774773597717
0.5909109115600586
0.5803350806236267
0.5698407292366028
0.5594791769981384
0.5493265390396118
0.539408802986145
0.5297268033027649
0.5202795267105103
0.5113435387611389
0.5034224987030029
0.49709051847457886
0.49278515577316284
0.4905714988708496
0.48953336477279663
0.48898226022720337
0.4894382953643799
0.4920206069946289
0.4932469427585602
0.49332794547080994
0.49244460463523865
0.4908420741558075
0.48885905742645264
0.4869351089000702
0.48532336950302124
0.4840620756149292
0.48312973976135254
0.4825637936592102
0.48208585381507874
0.482230544090271
0.4826190173625946
0.4826277494430542
0.4822857975959778
0.48179933428764343
0.4812740385532379
0.48075446486473083
0.4801957607269287
0.4795445203781128
0.47926050424575806
0.4793035686016083
0.4792899787425995
0.4793139696121216
0.479198694229126
0.47892022132873535
0.47849389910697937
0.47832557559013367
0.47826915979385376
0.47812995314598083
0.4782184958457947
0.4781603217124939
0.47789400815963745
0.4779159128665924
0.4779011309146881
0.47779446840286255
0.4776819348335266
0.4776322841644287
0.4775068163871765
0.47766411304473877
0.47762084007263184
0.47749096155166626
0.4774358868598938
0.47739821672439575
0.47730696201324463
0.477240651845932
0.47738325595855713
0.47742360830307007
0.4774269461631775
0.47731631994247437
0.4770665764808655
0.477180540561676
0.47716468572616577
0.4771207273006439
0.4771924614906311
0.47720271348953247
0.4771755337715149
0.4771277606487274
0.4771764874458313
0.4771525263786316
0.4771854877471924
0.4770943522453308
0.47708606719970703
0.4771355986595154
0.47712165117263794
0.4770808219909668
0.47717344760894775
0.4771803617477417
0.4771851599216461
0.47712481021881104
0.4769614338874817
0.47698891162872314
0.4770357012748718
0.4769507944583893
0.47694531083106995
0.4770757555961609
0.4770255386829376
0.47694432735443115
0.47701093554496765
0.47699546813964844
