2.1657681465148926
2.333347797393799
2.4964282512664795
2.6610169410705566
2.8161160945892334
2.9747154712677
3.1273319721221924
3.2854247093200684
3.4350616931915283
3.584177017211914
3.7487640380859375
3.909850835800171
4.061472654342651
4.2145795822143555
4.378167629241943
4.532783508300781
4.684889078140259
4.83650803565979
4.987620830535889
5.140261888504028
5.2953572273254395
5.458944082260132
5.611053943634033
5.76567006111145
5.929743528366089
6.082359790802002
6.239964723587036
6.393071174621582
6.550672769546509
6.702778577804565
6.870357036590576
7.024458169937134
7.180062532424927
7.337666749954224
7.4897780418396
7.6483752727508545
7.804469108581543
7.969058036804199
8.127147674560547
8.286742687225342
8.465295791625977
8.630371332168579
8.784980773925781
8.944583892822266
9.103673219680786
9.266281366348267
9.430353879928589
9.588951349258423
9.748550415039062
9.906641721725464
10.687852144241333
10.841032266616821
11.00661325454712
11.167210102081299
11.330281019210815
11.502881526947021
11.67441701889038
11.838498830795288
12.000088930130005
12.159698724746704
12.325768232345581
12.488394021987915
12.649451971054077
12.8289954662323
12.986603736877441
13.14568567276001
13.309277057647705
13.478845357894897
13.668365478515625
13.86488676071167
14.020996570587158
14.184582948684692
14.355153799057007
14.513248682022095
14.675838708877563
14.835923433303833
15.002535581588745
15.195053815841675
15.353143453598022
15.548653364181519
15.720221042633057
15.911736249923706
16.07831883430481
16.24239158630371
16.426931142807007
16.588534832000732
16.78104567527771
16.976547479629517
17.137630462646484
17.298258304595947
17.46034026145935
17.619940042495728
17.820428371429443
17.981032133102417
18.158072471618652
18.320663690567017
18.49024248123169
18.651321411132812
18.833858966827393
18.99345874786377
19.780810832977295
19.942890644073486
20.144373655319214
20.305972814559937
20.464066743850708
20.626654386520386
20.801215171813965
20.96629047393799
21.16378903388977
21.31740117073059
21.474008560180664
21.6360867023468
21.79070019721985
21.952778100967407
22.109383583068848
22.263484716415405
22.428067445755005
22.593650102615356
22.76071572303772
22.92629837989807
23.083916425704956
23.24702501296997
23.40962266921997
23.580195665359497
23.74038791656494
23.8979914188385
24.062070608139038
24.221668243408203
24.397228956222534
24.553327798843384
24.71294116973877
24.89548349380493
25.04958438873291
25.21416711807251
25.385735273361206
25.546818017959595
25.720381498336792
25.882463932037354
26.038073301315308
26.211646795272827
26.3637535572052
26.540310621261597
26.707886695861816
26.867969512939453
27.02465009689331
27.18274688720703
27.343345880508423
27.499953508377075
27.655054092407227
27.815649271011353
28.641849756240845
28.800448656082153
28.95555281639099
29.11814522743225
29.287205457687378
29.458805322647095
29.608403205871582
29.762505054473877
29.92011284828186
30.076210737228394
30.233818769454956
30.403390169143677
30.558488845825195
30.728063583374023
30.87817621231079
31.033786296844482
31.19387459754944
31.353469610214233
31.516063451766968
31.69111204147339
31.91704750061035
32.066163539886475
32.23178577423096
32.386887073516846
32.54050064086914
32.6916184425354
32.84323859214783
32.99933385848999
33.15195107460022
33.30106973648071
33.47163724899292
33.65418028831482
33.83073854446411
33.992825984954834
34.1594123840332
34.31801414489746
34.473111152648926
34.65174174308777
34.82730150222778
35.00784492492676
35.1808967590332
35.36443519592285
35.54098987579346
35.707061767578125
35.86765742301941
36.023269176483154
36.170389890670776
36.32999134063721
36.51253128051758
36.690568923950195
37.4628267288208
37.624419927597046
37.79647421836853
37.98400044441223
38.14459705352783
38.3046817779541
38.467275857925415
38.62487196922302
38.79094576835632
38.948548316955566
39.10065531730652
39.25925636291504
39.416351079940796
39.58396124839783
39.75649547576904
39.910600900650024
40.086153507232666
40.242761850357056
40.40982937812805
40.58039450645447
40.732014656066895
40.89110207557678
41.0826153755188
41.249194622039795
41.43871784210205
41.590824127197266
41.74643278121948
41.94492173194885
42.10699963569641
42.26559782028198
42.42269039154053
42.57730507850647
42.75684928894043
42.91095280647278
43.08052659034729
43.25209283828735
43.414175033569336
43.590726375579834
43.77027082443237
43.93386244773865
44.099929094314575
44.26052188873291
44.43408417701721
44.59217143058777
44.75076937675476
44.90885782241821
45.0664587020874
45.222553730010986
45.38813543319702
45.54473876953125
46.330748558044434
46.52324652671814
46.68732976913452
46.84094476699829
47.000030279159546
47.158629179000854
47.33367395401001
47.49925518035889
47.65386915206909
47.827924489974976
47.9885151386261
48.173046350479126
48.336127042770386
48.51467490196228
48.67228412628174
48.837358713150024
49.00693106651306
49.16852164268494
49.328606843948364
49.49717950820923
49.706642627716064
49.988463163375854
50.138545513153076
50.3350465297699
50.528550148010254
50.68615508079529
50.899614334106445
51.055224895477295
51.29261517524719
51.451215505599976
51.620275259017944
51.79683208465576
51.980363607406616
52.18185877799988
52.35641622543335
52.54442572593689
52.69903349876404
52.87458944320679
53.02968621253967
53.20224857330322
53.37381196022034
53.52292776107788
53.68352556228638
53.85708570480347
54.05108189582825
54.23660850524902
54.39820146560669
54.55030870437622
54.716891288757324
54.868507623672485
55.65950846672058
55.81460452079773
55.980185747146606
56.15722584724426
56.34574842453003
56.50036311149597
56.66394925117493
56.85395622253418
57.011558055877686
57.19808554649353
57.360167503356934
57.580116271972656
57.76963925361633
57.92872595787048
58.095306396484375
58.28582143783569
58.48132681846619
58.63243532180786
58.85088276863098
59.0264413356781
59.183046102523804
59.35509943962097
59.52566933631897
59.678282499313354
59.877771615982056
60.09322142601013
60.25230836868286
60.4577956199646
60.61639380455017
60.78596258163452
60.941062450408936
61.12958598136902
61.308135986328125
61.463231563568115
61.617839097976685
61.770944356918335
61.92954182624817
62.08814263343811
62.258200883865356
62.43575167655945
62.59036374092102
62.74446368217468
62.89708065986633
63.061155796051025
63.2167603969574
63.39630365371704
63.5643675327301
63.722967863082886
63.895530700683594
64.07906675338745
64.86050486564636
65.04004740715027
65.19266676902771
65.35175347328186
65.50636768341064
65.68690705299377
65.85596823692322
66.05446100234985
66.23001170158386
66.38462495803833
66.54371118545532
66.71328234672546
66.89282393455505
67.05191326141357
67.22547149658203
67.37757611274719
67.53118968009949
67.69179081916809
67.84588837623596
68.0224404335022
68.17953443527222
68.33414340019226
68.48425579071045
68.6468460559845
68.80145621299744
68.95655393600464
69.13909149169922
69.33659315109253
69.48869776725769
69.64630007743835
69.79991507530212
69.97495675086975
70.13255882263184
70.28566241264343
70.47318291664124
70.63577342033386
70.78688383102417
70.94847583770752
71.154944896698
71.32152485847473
71.47163677215576
71.6342236995697
71.79231357574463
71.98781943321228
72.13943648338318
72.29652810096741
72.45513010025024
72.60674858093262
72.75885510444641
72.91645789146423
73.71045875549316
73.89049649238586
74.0481026172638
74.2067015171051
74.36479210853577
74.54134583473206
74.70792746543884
74.86202883720398
75.0186402797699
75.17174410820007
75.33134365081787
75.50439071655273
75.66099691390991
75.82558155059814
75.97968173027039
76.13429093360901
76.29537439346313
76.49387192726135
76.68637990951538
76.86293458938599
77.02253603935242
77.22800993919373
77.42051863670349
77.58060622215271
77.75416612625122
77.91376781463623
78.0738513469696
78.23544716835022
78.40451216697693
78.57009100914001
78.74564862251282
78.89974975585938
79.05535793304443
79.22193932533264
79.3750410079956
79.53563690185547
79.72515630722046
79.93562030792236
80.09869480133057
80.27624464035034
80.43384838104248
80.61487698554993
80.80040454864502
80.95701503753662
81.11809539794922
81.29564356803894
81.45624279975891
81.61533379554749
81.76894521713257
81.92654609680176
82.75072932243347
82.90881633758545
83.07239127159119
83.22898983955383
83.3860764503479
83.54865980148315
83.73207211494446
83.89215064048767
84.07920432090759
84.23281764984131
84.39689183235168
84.5844132900238
84.7370331287384
84.88614869117737
85.04973554611206
85.2028398513794
85.36743354797363
85.52352690696716
85.68312406539917
85.8457133769989
86.00081086158752
86.15542078018188
86.31650352478027
86.47410798072815
86.6327075958252
86.78581237792969
86.95139193534851
87.10648918151855
87.29500961303711
87.47256255149841
87.62965488433838
87.82615280151367
87.99372887611389
88.14934206008911
88.32039618492126
88.53584790229797
88.69145631790161
88.85902881622314
89.06151223182678
89.22558736801147
89.41609907150269
89.64203238487244
89.81707668304443
89.96969246864319
90.16718626022339
90.33225750923157
90.487863779068
90.6434736251831
90.82250761985779
90.9821081161499
92.60823607444763
93.43013882637024
94.38082218170166
95.23164868354797
96.1458899974823
97.05007767677307
97.9243574142456
98.83155083656311
99.68986988067627
100.60602927207947
101.47332644462585
102.3271496295929
103.16108226776123
104.01741743087769
104.92559599876404
105.82182049751282
106.69214344024658
107.59933757781982
108.45615458488464
109.30948781967163
110.13543128967285
110.98988676071167
111.86516308784485
112.66713047027588
113.53143095970154
114.53296041488647
115.38079857826233
116.27602481842041
117.11639165878296
117.96821856498718
118.82255172729492
119.67239379882812
120.54368805885315
121.34866261482239
122.20048546791077
123.05281400680542
123.93317437171936
124.78399920463562
125.60590314865112
126.46022987365723
127.26624083518982
128.07319378852844
128.91803359985352
129.71500730514526
130.55337643623352
131.44860172271729
132.24307084083557
133.1334137916565
134.04360914230347
134.966411113739
136.4228229522705
137.3264937400818
138.15023946762085
138.97759175300598
139.84940910339355
140.67771768569946
141.52902817726135
142.34295296669006
143.17335152626038
143.9743824005127
144.81627440452576
145.6432008743286
146.49061965942383
147.30155277252197
148.13748741149902
149.0584897994995
150.00510787963867
150.85053515434265
151.65942645072937
152.50664377212524
153.34941005706787
154.1472396850586
154.9511535167694
155.83059859275818
156.673593044281
157.5369050502777
158.36881494522095
159.27700114250183
160.13242554664612
161.01226496696472
161.87557196617126
162.76989316940308
163.64730978012085
164.54463005065918
165.38045930862427
166.18337273597717
166.99583315849304
167.85614442825317
168.724928855896
169.59024357795715
170.416250705719
171.24859952926636
172.07046365737915
172.94030690193176
173.7597301006317
174.56371903419495
175.45202040672302
176.33077692985535
177.21108484268188
178.10136246681213
179.53565168380737
180.42841124534607
181.35257506370544
182.18995118141174
183.0417845249176
183.9684317111969
184.7924098968506
185.64125180244446
186.51055479049683
187.42842745780945
188.3840057849884
189.1685802936554
190.03586411476135
190.92808651924133
191.7848517894745
192.58578038215637
193.46701955795288
194.3123276233673
195.1029360294342
195.89941883087158
196.75821900367737
197.60656356811523
198.47134566307068
199.3715522289276
200.271954536438
201.23153400421143
202.04745817184448
202.8574995994568
203.69340133666992
204.5337827205658
205.3497018814087
206.31677865982056
207.1167392730713
208.01106309890747
208.88633584976196
209.72920656204224
210.5825490951538
211.49679803848267
212.38603734970093
213.30230283737183
214.19162440299988
215.0365695953369
215.87394380569458
216.68088793754578
217.54767751693726
218.3710994720459
219.21387672424316
220.02093982696533
220.9291217327118
221.81044745445251
223.24522042274475
224.20882415771484
225.07924818992615
225.94307398796082
226.76904892921448
227.58947086334229
228.50774145126343
229.35059213638306
230.2832293510437
231.17106008529663
231.97102451324463
232.76899528503418
233.64331459999084
234.49569702148438
235.29468274116516
236.13453841209412
237.01579928398132
237.82475090026855
238.65074515342712
239.43873810768127
240.27962732315063
241.08658003807068
241.99088430404663
242.90208983421326
243.74939942359924
244.59026956558228
245.4935052394867
246.2874834537506
247.14480423927307
248.0116262435913
248.88597750663757
249.71089267730713
250.5523931980133
251.3872652053833
252.22425031661987
253.06671786308289
253.8936071395874
254.7065348625183
255.55787873268127
256.40971636772156
257.2471966743469
258.0860514640808
258.93588185310364
259.73185300827026
260.5552773475647
261.3517451286316
262.22306513786316
263.08737993240356
263.90928077697754
264.7471811771393
266.1160743236542
267.01846289634705
267.8714065551758
268.71277952194214
269.63492941856384
270.4922556877136
271.36602234840393
272.1904776096344
273.0813388824463
273.9645926952362
274.875771522522
275.74505591392517
276.5944378376007
277.4532582759857
278.2643024921417
279.1206476688385
279.9675967693329
280.84785628318787
281.71715784072876
282.57001209259033
283.4283344745636
284.28318333625793
285.1863887310028
286.0786213874817
286.9598808288574
287.86009073257446
288.7190067768097
289.6213195323944
290.47570061683655
291.37091875076294
292.2247757911682
293.05217933654785
293.90107917785645
294.6950604915619
295.5329611301422
296.3573749065399
297.1892502307892
298.0666127204895
298.89056062698364
299.6906228065491
300.5216398239136
301.4159400463104
302.2548713684082
303.10122537612915
303.905250787735
304.78350830078125
305.59753823280334
306.43041229248047
307.2224061489105
308.0154149532318
309.4152045249939
310.3099510669708
311.1713619232178
311.978271484375
312.8515131473541
313.6819050312042
314.55725860595703
315.3742837905884
316.1882107257843
316.9802041053772
317.84250807762146
318.7707049846649
319.6758978366852
320.4808831214905
321.2898232936859
322.0838100910187
322.9262511730194
323.81551456451416
324.7082347869873
325.60047245025635
326.4398422241211
327.3127098083496
328.1621506214142
328.9810688495636
329.7750403881073
330.61589670181274
331.50213718414307
332.41541600227356
333.2817499637604
334.0916883945465
334.9196267127991
335.76006293296814
336.58804726600647
337.4279086589813
338.23386693000793
339.0258893966675
339.8802239894867
340.7471001148224
341.6423919200897
342.44729685783386
343.29060459136963
344.20243406295776
345.0452473163605
345.8521695137024
346.6681125164032
347.5149509906769
348.33988642692566
349.16279220581055
350.0031564235687
350.8519847393036
352.2607762813568
353.1041281223297
353.94298219680786
354.8431866168976
355.72645831108093
356.57130336761475
357.36228799819946
358.18119740486145
359.00859928131104
359.9127998352051
360.71874713897705
361.51871371269226
362.35758113861084
363.17250084877014
363.98044657707214
364.8128275871277
365.68360567092896
366.50949716567993
367.3698058128357
368.2201409339905
369.04702711105347
369.8639416694641
370.6639025211334
371.5097506046295
372.3311610221863
373.20591616630554
374.0522530078888
374.8502109050751
375.72797560691833
376.533926486969
377.3553442955017
378.23809814453125
379.0475356578827
379.931280374527
380.738214969635
381.6035170555115
382.4413814544678
383.2747621536255
384.0717329978943
384.8936357498169
385.69658398628235
386.4935517311096
387.3788015842438
388.2346179485321
389.0226089954376
389.81159591674805
390.61853861808777
391.4713542461395
392.32869958877563
393.2059726715088
394.6413404941559
395.4986617565155
396.3415071964264
397.19782853126526
398.0970392227173
398.93489360809326
399.82911586761475
400.7013921737671
401.50135946273804
402.31029534339905
403.17208099365234
404.0822558403015
404.90666913986206
405.738534450531
406.66366744041443
407.52995681762695
408.370808839798
409.2146544456482
410.0460379123688
410.92730164527893
411.8020520210266
412.6892845630646
413.4842531681061
414.32917881011963
415.154066324234
416.02683305740356
416.90908217430115
417.7614121437073
418.5853154659271
419.39824390411377
420.217161655426
421.0674936771393
421.95077109336853
422.88387751579285
423.69182777404785
424.5256896018982
425.4583284854889
426.33408522605896
427.16547656059265
428.0352563858032
428.9718818664551
429.79876732826233
430.64161133766174
431.5128948688507
432.31486105918884
433.17616605758667
434.09198808670044
434.99419498443604
435.8669624328613
436.74532437324524
438.18578267097473
439.0785069465637
439.93484354019165
440.7982347011566
441.60323452949524
442.48013830184937
443.30962586402893
444.2029209136963
445.0443754196167
445.88726115226746
446.79257702827454
447.61910247802734
448.4440505504608
449.3462529182434
450.2903501987457
451.1616473197937
452.0988349914551
452.95117688179016
453.7561340332031
454.6663887500763
455.5386700630188
456.36660146713257
457.23158955574036
458.0549533367157
458.8758306503296
459.6937139034271
460.4806718826294
461.33944940567017
462.13793444633484
462.93490505218506
463.76330828666687
464.66767716407776
465.47764444351196
466.2776925563812
467.16098713874817
468.079149723053
468.9100251197815
469.844286441803
470.81785559654236
471.7021222114563
472.60337138175964
473.4342575073242
474.3005611896515
475.12760281562805
475.9245889186859
476.7175896167755
477.53255796432495
478.42992782592773
479.2429769039154
480.0779321193695
481.4858593940735
482.3621289730072
483.1711382865906
483.9780855178833
484.80854177474976
485.6384358406067
486.4673385620117
487.2653057575226
488.1316044330597
488.9346513748169
489.90671014785767
490.70369029045105
491.6702365875244
492.52461552619934
493.36251282691956
494.18845868110657
495.01640224456787
495.8817436695099
496.707750082016
497.5410931110382
498.35102891921997
499.2481985092163
500.11594915390015
500.99036931991577
501.798317193985
502.6331944465637
503.4536235332489
504.27253770828247
505.1519479751587
505.9529275894165
506.78281593322754
507.5787944793701
508.4516661167145
509.32993507385254
510.26965713500977
511.16237115859985
512.0951035022736
512.940013885498
513.7369980812073
514.6182634830475
515.5035181045532
516.3895199298859
517.247721195221
518.1778736114502
519.0342133045197
519.9134819507599
520.7957429885864
521.6455700397491
522.5178544521332
523.3418316841125
524.7633323669434
525.5872542858124
526.4575390815735
527.2904207706451
528.1846542358398
529.0629243850708
529.925240278244
530.8354334831238
531.6553456783295
532.4932146072388
533.339574098587
534.2423670291901
535.1536226272583
535.9766018390656
536.7725901603699
537.6289713382721
538.5481424331665
539.4343922138214
540.227860212326
541.2807910442352
542.1336183547974
543.0348281860352
543.8533470630646
544.774585723877
545.6589033603668
546.5257263183594
547.440904378891
548.3092012405396
549.1586127281189
549.9615743160248
550.759548664093
551.5724859237671
552.4372804164886
553.2947130203247
554.1196172237396
554.9759478569031
555.8438284397125
556.646425485611
557.5069086551666
558.358743429184
559.2042026519775
560.0681076049805
560.8561034202576
561.6955420970917
562.4955441951752
563.3284592628479
564.1643378734589
564.9553377628326
565.8276162147522
566.6614909172058
568.1672210693359
569.0634257793427
569.8763501644135
570.7506210803986
571.5815930366516
572.443900346756
573.2638189792633
574.1271214485168
574.987913608551
575.7848811149597
576.6038012504578
577.4282114505768
578.3029737472534
579.1029326915741
579.9323189258575
580.7671866416931
581.6624071598053
582.4683475494385
583.2603242397308
584.1794877052307
585.1066286563873
585.9115710258484
586.729484796524
587.5344500541687
588.4880244731903
589.3488268852234
590.1429226398468
590.9653294086456
591.7852354049683
592.6290874481201
593.4834082126617
594.316285610199
595.1461689472198
596.0014896392822
596.8463292121887
597.7016522884369
598.4946277141571
599.3434529304504
600.1838812828064
601.0117623806
601.830664396286
602.6979582309723
603.5039038658142
604.3487434387207
605.1931085586548
605.9990539550781
606.8878347873688
607.6838057041168
608.4957406520844
609.3650150299072
610.7864322662354
611.648736000061
612.487587928772
613.28355717659
614.0964818000793
614.9567878246307
615.7557473182678
616.6270365715027
617.5551633834839
618.3591110706329
619.2059392929077
620.0058982372284
620.8650195598602
621.7393929958344
622.5573449134827
623.4675619602203
624.3173875808716
625.1223406791687
625.9786603450775
626.82155585289
627.6699068546295
628.6012332439423
629.4785034656525
630.2874450683594
631.1163268089294
631.9626793861389
632.832528591156
633.7751758098602
634.6050968170166
635.4136452674866
636.3039691448212
637.1982719898224
637.9921472072601
638.8379878997803
639.7842020988464
640.6720035076141
641.4759495258331
642.2719960212708
643.1233291625977
643.9332778453827
644.798574924469
645.6938812732697
646.5920927524567
647.3980329036713
648.2070322036743
649.0179703235626
649.8349714279175
650.6509969234467
651.4560282230377
652.2870182991028
653.7059626579285
654.5592904090881
655.4555060863495
656.2883806228638
657.1142852306366
657.9386961460114
658.7655787467957
659.5715191364288
660.3934330940247
661.2607169151306
662.1015634536743
662.9439239501953
663.8176825046539
664.6909594535828
665.5991365909576
666.3980972766876
667.269378900528
668.0613603591919
668.8802723884583
669.7460589408875
670.5490152835846
671.3873789310455
672.2511808872223
673.0725874900818
673.9194293022156
674.8086585998535
675.6584932804108
676.5088255405426
677.362651348114
678.1606161594391
678.9555850028992
679.7535436153412
680.5849304199219
681.3888785839081
682.2317225933075
683.0810577869415
683.86554646492
684.6754767894745
685.475433588028
686.322767496109
687.1466579437256
688.0498490333557
688.8717534542084
689.6876790523529
690.6063549518585
691.5324821472168
692.3533983230591
693.1593384742737
694.0246486663818
694.8166286945343
696.015882730484
696.0717191696167
696.0996246337891
696.1241135597229
696.1470494270325
696.171954870224
696.1939234733582
696.2194018363953
696.2423756122589
696.2653121948242
696.2862234115601
696.3051853179932
696.3226919174194
696.3416078090668
696.3595595359802
696.3765184879303
696.3944706916809
696.4139375686646
696.4358820915222
696.455828666687
696.4738125801086
696.4927341938019
696.5107333660126
696.5292043685913
696.548154592514
696.5661380290985
696.5850560665131
696.6040399074554
696.6225211620331
696.6405017375946
696.6594519615173
696.6773748397827
696.6953265666962
696.7122843265533
696.7307884693146
696.748701095581
696.771644115448
696.7895970344543
696.8075504302979
696.8264946937561
696.8434479236603
696.8613669872284
696.8793206214905
696.8973062038422
696.9142649173737
696.9327299594879
696.9517130851746
696.9706315994263
696.9885835647583
697.0065350532532
697.5863265991211
697.6033473014832
697.620888710022
697.6398010253906
697.6577870845795
697.6767354011536
697.6956565380096
697.7138774394989
697.731372833252
697.7492957115173
697.7682769298553
697.7871947288513
697.8051500320435
697.8236258029938
697.840580701828
697.85853266716
697.8765141963959
697.8954303264618
697.9134497642517
697.9319157600403
697.9498689174652
697.9688169956207
697.9877705574036
698.0057556629181
698.0241961479187
698.0421898365021
698.0601291656494
698.0790848731995
698.0970320701599
698.1149854660034
698.1334507465363
698.1533958911896
698.1713812351227
698.1892995834351
698.2082552909851
698.2267165184021
698.2446999549866
698.2636215686798
698.2815699577332
698.2995216846466
698.3189873695374
698.3379724025726
698.3559200763702
698.3738403320312
698.39182472229
698.409746170044
698.4282836914062
698.445196390152
698.4641489982605
698.4810998439789
