15.267986297607422
14.726722717285156
14.185455322265625
13.64419174194336
13.102924346923828
12.561660766601562
12.020394325256348
11.479127883911133
10.93786334991455
10.396599769592285
9.85533332824707
9.314065933227539
8.772802352905273
8.231538772583008
7.690271854400635
7.149004936218262
6.607741355895996
6.066477298736572
5.525210380554199
5.712282657623291
5.581793308258057
5.147281169891357
4.486083984375
3.906968116760254
3.729797840118408
3.5134048461914062
3.262279987335205
3.245943784713745
3.214116334915161
2.8624801635742188
2.7298271656036377
2.9919357299804688
3.3259198665618896
3.380030393600464
3.313610076904297
3.292340040206909
3.2178759574890137
3.095767021179199
2.9309616088867188
3.1238629817962646
3.172208309173584
2.9523401260375977
2.5416879653930664
2.5616347789764404
2.6140942573547363
2.4741337299346924
2.5519325733184814
2.5673792362213135
2.5268032550811768
2.4517104625701904
2.559077739715576
2.576918840408325
2.487333059310913
2.621917486190796
2.6108012199401855
2.514529228210449
2.5198116302490234
2.4669528007507324
2.409428358078003
2.4196877479553223
2.4676992893218994
2.4913816452026367
2.4855823516845703
2.4576737880706787
2.43373966217041
2.527230978012085
2.523118257522583
2.42046856880188
2.5685176849365234
2.480536699295044
2.531644821166992
2.5801658630371094
2.4146528244018555
2.5188655853271484
2.490997314453125
2.462087631225586
2.4625227451324463
2.4629101753234863
2.4565696716308594
2.4116978645324707
2.464409112930298
2.4256720542907715
2.5021626949310303
2.429842948913574
2.4050354957580566
2.535550355911255
2.5281519889831543
2.401439905166626
2.4007246494293213
2.3928732872009277
2.4681761264801025
2.3928120136260986
2.5946946144104004
2.634671211242676
2.4643375873565674
2.605646848678589
2.721975803375244
2.6223480701446533
2.4683594703674316
2.5922775268554688
2.577371835708618
2.5557711124420166
2.5161921977996826
2.4605541229248047
2.3998334407806396
2.3899765014648438
2.431497097015381
2.448762893676758
2.4443178176879883
2.4204418659210205
2.379180431365967
2.389547348022461
2.420802354812622
2.429158926010132
2.417013168334961
2.3865103721618652
2.3723528385162354
2.3950040340423584
2.395890712738037
2.3772761821746826
2.3707284927368164
2.3838014602661133
2.376249313354492
2.371513843536377
2.3798108100891113
2.3767783641815186
2.3610382080078125
2.3823440074920654
2.385769844055176
2.3711249828338623
2.3661270141601562
2.385756492614746
2.3875370025634766
2.3698806762695312
2.3771257400512695
2.389444351196289
2.3813395500183105
2.3617281913757324
2.375410556793213
2.372802734375
2.360583782196045
2.3607864379882812
2.3700027465820312
2.3679301738739014
2.3649706840515137
2.378262519836426
2.3712902069091797
2.3658885955810547
2.3696348667144775
2.360314130783081
26.275482177734375
25.702634811401367
24.933944702148438
24.027023315429688
23.032018661499023
21.966556549072266
20.84833335876465
19.69603729248047
18.516950607299805
17.348648071289062
16.35187530517578
15.408426284790039
14.525793075561523
13.871631622314453
13.307401657104492
12.766008377075195
12.231002807617188
11.694396018981934
11.15088176727295
10.607677459716797
10.101110458374023
9.64155101776123
9.18855094909668
8.733671188354492
8.269086837768555
7.820779323577881
7.438498497009277
7.117385387420654
6.844342231750488
6.59846830368042
6.364187240600586
6.120888710021973
5.869491100311279
5.607526779174805
5.339134216308594
5.084761619567871
4.884091854095459
4.734445571899414
4.602273941040039
4.4688615798950195
4.328995227813721
4.182407855987549
4.03316593170166
3.8958582878112793
3.7864036560058594
3.71341609954834
3.6645331382751465
3.6146347522735596
3.552381992340088
3.478912353515625
3.3987932205200195
3.323107957839966
3.2640089988708496
3.2213640213012695
3.1946561336517334
3.174806594848633
3.1539788246154785
3.1348681449890137
3.115481376647949
3.100776433944702
3.086848497390747
3.071225643157959
3.0533061027526855
3.0321969985961914
3.009540557861328
2.9872212409973145
2.968294143676758
2.952486991882324
2.935441732406616
2.9226021766662598
2.911984443664551
2.9008126258850098
2.8896872997283936
2.8835577964782715
2.88037109375
2.8800153732299805
2.8805124759674072
2.8821260929107666
2.8828282356262207
2.8858933448791504
2.885326862335205
2.881498098373413
2.875941514968872
2.8749101161956787
2.875542640686035
2.8729777336120605
2.867091417312622
2.8646602630615234
2.863558769226074
2.8614158630371094
2.858567953109741
2.8554627895355225
2.859070062637329
2.85988450050354
2.8579704761505127
2.8552188873291016
2.856689214706421
2.8576674461364746
2.8563592433929443
2.8533742427825928
2.853268623352051
2.853119134902954
2.851846218109131
2.852562665939331
2.8529112339019775
2.8511557579040527
2.852001428604126
2.8526859283447266
2.851076126098633
2.8506722450256348
2.8514251708984375
2.850149393081665
2.849562883377075
2.8497695922851562
2.848362445831299
2.8498666286468506
2.8498573303222656
2.8480167388916016
2.850778341293335
2.851918935775757
2.850656747817993
2.847604274749756
2.850649833679199
2.8516621589660645
2.850588083267212
2.847742795944214
2.8505077362060547
2.852396249771118
2.8517515659332275
2.848874092102051
2.848342180252075
2.850259304046631
2.8500797748565674
2.8480005264282227
2.8477423191070557
2.849012851715088
2.847957134246826
2.8467700481414795
2.8495640754699707
2.8504738807678223
2.849374532699585
2.846531629562378
2.8487589359283447
2.850705862045288
2.8501839637756348
2.8475990295410156
2.8464081287384033
2.8486526012420654
2.8495678901672363
2.8484103679656982
2.8454971313476562
2.8450307846069336
2.8452792167663574
2.845602512359619
2.8456647396087646
2.8454999923706055
2.8451271057128906
2.844761610031128
2.8450868129730225
2.8452115058898926
2.8451435565948486
2.844896078109741
2.8446621894836426
2.8447303771972656
2.8448917865753174
2.8448269367218018
2.844552993774414
2.8445382118225098
2.844684600830078
2.8446297645568848
2.844405174255371
2.8443944454193115
2.8445703983306885
2.844514846801758
2.8442771434783936
2.8442015647888184
2.844224691390991
2.8440651893615723
2.844269275665283
2.8443164825439453
2.8441498279571533
2.8440113067626953
2.844074010848999
2.84395432472229
2.843961715698242
2.843972682952881
2.8438432216644287
2.843891143798828
2.84386944770813
2.8437013626098633
2.8437159061431885
2.843637228012085
2.843611478805542
2.843587636947632
2.843609571456909
2.8435492515563965
2.843513250350952
2.843559741973877
2.8434255123138428
2.8436248302459717
2.843656063079834
2.843470573425293
2.8434510231018066
2.843533515930176
2.8434319496154785
2.84322452545166
2.8432233333587646
2.8432364463806152
2.84317946434021
2.8431930541992188
2.8431620597839355
2.84309720993042
2.843078374862671
2.8429908752441406
2.8431472778320312
2.843140125274658
2.8429577350616455
2.8429269790649414
2.842878818511963
2.842909336090088
2.842874526977539
2.8428235054016113
2.8428211212158203
2.8427443504333496
2.842801332473755
2.842785358428955
2.84260892868042
2.842578411102295
2.842601776123047
2.8425686359405518
2.8425381183624268
2.842487096786499
2.8424758911132812
2.8424394130706787
2.842475414276123
2.842458724975586
2.8423843383789062
2.842410087585449
2.842310905456543
2.842430591583252
2.842440128326416
2.8422884941101074
2.8422658443450928
2.8422188758850098
2.842118978500366
2.8421542644500732
2.8420767784118652
2.8422322273254395
2.842198133468628
2.8419876098632812
2.8422389030456543
2.84236216545105
2.84226131439209
2.841989278793335
2.8421592712402344
2.842259168624878
2.8421707153320312
2.8419148921966553
2.8423194885253906
2.842501640319824
2.8424575328826904
2.8422110080718994
2.841986656188965
2.8421571254730225
2.8421409130096436
2.841948986053467
2.842151641845703
2.8422763347625732
2.8421802520751953
2.8420605659484863
2.8421106338500977
2.842205286026001
2.842111587524414
2.842024803161621
2.8420538902282715
2.8420965671539307
2.8419840335845947
2.8420093059539795
2.8420960903167725
2.8420002460479736
2.841963291168213
2.842012405395508
2.8419411182403564
2.841921329498291
2.8418796062469482
2.8419854640960693
2.841970920562744
2.841951370239258
2.841968059539795
2.8419575691223145
2.8419442176818848
2.841949462890625
2.84197735786438
2.841820240020752
2.841902494430542
2.8418185710906982
2.841918468475342
2.8418757915496826
2.841881275177002
2.841853141784668
2.8418374061584473
2.8418939113616943
2.841845989227295
2.841944932937622
2.841975212097168
2.8418238162994385
2.8420398235321045
2.84212589263916
2.8419976234436035
2.8418233394622803
2.8419063091278076
2.841824769973755
2.8418145179748535
2.8418288230895996
2.841813325881958
2.8417916297912598
2.84177827835083
2.841773271560669
2.8417751789093018
2.8418352603912354
2.841742515563965
2.8417656421661377
2.841820478439331
2.8417789936065674
2.8417439460754395
2.8418304920196533
2.8417882919311523
2.8418548107147217
2.8418161869049072
2.8418490886688232
2.8419265747070312
2.841839075088501
2.8418171405792236
2.8418731689453125
2.8417487144470215
2.8419222831726074
2.8419885635375977
2.8418428897857666
2.841824531555176
2.8419229984283447
2.8418362140655518
2.841864824295044
2.8419063091278076
2.841925859451294
2.8418002128601074
2.841799259185791
2.841825008392334
2.8416807651519775
2.8418514728546143
2.8418209552764893
126.3511734008789
121.87156677246094
117.5657958984375
113.3374252319336
109.04004669189453
104.71340942382812
100.44404602050781
96.98011779785156
93.42314147949219
89.9494857788086
86.34352111816406
82.72730255126953
79.0324478149414
75.26971435546875
71.71282196044922
68.12163543701172
64.71479034423828
61.42380905151367
58.55903244018555
55.71676254272461
52.84592819213867
49.99922561645508
47.45308303833008
45.13727951049805
42.81385040283203
40.83618927001953
39.80301284790039
38.740821838378906
37.47956466674805
35.92155456542969
34.28118133544922
32.441280364990234
30.57520866394043
28.788867950439453
26.942195892333984
25.119115829467773
23.235504150390625
21.469804763793945
19.96023941040039
18.34834861755371
17.215328216552734
16.20730209350586
15.237361907958984
14.476378440856934
13.590489387512207
12.614120483398438
11.521427154541016
10.497844696044922
9.699803352355957
9.202801704406738
8.793669700622559
8.412076950073242
7.939298629760742
7.235455513000488
6.781425476074219
6.740882873535156
6.661564350128174
6.71954345703125
6.577572345733643
6.333600044250488
6.394835472106934
6.303190231323242
6.351646900177002
6.377963066101074
6.3758392333984375
6.398946762084961
6.264395236968994
6.2791619300842285
6.345487594604492
6.235418319702148
6.030398368835449
5.987083435058594
5.812985897064209
5.619815349578857
5.411731719970703
5.241674423217773
5.161466598510742
5.031649589538574
4.914794445037842
4.806741714477539
4.709806442260742
4.524921417236328
4.581517219543457
4.480953216552734
4.4502058029174805
4.2984724044799805
4.266303539276123
4.245456218719482
4.213816165924072
4.064828395843506
4.0000996589660645
4.0322370529174805
4.001294136047363
3.8778693675994873
3.8125386238098145
3.743922233581543
3.7415146827697754
3.7753684520721436
3.726438045501709
3.705920696258545
3.6416850090026855
3.593905448913574
3.409236431121826
3.4824106693267822
3.499086380004883
3.4348790645599365
3.3925540447235107
3.3372998237609863
3.353217840194702
3.34596586227417
3.249180793762207
3.0896072387695312
3.1514220237731934
3.149257183074951
3.067800521850586
2.9910075664520264
3.1037964820861816
3.081172466278076
3.080451011657715
3.0582189559936523
3.046022415161133
2.97686767578125
2.8794891834259033
2.822491407394409
2.9161529541015625
2.933053731918335
2.8904495239257812
2.6421244144439697
2.754507541656494
2.8075034618377686
2.889681577682495
2.7856497764587402
2.6638267040252686
2.688988208770752
2.7054319381713867
2.629206657409668
2.544609308242798
2.7235050201416016
2.683614730834961
2.6032700538635254
2.551039457321167
2.6364426612854004
2.606534004211426
2.5929648876190186
2.5606517791748047
2.5321860313415527
2.5638675689697266
2.5850374698638916
2.493631601333618
2.4572958946228027
23.48289680480957
23.387653350830078
23.249601364135742
23.118057250976562
22.98660659790039
22.876432418823242
22.7750301361084
22.68597412109375
22.599111557006836
22.52707290649414
22.466049194335938
22.42009735107422
22.382463455200195
22.349340438842773
22.323209762573242
22.301937103271484
22.28214454650879
22.270509719848633
22.262744903564453
22.269725799560547
22.274627685546875
22.278913497924805
22.289644241333008
22.29833984375
22.31085968017578
22.32300567626953
22.329864501953125
22.342233657836914
22.34200096130371
22.344995498657227
22.341594696044922
22.340585708618164
22.33517837524414
22.336410522460938
22.337203979492188
22.3430233001709
22.350860595703125
22.358386993408203
22.36701202392578
22.373031616210938
22.37668228149414
22.377328872680664
22.379241943359375
22.378067016601562
22.378028869628906
22.378183364868164
22.379777908325195
22.37761116027832
22.37529754638672
22.373044967651367
22.37157440185547
22.36736488342285
22.366289138793945
22.364395141601562
22.359880447387695
22.354536056518555
22.351552963256836
22.34941291809082
22.346982955932617
22.344573974609375
22.343246459960938
22.342844009399414
22.342891693115234
22.34278106689453
22.341405868530273
22.34107780456543
22.339862823486328
22.338722229003906
22.338581085205078
22.3354549407959
22.335222244262695
22.3326416015625
22.33032989501953
22.327558517456055
22.327898025512695
22.32740592956543
22.327627182006836
22.324615478515625
22.32317543029785
22.321889877319336
22.320960998535156
22.320615768432617
22.319923400878906
22.318939208984375
22.319780349731445
22.318944931030273
22.317378997802734
22.316396713256836
22.316694259643555
22.315773010253906
22.313074111938477
22.311906814575195
22.3082275390625
22.30696678161621
22.305360794067383
22.303369522094727
22.302261352539062
22.302494049072266
22.30185890197754
22.30110740661621
22.300580978393555
22.300884246826172
22.301761627197266
22.302093505859375
22.301918029785156
22.302852630615234
22.303607940673828
22.304000854492188
22.303253173828125
22.30324363708496
22.304271697998047
22.304418563842773
22.30426597595215
22.30312156677246
22.303485870361328
22.30270767211914
22.30244255065918
22.302013397216797
22.300451278686523
22.300058364868164
22.29938507080078
22.29863739013672
22.298303604125977
22.297399520874023
22.29665756225586
22.29631805419922
22.295991897583008
22.29564666748047
22.295574188232422
22.295551300048828
22.295978546142578
22.296100616455078
22.296031951904297
22.295791625976562
22.29546356201172
22.295000076293945
22.294689178466797
22.294357299804688
22.294422149658203
22.293996810913086
22.293781280517578
22.29345703125
22.293128967285156
22.293325424194336
22.29395294189453
22.293701171875
22.293628692626953
22.293285369873047
22.293149948120117
22.292922973632812
22.29294204711914
21.064287185668945
19.880582809448242
18.74195098876953
17.647520065307617
16.649892807006836
15.773126602172852
15.060259819030762
14.472051620483398
13.931061744689941
13.383278846740723
12.822359085083008
12.264476776123047
11.71573543548584
11.193071365356445
10.717586517333984
10.272493362426758
9.887704849243164
9.602462768554688
9.387528419494629
9.168652534484863
8.908686637878418
8.598612785339355
8.239051818847656
7.833459377288818
7.464737415313721
7.132521152496338
6.8788275718688965
6.688479900360107
6.512814521789551
6.359033584594727
6.240474700927734
6.159418106079102
6.100956916809082
6.082818031311035
6.045454502105713
5.966875076293945
5.855415344238281
5.724313259124756
5.599372386932373
5.499419689178467
5.4218430519104
5.354782581329346
5.2914533615112305
5.228213787078857
5.16384220123291
5.116450786590576
5.079767227172852
5.047129154205322
5.00877571105957
4.961276054382324
4.922174453735352
4.8967061042785645
4.874612331390381
4.860767841339111
4.850728511810303
4.839863300323486
4.825988292694092
4.809234142303467
4.798086643218994
4.789544582366943
4.781228542327881
4.765622615814209
4.744173049926758
4.7264790534973145
4.716024398803711
4.709140777587891
4.701287746429443
4.694354057312012
4.687302589416504
4.681278228759766
4.676943778991699
4.672028541564941
4.668185710906982
4.6647138595581055
4.660478115081787
4.652554512023926
4.644937515258789
4.640515327453613
4.6391472816467285
4.638901710510254
4.63810920715332
4.632655143737793
4.627256870269775
4.623210430145264
4.621148109436035
4.620575904846191
4.6198248863220215
4.618322849273682
4.617939472198486
4.614339828491211
4.612085819244385
4.611266136169434
4.611019611358643
4.61031436920166
4.608747482299805
4.607110977172852
4.605665683746338
4.604945182800293
4.604652404785156
4.604211807250977
4.603245258331299
4.60241174697876
4.601998329162598
4.602080345153809
4.601413249969482
4.600296497344971
4.59919548034668
4.59907341003418
4.598923683166504
4.598487854003906
4.598083972930908
4.598234176635742
4.598139762878418
4.59783935546875
4.597273349761963
4.597205638885498
4.5971999168396
4.597055435180664
4.596713542938232
4.596619129180908
4.596620559692383
4.5962982177734375
4.5961833000183105
4.596131801605225
4.596101760864258
4.596066474914551
4.596004009246826
4.595943450927734
4.595944881439209
4.595935344696045
4.595955848693848
4.595858097076416
4.595832824707031
4.595812797546387
4.594511032104492
4.594379425048828
4.594351768493652
4.594359874725342
4.594277858734131
4.5941548347473145
4.593708038330078
4.593679904937744
4.593640327453613
4.593811988830566
4.593837738037109
4.593804359436035
4.593760013580322
4.5937180519104
4.593684196472168
4.593651294708252
4.593617916107178
4.593579292297363
4.593542098999023
4.593510627746582
4.59349250793457
4.5934576988220215
4.593423843383789
4.593404769897461
4.593373775482178
4.59334135055542
4.5933098793029785
4.593280792236328
4.593251705169678
4.593221187591553
4.593192100524902
4.592914581298828
4.5928874015808105
4.592858791351318
4.592828750610352
4.592802047729492
4.592777252197266
4.5918684005737305
4.5918426513671875
4.591817855834961
4.591794967651367
4.591770648956299
4.591745853424072
4.591723442077637
4.591318130493164
4.591294765472412
4.591272354125977
4.591249942779541
4.591228485107422
4.591206073760986
4.59118127822876
4.59093713760376
4.590917587280273
4.590898513793945
4.590878963470459
4.590860843658447
4.5908427238464355
4.590826034545898
4.590809345245361
4.590799331665039
4.590782165527344
4.590653419494629
4.590638160705566
4.590622425079346
4.590608596801758
4.590593338012695
4.590584754943848
4.590574741363525
4.590567588806152
4.590560436248779
4.590551376342773
4.5905442237854
4.590537071228027
4.590529918670654
4.590521812438965
4.590514183044434
4.590508460998535
4.5905022621154785
4.590495586395264
4.590488910675049
4.590484619140625
4.590479373931885
4.590473651885986
4.590468883514404
4.5904622077941895
4.590458393096924
4.590453624725342
4.590448379516602
4.590445041656494
4.590440273284912
4.590436935424805
4.590432643890381
4.590428829193115
4.590425968170166
4.590420722961426
4.590417861938477
4.590414047241211
4.59041166305542
4.590407848358154
4.590404510498047
4.590401649475098
4.590399742126465
4.590395450592041
4.590394020080566
4.590389728546143
4.590388298034668
4.590387344360352
4.590383529663086
4.590381145477295
4.5903801918029785
4.5903778076171875
4.590373992919922
4.590373516082764
4.590371608734131
4.590370178222656
4.590367317199707
4.590365886688232
4.590363502502441
4.590361595153809
4.590361595153809
4.590359687805176
4.590357780456543
4.5903544425964355
4.5903544425964355
4.590353965759277
4.590351581573486
4.590351104736328
4.590348720550537
4.590347766876221
4.590345859527588
4.5903449058532715
4.590343952178955
4.5903425216674805
4.590341091156006
4.5903401374816895
4.590338230133057
4.590339183807373
4.590337753295898
4.590336322784424
4.590334892272949
4.590333938598633
4.590333938598633
4.590332984924316
4.59033203125
4.590330600738525
4.590329170227051
4.590330123901367
4.590328693389893
4.590327739715576
4.590327262878418
4.590326309204102
4.590325355529785
4.5903239250183105
4.590322971343994
4.590323448181152
4.590322017669678
4.590320587158203
4.590320587158203
4.590320587158203
4.59031867980957
4.590317726135254
4.590317726135254
4.5903167724609375
4.590316295623779
4.590315818786621
4.590314865112305
4.590313911437988
4.5903143882751465
4.590312957763672
4.590312480926514
4.590311527252197
4.590311527252197
4.590310573577881
4.590311050415039
4.590310573577881
4.5903096199035645
4.5903096199035645
4.590309143066406
4.59030818939209
4.590307235717773
4.590306282043457
4.590305805206299
4.590304851531982
4.590304851531982
4.590304374694824
4.590304374694824
4.59030294418335
4.59030294418335
4.590301990509033
4.590301036834717
4.590300559997559
4.590300559997559
4.590300559997559
4.5903000831604
4.590299606323242
4.590298652648926
4.590297698974609
4.590297698974609
4.590297222137451
4.590296745300293
4.590296745300293
4.590295791625977
4.59029483795166
4.590293884277344
4.590293884277344
4.590292930603027
4.590292453765869
4.590291500091553
4.5902910232543945
4.590291500091553
4.590290546417236
4.590290546417236
4.59028959274292
4.59028959274292
4.590287685394287
4.590288162231445
4.590287685394287
4.590287208557129
4.590287208557129
4.590285778045654
4.590284824371338
4.59028434753418
4.590284824371338
4.5902838706970215
4.5902838706970215
4.590282917022705
4.590282440185547
4.590282917022705
4.5902814865112305
4.590281963348389
4.590280532836914
4.590280532836914
4.590280055999756
4.590280055999756
4.590278625488281
4.590278625488281
4.590278625488281
4.590277194976807
4.590277194976807
4.590277194976807
4.590276718139648
4.590275287628174
4.590275287628174
4.590274810791016
4.591598987579346
4.5915985107421875
4.5915985107421875
4.591597557067871
4.591596603393555
4.59159517288208
4.591594696044922
4.5915937423706055
4.5915937423706055
4.591590881347656
4.591590404510498
4.591588497161865
4.591589450836182
4.591588973999023
4.591587543487549
4.591586112976074
4.591585636138916
4.591585159301758
4.591585159301758
4.591584205627441
4.591584205627441
0.623612105846405
0.6125496625900269
0.601639986038208
0.5908479690551758
0.580249547958374
0.569732666015625
0.559349775314331
0.5491751432418823
0.5392339825630188
0.5295326709747314
0.5200706720352173
0.511121392250061
0.5031879544258118
0.49684593081474304
0.49253374338150024
0.49031442403793335
0.4892691969871521
0.4887087345123291
0.4891597032546997
0.49174606800079346
0.49297505617141724
0.49305832386016846
0.49217331409454346
0.4905681610107422
0.4885823726654053
0.48665955662727356
0.48505255579948425
0.48379650712013245
0.48285773396492004
0.48228341341018677
0.4817980229854584
0.48194003105163574
0.482331246137619
0.4823427200317383
0.48200538754463196
0.48151808977127075
0.480988085269928
0.48046356439590454
0.4799007773399353
0.479250431060791
0.47896987199783325
0.47900867462158203
0.47899627685546875
0.47902563214302063
0.4789109230041504
0.47862765192985535
0.478198766708374
0.478032648563385
0.4779776334762573
0.4778378903865814
0.47792673110961914
0.47786471247673035
0.4775969982147217
0.4776208698749542
0.4776051640510559
0.4775032103061676
0.4773857593536377
0.47733500599861145
0.4772093892097473
0.4773668050765991
0.4773220419883728
0.4771938920021057
0.477140337228775
0.47710224986076355
0.47701412439346313
0.4769459664821625
0.47708427906036377
0.47712790966033936
0.47713130712509155
0.47701728343963623
0.47676655650138855
0.476884663105011
0.4768661856651306
0.47682005167007446
0.47689107060432434
0.47690317034721375
0.47687941789627075
0.47682905197143555
0.4768761992454529
0.4768534302711487
0.4768877923488617
0.47679582238197327
0.4767880439758301
0.4768354892730713
0.47682350873947144
0.47678256034851074
0.4768737554550171
0.476882666349411
0.4768877327442169
0.47682806849479675
0.4766634404659271
0.47669434547424316
0.47673869132995605
0.4766521751880646
0.4766465723514557
0.47677624225616455
0.4767257571220398
0.47664347290992737
0.4767090678215027
0.47669780254364014
