3.1750316619873047
3.3674323558807373
3.555539846420288
3.745480537414551
3.935750722885132
4.118736743927002
4.319019079208374
4.510622024536133
4.705698013305664
4.894437551498413
5.077724933624268
5.266096115112305
5.466211557388306
5.663184404373169
5.8544323444366455
6.044320344924927
6.2315380573272705
6.42082142829895
6.6120476722717285
6.805447578430176
7.020191669464111
7.210296630859375
7.4060914516448975
7.6059675216674805
7.793920516967773
7.979783773422241
8.162605047225952
8.351370811462402
8.550180673599243
8.743772029876709
8.926781415939331
9.12805461883545
9.318125486373901
9.505369424819946
9.703662872314453
9.890047788619995
10.082866907119751
10.289276599884033
10.461290836334229
10.651102066040039
10.850187063217163
11.035866737365723
11.227129936218262
11.421367883682251
11.617904901504517
11.814270257949829
12.009673118591309
12.175155878067017
12.37370777130127
12.562494277954102
13.729177951812744
13.923722982406616
14.13111662864685
14.31616735458374
14.510946989059448
14.697246551513672
14.90402340888977
15.100036859512329
15.292999029159546
15.521215677261353
15.732797861099243
15.919147968292236
16.109909534454346
16.29367971420288
16.474981784820557
16.65399432182312
16.8533296585083
17.013757467269897
17.1976957321167
17.406628370285034
17.59110426902771
17.778397798538208
17.96116828918457
18.145448446273804
18.40105628967285
18.591198205947876
18.767799139022827
18.963093996047974
19.148540019989014
19.336321353912354
19.519623279571533
19.70891499519348
19.907683610916138
20.1087749004364
20.28504228591919
20.483903408050537
20.6530978679657
20.837393760681152
21.02423620223999
21.213000535964966
21.401465892791748
21.597248792648315
21.781765460968018
21.978473901748657
22.17227554321289
22.364192962646484
22.616892337799072
22.802732944488525
22.984174251556396
23.191317796707153
24.325817823410034
24.51120662689209
24.712036609649658
24.892619132995605
25.084235906600952
25.28321862220764
25.47221803665161
25.660617351531982
25.846860885620117
26.03536891937256
26.2481427192688
26.4378662109375
26.625564575195312
26.821709871292114
27.010234594345093
27.211028575897217
27.393781900405884
27.58416223526001
27.772444248199463
27.95747661590576
28.139835357666016
28.337658166885376
28.51950478553772
28.713027954101562
28.913828134536743
29.10010838508606
29.293748378753662
29.489500522613525
29.674331426620483
29.853113412857056
30.05743169784546
30.24523162841797
30.41836380958557
30.61213445663452
30.80588674545288
30.991179943084717
31.204146146774292
31.397470951080322
31.59273862838745
31.7822003364563
31.973462104797363
32.16515326499939
32.35237741470337
32.539636850357056
32.738736629486084
32.92351269721985
33.115049839019775
33.3177330493927
33.50752663612366
33.69278955459595
34.85228967666626
35.03707695007324
35.22654342651367
35.474225759506226
35.66353106498718
35.87581992149353
36.116631269454956
36.309855937957764
36.49076557159424
36.66557550430298
36.86186671257019
37.05319380760193
37.24519205093384
37.44719576835632
37.67587232589722
37.8756377696991
38.05034136772156
38.23562431335449
38.435410499572754
38.62083411216736
38.81841230392456
39.01533555984497
39.19707655906677
39.40381717681885
39.58928346633911
39.76864957809448
39.96855568885803
40.15684747695923
40.34761047363281
40.54267597198486
40.787293672561646
40.98166584968567
41.17663288116455
41.36151599884033
41.55830645561218
41.747584104537964
41.948840618133545
42.14413118362427
42.38291597366333
42.57599210739136
42.776849031448364
42.961647033691406
43.1574490070343
43.3477725982666
43.547152519226074
43.74142360687256
43.93121361732483
44.11766290664673
44.31744885444641
44.500211238861084
45.67812371253967
45.88499927520752
46.07896828651428
46.265594720840454
46.45634651184082
46.65161657333374
46.85602855682373
47.044060707092285
47.23722839355469
47.43309736251831
47.606528997421265
47.800801038742065
47.998390197753906
48.18964171409607
48.38523817062378
48.598228216171265
48.79622769355774
48.98218655586243
49.17778491973877
49.36006712913513
49.54833769798279
49.737579107284546
49.934354305267334
50.1356098651886
50.333341121673584
50.51300001144409
50.71580719947815
50.90302896499634
51.097829818725586
51.28806686401367
51.483813762664795
51.714115858078
51.88387727737427
52.07302474975586
52.27728772163391
52.437750577926636
52.62353038787842
52.812352418899536
53.014163970947266
53.21404719352722
53.423338174819946
53.595205783843994
53.787500619888306
54.05019235610962
54.23907423019409
54.42766070365906
54.615954875946045
54.81369590759277
55.00942397117615
55.19307589530945
56.34915471076965
56.54440355300903
56.7297682762146
56.92757725715637
57.12016534805298
57.30394220352173
57.49372434616089
57.69153094291687
57.880271911621094
58.08078169822693
58.312198638916016
58.50535774230957
58.69029879570007
58.87160849571228
59.05670118331909
59.24129295349121
59.43423891067505
59.61912441253662
59.79515790939331
59.982622146606445
60.15944480895996
60.360190629959106
60.55051612854004
60.74533939361572
60.952698707580566
61.183414697647095
61.38063907623291
61.56791281700134
61.753690004348755
61.940672636032104
62.13193392753601
62.318580865859985
62.52156400680542
62.708534717559814
62.90134000778198
63.10287570953369
63.285642862319946
63.46944618225098
63.66523337364197
63.86257719993591
64.060378074646
64.28620505332947
64.4717788696289
64.65763139724731
64.84353017807007
65.03178310394287
65.2220709323883
65.41985988616943
65.60815215110779
65.8207335472107
66.99295234680176
67.19369959831238
67.37372732162476
67.55401396751404
67.75782465934753
67.94099187850952
68.13614678382874
68.3239688873291
68.51778197288513
68.68798613548279
68.89628028869629
69.13063454627991
69.34419631958008
69.53606104850769
69.72839832305908
69.93119215965271
70.1260449886322
70.31219577789307
70.52839636802673
70.72061920166016
70.93060421943665
71.12191081047058
71.31318235397339
71.52046394348145
71.74133515357971
71.95063924789429
72.15439438819885
72.34342741966248
72.52623057365417
72.74028825759888
72.96090602874756
73.15871977806091
73.35546708106995
73.56648421287537
73.76564002037048
73.94235324859619
74.15665578842163
74.37866735458374
74.5706295967102
74.77994585037231
74.984206199646
75.18746066093445
75.39078736305237
75.60752868652344
75.80242848396301
76.00572609901428
76.21076345443726
76.40409874916077
76.59435963630676
76.80651307106018
78.03692603111267
78.22873449325562
78.42001342773438
78.61519813537598
78.82579922676086
79.01850724220276
79.21923184394836
79.4182870388031
79.61808800697327
79.81787896156311
80.01352882385254
80.21084976196289
80.41716957092285
80.60660696029663
80.79260396957397
80.99529027938843
81.17491745948792
81.36372184753418
81.56151604652405
81.75049161911011
81.96266174316406
82.16145062446594
82.36252546310425
82.55771851539612
82.77893352508545
82.97120690345764
83.15948867797852
83.34826278686523
83.52927470207214
83.72703695297241
83.91540122032166
84.13160419464111
84.33242607116699
84.52353715896606
84.7283205986023
84.91755318641663
85.1222083568573
85.31560802459717
85.4996075630188
85.75847887992859
85.96477603912354
86.15356159210205
86.34635663032532
86.55662250518799
86.74690532684326
86.94866013526917
87.1967236995697
87.38723850250244
87.58617615699768
87.78358864784241
89.00829458236694
89.18546915054321
89.37625527381897
89.56051135063171
89.7507631778717
89.95503401756287
90.1652979850769
90.3542230129242
90.57362151145935
90.76175260543823
90.95399832725525
91.1487500667572
91.34850859642029
91.54516410827637
91.75787329673767
91.947105884552
92.14122128486633
92.33373427391052
92.5282838344574
92.72910499572754
92.93186545372009
93.1231107711792
93.31538462638855
93.51419615745544
93.69650173187256
93.9087598323822
94.08955955505371
94.27989149093628
94.4741644859314
94.68041586875916
94.90532207489014
95.10534477233887
95.28987789154053
95.49841332435608
95.6842782497406
95.88321733474731
96.07247424125671
96.26528978347778
96.46354293823242
96.66232228279114
96.84890007972717
97.04865550994873
97.24801445007324
97.43881845474243
97.63313961029053
97.83504152297974
98.02817034721375
98.23108863830566
98.42015719413757
98.60368037223816
99.81759643554688
100.05970788002014
100.25882625579834
100.44620037078857
100.63247990608215
100.82831192016602
101.0155918598175
101.21512150764465
101.42539167404175
101.61711287498474
101.8094367980957
102.00377488136292
102.18922972679138
102.38600087165833
102.5921618938446
102.78794169425964
102.99022078514099
103.1635377407074
103.33000493049622
103.52078366279602
103.71370196342468
103.90255522727966
104.09084677696228
104.29262089729309
104.49040484428406
104.69049668312073
104.85938239097595
105.05020546913147
105.24546480178833
105.4352650642395
105.63065958023071
105.8254063129425
106.02669191360474
106.21262073516846
106.41585993766785
106.61255431175232
106.80285215377808
107.01833391189575
107.20358800888062
107.39243030548096
107.58172297477722
107.78948593139648
107.9807939529419
108.185133934021
108.36192107200623
108.57119369506836
108.80044984817505
109.06157970428467
109.23995995521545
109.50153875350952
111.58141136169434
112.66011762619019
113.73036670684814
114.90517592430115
115.97519540786743
117.07017660140991
118.17256689071655
119.31265544891357
120.39521741867065
121.46042895317078
122.59221506118774
123.70315861701965
124.80156326293945
125.95850682258606
127.04669499397278
128.133544921875
129.27421927452087
130.37524843215942
131.46920537948608
132.5725815296173
133.67748594284058
134.80743765830994
135.86006689071655
136.96069931983948
138.0635769367218
139.1516408920288
140.23118591308594
141.2574384212494
142.36407017707825
143.49535489082336
144.57968473434448
145.68340611457825
146.79238748550415
147.89732885360718
148.9754445552826
150.0908362865448
151.18245697021484
152.286226272583
153.47392988204956
154.53222250938416
155.6504590511322
156.72263169288635
157.84318661689758
159.01736283302307
160.13876867294312
161.28567266464233
162.37587356567383
163.54244947433472
164.63373470306396
165.74832892417908
167.78029584884644
168.85141348838806
169.94747114181519
171.038423538208
172.1457633972168
173.20643305778503
174.32254242897034
175.42715454101562
176.5218367576599
177.6456081867218
178.74921298027039
179.83522129058838
180.92634868621826
182.08587312698364
183.16522407531738
184.26868152618408
185.4003551006317
186.492338180542
187.63735127449036
188.74199175834656
189.9084370136261
190.99318552017212
192.11239194869995
193.1949827671051
194.29849290847778
195.44890999794006
196.6053695678711
197.6909110546112
198.80270338058472
199.89244556427002
200.98114919662476
202.06128454208374
203.15543484687805
204.29863953590393
205.43746852874756
206.56027603149414
207.75541496276855
208.85019612312317
210.0080041885376
211.14346361160278
212.3062229156494
213.39031100273132
214.46150946617126
215.62776589393616
216.7250030040741
217.791442155838
218.8684597015381
219.95043754577637
221.01135849952698
222.17346215248108
224.21332240104675
225.3291254043579
226.3992784023285
227.5011818408966
228.63757395744324
229.73794269561768
230.86654782295227
231.96522092819214
233.07627868652344
234.23240637779236
235.37169742584229
236.47045373916626
237.60853028297424
238.709459066391
239.79625964164734
240.87936687469482
242.00811004638672
243.1654589176178
244.2503707408905
245.37745094299316
246.46840620040894
247.5721685886383
248.6718544960022
249.7827386856079
250.87003922462463
251.95377111434937
253.04720640182495
254.16207885742188
255.25231981277466
256.30218148231506
257.4001727104187
258.5103237628937
259.6521008014679
260.75894260406494
261.86859464645386
263.0115325450897
264.0968725681305
265.208251953125
266.33823680877686
267.45233368873596
268.5644404888153
269.6687135696411
270.8344075679779
271.9403483867645
273.03339672088623
274.1779124736786
275.25332856178284
276.3633346557617
277.4684364795685
278.5602719783783
280.55723452568054
281.7367823123932
282.8426525592804
283.9214177131653
285.0156800746918
286.18363547325134
287.31501507759094
288.4403495788574
289.54141759872437
290.6972689628601
291.7933340072632
292.8834969997406
293.9713499546051
295.05929470062256
296.29439425468445
297.4104242324829
298.5024812221527
299.65231466293335
300.76707577705383
301.8303482532501
302.97040939331055
304.0812668800354
305.19936752319336
306.276575088501
307.3742370605469
308.5364508628845
309.68637442588806
310.7871491909027
311.8808081150055
312.9994900226593
314.07854676246643
315.1613223552704
316.2552082538605
317.3471658229828
318.4882016181946
319.5932674407959
320.6983253955841
321.81903648376465
322.97346210479736
324.16145038604736
325.24840450286865
326.3413026332855
327.44436168670654
328.51584696769714
329.6149809360504
330.7174491882324
331.86158990859985
332.9602863788605
334.0722644329071
335.20833134651184
337.2197513580322
338.37730383872986
339.50686860084534
340.59708738327026
341.692791223526
342.82342433929443
343.9142849445343
344.9886403083801
346.04832577705383
347.1385247707367
348.2597360610962
349.36210203170776
350.4986193180084
351.6033127307892
352.75024247169495
353.8763289451599
355.0204563140869
356.1103732585907
357.23774576187134
358.32853078842163
359.4796977043152
360.6474506855011
361.75048542022705
362.8550214767456
363.96849155426025
365.0503046512604
366.14950132369995
367.2443675994873
368.33241868019104
369.4453191757202
370.52989506721497
371.62829852104187
372.72725200653076
373.84845066070557
375.02505230903625
376.1863543987274
377.28583097457886
378.4086968898773
379.57828307151794
380.6931219100952
381.72638750076294
382.7804751396179
383.89333057403564
385.00848031044006
386.0867133140564
387.2014911174774
388.31978464126587
389.42632818222046
390.529669046402
391.62246894836426
393.7564105987549
394.8624312877655
396.03434801101685
397.1204764842987
398.2807068824768
399.41381764411926
400.52764987945557
401.6278522014618
402.75751519203186
403.8230690956116
404.92174887657166
406.0325484275818
407.1199231147766
408.22826862335205
409.3373701572418
410.4099805355072
411.49025893211365
412.5860195159912
413.69534635543823
414.78955149650574
415.88677501678467
416.9824357032776
418.07536602020264
419.1760604381561
420.2642569541931
421.37532472610474
422.47331380844116
423.5797872543335
424.6724326610565
425.83156061172485
426.95741295814514
428.0574223995209
429.13860964775085
430.2523765563965
431.3666253089905
432.4807903766632
433.619402885437
434.719486951828
435.8361711502075
436.9198851585388
438.03433990478516
439.1596562862396
440.2603166103363
441.3922894001007
442.4995937347412
443.6478729248047
444.7919132709503
445.8905062675476
447.00883412361145
448.11142015457153
450.1325514316559
451.21351313591003
452.2973530292511
453.41938614845276
454.5274715423584
455.70935344696045
456.8032851219177
457.90643882751465
459.0228168964386
460.1687045097351
461.29728746414185
462.3451075553894
463.3961429595947
464.5124468803406
465.6125509738922
466.7173104286194
467.86886858940125
468.97426772117615
470.0704834461212
471.1727156639099
472.2851037979126
473.376699924469
474.4728789329529
475.57392382621765
476.68914699554443
477.77371191978455
478.96927523612976
480.1374213695526
481.2204399108887
482.29928708076477
483.40384554862976
484.49945878982544
485.573894739151
486.6655099391937
487.7834212779999
488.9214406013489
490.0718493461609
491.15751099586487
492.24032330513
493.39386653900146
494.4958839416504
495.6932761669159
496.7888352870941
497.8761987686157
498.9909236431122
500.07250022888184
501.1789035797119
502.2860281467438
503.3843536376953
504.5971488952637
506.5996081829071
507.72853231430054
508.8563997745514
509.96622347831726
511.0757575035095
512.2314929962158
513.3950102329254
514.4895746707916
515.5922870635986
516.6793925762177
517.7934191226959
518.8974957466125
519.9965980052948
521.098295211792
522.2022261619568
523.3368234634399
524.4184658527374
525.5108182430267
526.6078186035156
527.6988382339478
528.8350813388824
529.935210943222
531.0395565032959
532.1660733222961
533.2436118125916
534.455338716507
535.56431889534
536.6557729244232
537.7894704341888
538.9650278091431
540.1885874271393
541.2612986564636
542.4183819293976
543.4799201488495
544.5813565254211
545.6654243469238
546.7614624500275
547.8744325637817
548.9924244880676
550.0944006443024
551.1703639030457
552.2665286064148
553.4452438354492
554.5576436519623
555.6694729328156
556.8215627670288
557.946172952652
559.0809135437012
560.2853546142578
561.3894245624542
563.4773979187012
564.5612931251526
565.6595072746277
566.8204624652863
567.9022791385651
569.0015468597412
570.1024131774902
571.2055163383484
572.2880537509918
573.407299041748
574.5034470558167
575.6063392162323
576.717435836792
577.8085446357727
578.8873040676117
580.103330373764
581.2197017669678
582.3266518115997
583.4328365325928
584.5375823974609
585.7212755680084
586.8374125957489
587.8995645046234
589.0538177490234
590.1535353660583
591.2605156898499
592.4736695289612
593.5639111995697
594.6564469337463
595.7741451263428
596.8962152004242
598.0897469520569
599.2180624008179
600.3185923099518
601.398520231247
602.5222754478455
603.6038265228271
604.6978693008423
605.789954662323
606.8792726993561
607.9788982868195
609.0355076789856
610.1981904506683
611.3004748821259
612.4357576370239
613.5613651275635
614.6591215133667
615.7865238189697
616.8872828483582
618.0020394325256
620.0398926734924
621.1496860980988
622.2832903862
623.4334239959717
624.505569934845
625.6314709186554
626.8393552303314
627.9565353393555
629.0551578998566
630.144318819046
631.2476758956909
632.3392975330353
633.4094769954681
634.4875085353851
635.5832080841064
636.6952645778656
637.7585844993591
638.8479912281036
640.0137140750885
641.0376539230347
642.1860373020172
643.3332164287567
644.4554123878479
645.5263588428497
646.6051177978516
647.7488164901733
648.8464107513428
649.9818274974823
651.0674066543579
652.1665291786194
653.3293998241425
654.459618806839
655.567417383194
656.662659406662
657.816823720932
658.9952077865601
660.1118187904358
661.2374637126923
662.3423054218292
663.4933695793152
664.5854167938232
665.7182893753052
666.8235747814178
667.9425604343414
669.0574059486389
670.2623550891876
671.4844465255737
672.5731971263885
673.7143993377686
674.812830209732
676.8903412818909
677.9898481369019
679.0706219673157
680.1839375495911
681.2954666614532
682.4038321971893
683.5114274024963
684.624086856842
685.7485458850861
686.8675029277802
687.9843571186066
689.0903053283691
690.2102997303009
691.3043119907379
692.4634575843811
693.60187292099
694.7410745620728
695.8514432907104
696.9674541950226
698.0632796287537
699.1979081630707
700.3154141902924
701.482415676117
702.5704929828644
703.6693189144135
704.714182138443
705.8285245895386
707.0226719379425
708.1297800540924
709.2465562820435
710.3494362831116
711.4486320018768
712.57932305336
713.6864838600159
714.7884216308594
715.9315159320831
717.0325288772583
718.2144167423248
719.3040754795074
720.4140145778656
721.5134651660919
722.6142017841339
723.7880811691284
724.8808281421661
725.9902677536011
727.1363353729248
728.2723939418793
729.3723828792572
730.4623801708221
731.6093430519104
733.6029160022736
734.6967101097107
735.8042976856232
736.9066307544708
737.9966154098511
739.1227922439575
740.3437721729279
741.4517855644226
742.6528143882751
743.8062374591827
744.927472114563
746.1044752597809
747.2936742305756
748.4014446735382
749.5523202419281
750.6574242115021
751.8075342178345
752.9153385162354
753.996452331543
755.1384613513947
756.2559123039246
757.3598890304565
758.4404058456421
759.5500271320343
760.6554963588715
761.827152967453
762.9724042415619
764.0483763217926
765.1415655612946
766.226434469223
767.365202665329
768.4536173343658
769.5614504814148
770.665949344635
771.744336605072
772.9306192398071
774.1014049053192
775.326233625412
776.3776044845581
777.6566557884216
778.7684054374695
779.8662037849426
780.9343049526215
782.0532379150391
783.1354467868805
784.2623221874237
785.3662812709808
786.4736263751984
787.5973870754242
788.7113122940063
790.9715504646301
792.0785744190216
793.1953685283661
794.308759689331
795.4350318908691
796.6134171485901
797.7182331085205
798.8664586544037
799.987580537796
801.1159572601318
802.2203867435455
803.3852944374084
804.4853477478027
805.5965101718903
806.6944015026093
807.7974896430969
808.914383649826
809.9857912063599
811.0884540081024
812.1964797973633
813.3154773712158
814.4244148731232
815.5194947719574
816.6164093017578
817.7152268886566
818.8064451217651
819.9142799377441
821.026650428772
822.1267802715302
823.2054109573364
824.3164184093475
825.4673619270325
826.5594296455383
827.652934551239
828.7684464454651
829.9206209182739
831.0836730003357
832.2044632434845
833.2764885425568
834.3524122238159
835.4853172302246
836.5625522136688
837.6426401138306
838.763756275177
839.8555836677551
840.9223294258118
842.0442500114441
843.1443078517914
844.2677800655365
845.4114065170288
847.5096702575684
848.6535217761993
849.7343912124634
850.8551504611969
851.9518339633942
853.0635251998901
854.1866173744202
855.2852766513824
856.4004945755005
857.5386018753052
858.6734261512756
859.7769858837128
860.923506975174
862.0425820350647
863.1203598976135
864.2194437980652
865.347722530365
866.3698012828827
867.7370018959045
868.9753611087799
870.1685626506805
871.6144680976868
872.6749031543732
873.6809613704681
874.6839010715485
875.5727903842926
876.4884431362152
877.3267817497253
878.210515499115
879.0771358013153
879.9143545627594
880.7994868755341
881.6538188457489
882.5373837947845
883.4539616107941
884.3269953727722
885.1484367847443
886.0423972606659
886.8687751293182
887.6723325252533
888.5369255542755
889.4238717556
890.2723202705383
891.0883438587189
891.9388794898987
892.8282990455627
893.6818306446075
894.5475416183472
895.3984344005585
896.2774107456207
897.5813663005829
897.6389427185059
897.6974136829376
897.7551271915436
897.7758502960205
897.795206785202
897.8143556118011
897.8324506282806
897.8515226840973
897.871575832367
897.8896486759186
897.9087908267975
897.926855802536
897.9454019069672
897.9643981456757
897.9833748340607
898.0023899078369
898.0214762687683
898.0402283668518
898.0586774349213
898.077798128128
898.0954067707062
898.1205105781555
898.1393353939056
898.157881975174
898.1759171485901
898.1937923431396
898.2134034633636
898.233051776886
898.2515490055084
898.27046251297
898.2887642383575
898.3076441287994
898.3254528045654
898.343887090683
898.362781047821
898.3825306892395
898.4023718833923
898.4208853244781
898.439389705658
898.456945180893
898.4759199619293
898.4934208393097
898.5125665664673
898.5314815044403
898.5509674549103
898.5694885253906
898.5879731178284
898.6071176528931
898.6254477500916
899.2013103961945
899.2190177440643
899.238030910492
899.2561037540436
899.2735884189606
899.2927613258362
899.3103494644165
899.3294639587402
899.3485338687897
899.3675193786621
899.3867502212524
899.405309677124
899.4233524799347
899.442830324173
899.4613256454468
899.4793643951416
899.4976046085358
899.5169668197632
899.5359828472137
899.5544879436493
899.5753211975098
899.5935370922089
899.611350774765
899.6293344497681
899.6483533382416
899.6673579216003
899.6863241195679
899.7053434848785
899.7237248420715
899.7419741153717
899.7612972259521
899.7793483734131
899.7978639602661
899.8168451786041
899.8375446796417
899.8553776741028
899.8736305236816
899.8914952278137
899.9099869728088
899.9283435344696
899.9473810195923
899.9661283493042
899.9851815700531
900.0032873153687
900.0230615139008
900.0410454273224
900.0594320297241
900.0779645442963
900.0986275672913
900.1173450946808
