12.214675903320312
11.67341136932373
11.132144927978516
10.59088134765625
10.049613952636719
9.508350372314453
8.967083930969238
8.425816535949707
7.884552955627441
7.343289375305176
6.802022457122803
6.26075553894043
5.719491958618164
5.17822790145874
4.636960983276367
4.095694541931152
4.545906066894531
4.423715114593506
3.9998559951782227
3.351743459701538
2.620880365371704
3.435169219970703
3.784489631652832
3.777843713760376
3.4893319606781006
3.328345775604248
3.4740283489227295
3.5467803478240967
3.5547361373901367
3.505053997039795
3.404040575027466
3.3702359199523926
3.113797187805176
2.8454885482788086
3.0123472213745117
3.1967103481292725
3.1154184341430664
2.868969678878784
2.846179962158203
3.038933753967285
3.117880344390869
2.951910972595215
2.8947086334228516
2.9241890907287598
3.068162441253662
3.0191330909729004
2.7462096214294434
2.8675765991210938
3.0623526573181152
3.0162289142608643
2.7579216957092285
2.832627296447754
3.0157864093780518
2.9670820236206055
2.7683839797973633
2.796119451522827
2.766798496246338
2.753488779067993
2.5858163833618164
2.6734976768493652
2.6453256607055664
2.7512476444244385
2.6834845542907715
2.732795476913452
2.7658491134643555
2.5981574058532715
2.773480176925659
2.758854627609253
2.671626091003418
2.8589189052581787
2.8787522315979004
2.690920352935791
2.8269946575164795
2.9572339057922363
2.871243715286255
2.659142017364502
2.859015703201294
2.931849718093872
2.7962982654571533
2.67041015625
2.7590975761413574
2.668863534927368
2.6661767959594727
2.6096270084381104
2.6507110595703125
2.680964708328247
2.829800605773926
2.7973010540008545
2.789762496948242
2.815234661102295
2.8145580291748047
2.7018144130706787
2.6238739490509033
2.632659673690796
2.6721537113189697
2.688565731048584
2.6839077472686768
2.6255874633789062
2.6261985301971436
2.668023109436035
2.6515378952026367
2.644641637802124
2.633021831512451
2.6441545486450195
2.6400179862976074
2.6157379150390625
2.608811855316162
2.6061906814575195
2.6288061141967773
2.6298999786376953
2.6102752685546875
2.5960774421691895
2.608966827392578
2.6227474212646484
2.6208014488220215
2.610036849975586
2.5998785495758057
2.6005239486694336
2.6054859161376953
2.5894641876220703
2.5904922485351562
2.601318120956421
2.5906965732574463
2.5854439735412598
2.605757236480713
2.604764699935913
2.583664655685425
2.6006011962890625
2.6155948638916016
2.6090054512023926
2.5830836296081543
2.605316162109375
2.6242196559906006
2.6213316917419434
2.5989174842834473
2.5861546993255615
2.602259874343872
2.597033977508545
2.577564239501953
2.5890378952026367
2.5842368602752686
2.5848746299743652
2.586808681488037
2.583134174346924
2.5976598262786865
2.5974035263061523
2.5785951614379883
2.5799379348754883
2.5750250816345215
2.57578182220459
33.736541748046875
33.21671676635742
32.51872253417969
31.69696807861328
30.798381805419922
29.836780548095703
28.827585220336914
27.783300399780273
26.714693069458008
25.632183074951172
24.536949157714844
23.430307388305664
22.31977653503418
21.209081649780273
20.10033416748047
18.99105453491211
17.911640167236328
16.932186126708984
16.01190757751465
15.172107696533203
14.435281753540039
13.758670806884766
13.125313758850098
12.528063774108887
11.960370063781738
11.406071662902832
10.856657028198242
10.318737030029297
9.790094375610352
9.296481132507324
8.847612380981445
8.426908493041992
8.024024963378906
7.6291022300720215
7.241648197174072
6.8686394691467285
6.534470558166504
6.238344192504883
5.970742225646973
5.753355503082275
5.583686828613281
5.428705215454102
5.267172336578369
5.096757411956787
4.914432525634766
4.7244672775268555
4.534642219543457
4.369321823120117
4.243321895599365
4.1441216468811035
4.055273056030273
3.9650635719299316
3.8646116256713867
3.760504961013794
3.668720006942749
3.5957202911376953
3.5458593368530273
3.514406442642212
3.487696409225464
3.453672409057617
3.4081356525421143
3.3554444313049316
3.299311876296997
3.244812250137329
3.203578233718872
3.184079647064209
3.179698944091797
3.1779556274414062
3.1711270809173584
3.160630702972412
3.149348735809326
3.138054370880127
3.126232624053955
3.1118640899658203
3.101719379425049
3.088648796081543
3.0720956325531006
3.056971549987793
3.0472960472106934
3.045111656188965
3.0461583137512207
3.045578718185425
3.0422425270080566
3.0385584831237793
3.032210111618042
3.02478289604187
3.01784610748291
3.013343334197998
3.010128974914551
3.0089292526245117
3.007497787475586
3.0073463916778564
3.0056352615356445
3.0062060356140137
3.0042126178741455
3.000654697418213
2.9981422424316406
2.9970738887786865
2.997239589691162
2.9962990283966064
2.9956870079040527
2.9951512813568115
2.9947052001953125
2.9944591522216797
2.994124174118042
2.992582321166992
2.991302490234375
2.990657329559326
2.991024971008301
2.991109609603882
2.9903759956359863
2.991119146347046
2.9907240867614746
2.9894533157348633
2.990351915359497
2.989192485809326
2.98982834815979
2.9901576042175293
2.988687038421631
2.9883484840393066
2.9877853393554688
2.989046335220337
2.989098310470581
2.9871509075164795
2.9871888160705566
2.986830472946167
2.986626148223877
2.9866418838500977
2.9872992038726807
2.9869885444641113
2.9872491359710693
2.9871342182159424
2.9869227409362793
2.9879705905914307
2.9870386123657227
2.9863829612731934
2.986569881439209
2.9859015941619873
2.987647294998169
2.9876017570495605
2.985628128051758
2.9856033325195312
2.9856796264648438
2.9854841232299805
2.985753059387207
2.985400438308716
2.9865384101867676
2.9855144023895264
2.9859676361083984
2.986438274383545
2.9850378036499023
2.9850192070007324
2.984945058822632
2.9848175048828125
2.9847617149353027
2.984631061553955
2.984541654586792
2.984473705291748
2.9843595027923584
2.9842004776000977
2.9840004444122314
2.9839560985565186
2.9838123321533203
2.9838671684265137
2.9839234352111816
2.984027862548828
2.9840755462646484
2.9840548038482666
2.98397159576416
2.9838321208953857
2.9837331771850586
2.9835879802703857
2.98346209526062
2.9834883213043213
2.9833693504333496
2.98339581489563
2.9833614826202393
2.9832754135131836
2.98330020904541
2.9831807613372803
2.983327865600586
2.983351945877075
2.983149290084839
2.983182907104492
2.983247756958008
2.983151435852051
2.9829397201538086
2.9829235076904297
2.9829635620117188
2.9829022884368896
2.982927083969116
2.9830024242401123
2.982884407043457
2.982771873474121
2.982924461364746
2.9828622341156006
2.9826810359954834
2.982668161392212
2.9825732707977295
2.982598304748535
2.982564687728882
2.9825568199157715
2.9825022220611572
2.9824347496032715
2.982379674911499
2.9823720455169678
2.9824323654174805
2.9823126792907715
2.982260227203369
2.9822425842285156
2.9822239875793457
2.982217788696289
2.982177734375
2.9821128845214844
2.98207688331604
2.9820728302001953
2.982103109359741
2.9820556640625
2.9820096492767334
2.9819490909576416
2.982009172439575
2.981931209564209
2.9820046424865723
2.98207950592041
2.981992483139038
2.9819045066833496
2.9817757606506348
2.981708288192749
2.9817235469818115
2.981698989868164
2.981687307357788
2.981635332107544
2.9815945625305176
2.9815196990966797
2.98164963722229
2.9815773963928223
2.9815216064453125
2.981518030166626
2.9815564155578613
2.9814891815185547
2.9814505577087402
2.9813599586486816
2.9813570976257324
2.981301784515381
2.9814178943634033
2.9813344478607178
2.9813294410705566
2.981412172317505
2.9813456535339355
2.9811244010925293
2.9812841415405273
2.9812965393066406
2.981193780899048
2.9811534881591797
2.9811573028564453
2.981182336807251
2.9811501502990723
2.9811577796936035
2.981053352355957
2.9810712337493896
2.9811534881591797
2.9811959266662598
2.981208086013794
2.9810969829559326
2.981194257736206
2.981163263320923
2.981070041656494
2.9812915325164795
2.981325149536133
2.98115873336792
2.9811978340148926
2.9813835620880127
2.9814000129699707
2.981196641921997
2.981102705001831
2.98124361038208
2.981170415878296
2.9811277389526367
2.981156826019287
2.9811129570007324
2.9810268878936768
2.981062412261963
2.981065034866333
2.9810597896575928
2.9811508655548096
2.98106050491333
2.981104850769043
2.981152057647705
2.9809999465942383
2.9811949729919434
2.981285810470581
2.9811532497406006
2.9810147285461426
2.981337070465088
2.981449604034424
2.981351137161255
2.9810683727264404
2.9811818599700928
2.9813830852508545
2.9813499450683594
2.9811136722564697
2.981008529663086
2.9812378883361816
2.9813170433044434
2.981186628341675
2.9809200763702393
2.9812417030334473
2.981330156326294
2.98120379447937
2.9809069633483887
2.9812090396881104
2.981321096420288
2.9812259674072266
2.9809470176696777
2.9812352657318115
2.9814367294311523
2.9814043045043945
2.98116397857666
2.9809534549713135
2.981121063232422
2.9810802936553955
2.9809184074401855
2.9809656143188477
2.980905771255493
2.98089599609375
2.9808602333068848
2.9809727668762207
2.980874538421631
2.98106050491333
2.9811179637908936
2.980978012084961
2.980964422225952
2.981043815612793
2.980931520462036
2.980872392654419
2.980858087539673
2.980865001678467
2.980902671813965
2.980849027633667
2.9809935092926025
2.9810214042663574
2.9809014797210693
2.9809391498565674
2.980910539627075
2.980876922607422
2.98087739944458
2.9808757305145264
2.980958938598633
2.9808647632598877
2.9808294773101807
108.22891235351562
103.66571044921875
98.90548706054688
94.24449157714844
90.1784896850586
87.291259765625
84.64212036132812
81.91938018798828
79.56324005126953
76.86139678955078
74.10948181152344
71.42644500732422
68.6395034790039
65.95415496826172
63.493873596191406
61.181671142578125
58.8020133972168
56.63384246826172
54.45502853393555
52.361026763916016
50.408905029296875
48.28269958496094
46.04780960083008
43.864566802978516
41.6107063293457
39.62336349487305
37.70597839355469
35.81041717529297
34.011497497558594
32.62297058105469
31.197357177734375
29.601879119873047
28.368846893310547
26.913379669189453
25.39288330078125
23.80340003967285
22.660287857055664
21.437713623046875
20.075374603271484
19.00000762939453
17.911174774169922
16.741430282592773
15.60810375213623
14.500824928283691
13.35403823852539
12.242287635803223
11.668319702148438
11.002251625061035
10.106610298156738
9.117283821105957
8.040372848510742
7.0256147384643555
6.146445274353027
5.657553195953369
5.456587314605713
5.2529144287109375
5.155421257019043
5.2763543128967285
5.250753879547119
5.234339237213135
5.435458183288574
5.554279804229736
5.514639854431152
5.285553455352783
5.160915851593018
5.152132034301758
5.190002918243408
5.069904327392578
5.126624584197998
5.102325439453125
4.856145858764648
4.595592021942139
4.525698184967041
4.330894470214844
4.231513500213623
4.311617851257324
4.201772212982178
4.035380840301514
3.9690911769866943
3.93267560005188
3.9054312705993652
3.84134578704834
3.8619391918182373
3.669759511947632
3.561640501022339
3.585354804992676
3.58154296875
3.4981186389923096
3.41804838180542
3.3721773624420166
3.4146127700805664
3.3967506885528564
3.3990285396575928
3.397813558578491
3.2813475131988525
3.2546143531799316
3.315673589706421
3.333054304122925
3.3635826110839844
3.2410898208618164
3.2740654945373535
3.2700157165527344
3.224665641784668
3.169609546661377
3.132394313812256
3.201474189758301
3.2053000926971436
3.0993378162384033
3.058213710784912
3.195885181427002
3.3163814544677734
3.15516996383667
3.0465633869171143
3.0254099369049072
3.0710391998291016
3.054755449295044
3.0153558254241943
2.947359085083008
2.826653242111206
2.829723358154297
2.8413615226745605
2.8456711769104004
2.813972234725952
2.8487236499786377
2.8506851196289062
2.815112590789795
2.7039928436279297
2.802212953567505
2.8753573894500732
2.8654961585998535
2.7343997955322266
2.681274652481079
2.782899856567383
2.792116641998291
2.6658756732940674
2.6791799068450928
2.7203330993652344
2.775505781173706
2.809438705444336
2.831270217895508
2.7709994316101074
2.756718158721924
2.737061023712158
2.7018847465515137
2.6352720260620117
2.4931092262268066
2.6273181438446045
2.6940464973449707
2.6457924842834473
2.6501457691192627
27.018733978271484
26.91132354736328
26.76630210876465
26.612579345703125
26.471675872802734
26.355831146240234
26.250022888183594
26.165590286254883
26.10560417175293
26.053621292114258
26.005687713623047
25.96356201171875
25.92675018310547
25.894351959228516
25.871482849121094
25.862163543701172
25.85590171813965
25.84490203857422
25.827484130859375
25.806137084960938
25.78563690185547
25.764917373657227
25.743928909301758
25.724939346313477
25.71316146850586
25.708890914916992
25.70688819885254
25.704435348510742
25.702909469604492
25.701828002929688
25.700969696044922
25.6998291015625
25.697223663330078
25.6949462890625
25.68984031677246
25.68231964111328
25.675031661987305
25.666519165039062
25.66244125366211
25.6619930267334
25.662755966186523
25.665491104125977
25.667272567749023
25.66932487487793
25.670162200927734
25.670289993286133
25.66810417175293
25.664024353027344
25.660343170166016
25.656862258911133
25.65418815612793
25.652587890625
25.651752471923828
25.652931213378906
25.65390968322754
25.65481948852539
25.65521812438965
25.655105590820312
25.654300689697266
25.65301513671875
25.65180015563965
25.650753021240234
25.65007209777832
25.64969253540039
25.649686813354492
25.648967742919922
25.64958381652832
25.649581909179688
25.649394989013672
25.64905548095703
25.648605346679688
25.647602081298828
25.64795684814453
25.64761734008789
25.64728355407715
25.64711570739746
25.64700698852539
25.646934509277344
25.646835327148438
25.646686553955078
25.64645767211914
25.646194458007812
25.64592742919922
25.645648956298828
25.6455020904541
25.644603729248047
25.644420623779297
25.64425277709961
25.644102096557617
25.643939971923828
25.64376449584961
25.644241333007812
25.6440486907959
25.64385223388672
25.64365577697754
25.64337921142578
25.6431884765625
25.643020629882812
25.642839431762695
25.642662048339844
25.642494201660156
25.642314910888672
25.642210006713867
25.642024993896484
25.64183807373047
25.64095687866211
25.640775680541992
25.641292572021484
25.64111328125
25.640933990478516
25.64076042175293
25.640579223632812
25.640398025512695
25.64022445678711
25.640045166015625
25.639854431152344
25.639680862426758
25.63949966430664
25.63932228088379
25.639144897460938
25.638965606689453
25.63878059387207
25.63860511779785
25.638437271118164
25.638246536254883
25.6380672454834
25.637882232666016
25.637706756591797
25.63753318786621
25.637359619140625
25.637174606323242
25.637004852294922
25.63681983947754
25.636640548706055
25.636463165283203
25.63628578186035
25.6361083984375
25.635934829711914
25.635746002197266
25.635581970214844
25.635391235351562
25.63521385192871
25.63503646850586
25.634857177734375
25.634681701660156
25.634502410888672
25.634323120117188
25.634143829345703
25.633970260620117
25.633790969848633
25.63361358642578
24.826467514038086
24.01894760131836
23.211877822875977
22.403427124023438
21.599288940429688
20.80451774597168
20.01325798034668
19.241905212402344
18.492935180664062
17.767765045166016
17.06086540222168
16.350021362304688
15.630413055419922
14.957157135009766
14.310396194458008
13.688821792602539
13.118374824523926
12.585771560668945
12.08824634552002
11.658740997314453
11.308088302612305
10.970163345336914
10.631254196166992
10.299028396606445
9.984684944152832
9.694596290588379
9.431459426879883
9.195636749267578
8.982294082641602
8.768112182617188
8.546939849853516
8.324727058410645
8.116297721862793
7.934274673461914
7.78407621383667
7.648670196533203
7.509242057800293
7.354088306427002
7.182586669921875
7.011467933654785
6.859832286834717
6.7240142822265625
6.593466281890869
6.456669807434082
6.313974380493164
6.171013832092285
6.033238410949707
5.912898063659668
5.817357063293457
5.738804817199707
5.667449951171875
5.604107856750488
5.546613693237305
5.48988151550293
5.428119659423828
5.359474182128906
5.287688255310059
5.221226215362549
5.169431686401367
5.129645347595215
5.093508720397949
5.060456275939941
5.033027172088623
5.011620044708252
4.993886947631836
4.973231315612793
4.947713851928711
4.917598724365234
4.884592056274414
4.84978723526001
4.814406394958496
4.784107208251953
4.761526584625244
4.746943473815918
4.737565517425537
4.730653762817383
4.724461555480957
4.717790126800537
4.709704875946045
4.700436592102051
4.6907854080200195
4.68147087097168
4.672021865844727
4.6614885330200195
4.649435997009277
4.636442184448242
4.623408794403076
4.610906600952148
4.599198818206787
4.58858585357666
4.579206943511963
4.570840835571289
4.563157558441162
4.555892467498779
4.548890113830566
4.541797161102295
4.534472942352295
4.527092933654785
4.519591808319092
4.5116119384765625
4.497003078460693
4.490050315856934
4.491690158843994
4.497034549713135
4.502219200134277
4.5053791999816895
4.506511688232422
4.506045818328857
4.504019737243652
4.500672817230225
4.496609687805176
4.492018699645996
4.486736297607422
4.481330871582031
4.476874828338623
4.474031925201416
4.473041534423828
4.473811626434326
4.474915027618408
4.475525856018066
4.47537899017334
4.474303245544434
4.472856521606445
4.471763610839844
4.470945358276367
4.470069885253906
4.469263076782227
4.468710899353027
4.468339920043945
4.46824312210083
4.468477725982666
4.468755722045898
4.4688520431518555
4.468721389770508
4.468319892883301
4.467735767364502
4.46722412109375
4.466923713684082
4.466837406158447
4.466913223266602
4.467023849487305
4.46702766418457
4.466925144195557
4.466774940490723
4.466595649719238
4.466426849365234
4.466304302215576
4.466179370880127
4.466048240661621
4.465935707092285
4.4658427238464355
4.465765476226807
4.46570348739624
4.465645790100098
4.465568542480469
4.465466022491455
4.465341567993164
4.465208530426025
4.465088367462158
4.465002059936523
4.464947700500488
4.464937686920166
4.464912414550781
4.464872360229492
4.46481990814209
4.46476936340332
4.464724540710449
4.464690208435059
4.464660167694092
4.464630603790283
4.464599132537842
4.464569091796875
4.464541912078857
4.464515686035156
4.464484691619873
4.464451789855957
4.4644060134887695
4.464353084564209
4.464291572570801
4.464219570159912
4.464135646820068
4.464034080505371
4.4639081954956055
4.463754653930664
4.46356201171875
4.463327407836914
4.4630513191223145
4.462714195251465
4.462289810180664
4.461744785308838
4.461026668548584
4.460134506225586
4.45913028717041
4.458043575286865
4.456829071044922
4.455456733703613
4.453944206237793
4.452328681945801
4.450553894042969
4.448561668395996
4.446343898773193
4.444084644317627
4.442059516906738
4.440408229827881
4.439210891723633
4.438296794891357
4.437314033508301
4.436202049255371
4.435059547424316
4.434182643890381
4.433617115020752
4.433196544647217
4.432830333709717
4.432563304901123
4.432445526123047
4.432524681091309
4.432762145996094
4.43300199508667
4.433138847351074
4.433164119720459
4.433130264282227
4.433093070983887
4.4330620765686035
4.433005332946777
4.432896137237549
4.432761192321777
4.432638645172119
4.432548999786377
4.432483673095703
4.432421684265137
4.432362079620361
4.432308197021484
4.432276248931885
4.432258605957031
4.432252883911133
4.432248115539551
4.432243347167969
4.432243824005127
4.432253360748291
4.432268142700195
4.432281970977783
4.432290554046631
4.4322919845581055
4.432289123535156
4.432284832000732
4.432279109954834
4.4322686195373535
4.432253360748291
4.432239532470703
4.432226181030273
4.43221378326416
4.4322028160095215
4.432191848754883
4.432181358337402
4.432171821594238
4.432165145874023
4.432158946990967
4.432153701782227
4.4321465492248535
4.432140827178955
4.432136535644531
4.432130813598633
4.432124137878418
4.432118892669678
4.432109355926514
4.43209981918335
4.432088375091553
4.432074546813965
4.4320597648620605
4.432042121887207
4.432024955749512
4.432011127471924
4.431997776031494
4.431985855102539
4.431973457336426
4.431963920593262
4.431954860687256
4.431946277618408
4.431938648223877
4.431931495666504
4.431921482086182
4.431913375854492
4.4319047927856445
4.431897163391113
4.431890964508057
4.431884765625
4.431877613067627
4.4318718910217285
4.431866645812988
4.431861400604248
4.43185567855835
4.431849479675293
4.431845188140869
4.431844711303711
4.431843280792236
4.431842803955078
4.431845664978027
4.431848049163818
4.431849479675293
4.431849479675293
4.431848526000977
4.4318461418151855
4.431844711303711
4.431842803955078
4.431839942932129
4.431838035583496
4.431837558746338
4.4318366050720215
4.431837558746338
4.4318366050720215
4.431835651397705
4.4318366050720215
4.43183708190918
4.43183708190918
4.431838035583496
4.43183708190918
4.43183708190918
4.431835651397705
4.431836128234863
4.431835174560547
4.431835174560547
4.431833744049072
4.431833267211914
4.431832313537598
4.431832790374756
4.4318318367004395
4.431832790374756
4.431832790374756
4.4318318367004395
4.4318318367004395
4.431831359863281
4.431831359863281
4.431830883026123
4.431831359863281
4.431831359863281
4.431829929351807
4.431830406188965
4.431829452514648
4.43182897567749
4.43182897567749
4.431828022003174
4.431827545166016
4.431828022003174
4.431828022003174
4.43182897567749
4.431828022003174
4.431827545166016
4.431826114654541
4.431826591491699
4.431827068328857
4.431826114654541
4.431825160980225
4.431826591491699
4.431826114654541
4.431824684143066
4.431825160980225
4.431825160980225
4.431824684143066
4.431824684143066
4.431823253631592
4.431824207305908
4.43182373046875
4.431823253631592
4.431823253631592
4.43182373046875
4.431822299957275
4.431823253631592
4.431822776794434
4.431821823120117
4.431821823120117
4.431822299957275
4.431821823120117
4.431820392608643
4.431821823120117
4.431820392608643
4.431820392608643
4.431819915771484
4.431820392608643
4.431819915771484
4.431819915771484
4.431819915771484
4.431818962097168
4.431818008422852
4.431818008422852
4.431817054748535
4.43181848526001
4.43181848526001
4.431817531585693
4.431817531585693
4.431817531585693
4.431817054748535
4.431816577911377
4.431816577911377
4.431816101074219
4.4318156242370605
4.4318156242370605
4.431815147399902
4.431816101074219
4.431815147399902
0.6351567506790161
0.6268166303634644
0.6195603609085083
0.6129881143569946
0.6070799827575684
0.6014794111251831
0.596420168876648
0.5919573903083801
0.5878152847290039
0.5839431285858154
0.5803423523902893
0.5770065784454346
0.5738945007324219
0.5711525678634644
0.5687601566314697
0.5667638182640076
0.5652674436569214
0.5641172528266907
0.5633634328842163
0.5629916191101074
0.5631663799285889
0.5632027387619019
0.5628175139427185
0.5623323321342468
0.5617489814758301
0.5611728429794312
0.5606409311294556
0.5601164698600769
0.5597060918807983
0.5594308376312256
0.5593427419662476
0.5593711733818054
0.5594651699066162
0.5594617128372192
0.559340238571167
0.5591479539871216
0.5589661598205566
0.5587800145149231
0.5585808157920837
0.5584787726402283
0.5584137439727783
0.5583913922309875
0.5583869814872742
0.5583738088607788
0.5582911968231201
0.5581918954849243
0.5581368803977966
0.5580223798751831
0.5579447746276855
0.5579119324684143
0.5579527616500854
0.5579627752304077
0.557896614074707
0.557869553565979
0.5577995777130127
0.5577335357666016
0.5577278733253479
0.5577560663223267
0.5577622652053833
0.5577515363693237
0.5576984882354736
0.5576415657997131
0.5576953291893005
0.5577570796012878
0.5577349662780762
0.5576798915863037
0.557650625705719
0.5576387047767639
0.5576885342597961
0.557686448097229
0.5576217770576477
0.5575957894325256
0.5575889348983765
0.5576097369194031
0.5576221346855164
0.557592511177063
0.5575607419013977
0.5575645565986633
0.5575742125511169
0.5575829148292542
0.5575531125068665
0.5575485229492188
0.5575667023658752
0.55757737159729
0.5575663447380066
0.5575690865516663
0.557595431804657
0.5575854778289795
0.5576019287109375
0.5575874447822571
0.5575562715530396
0.5575768947601318
0.557600200176239
0.5576115250587463
0.5575928688049316
0.5575734972953796
0.5575668811798096
0.5575699806213379
0.5575947761535645
0.5575826168060303
