2.210573434829712
2.3681819438934326
2.5163044929504395
2.6669304370880127
2.8230245113372803
2.980633020401001
3.1427154541015625
3.3102970123291016
3.472890615463257
3.6329715251922607
3.7776098251342773
3.932713508605957
4.087330102920532
4.244425535202026
4.398040294647217
4.547157526016235
4.703760862350464
4.8613691329956055
5.040402173995972
5.190030813217163
5.348127603530884
5.500746965408325
5.6538543701171875
5.811456203460693
5.962084054946899
6.1161863803863525
6.268805027008057
6.426898956298828
6.591487884521484
6.762056589126587
6.930119514465332
7.111658334732056
7.3121514320373535
7.4837212562561035
7.6497955322265625
7.830335855484009
7.994919538497925
8.151018619537354
8.330564022064209
8.498142004013062
8.657235145568848
8.833786010742188
8.989396333694458
9.143498182296753
9.317060470581055
9.479653596878052
9.634753227233887
9.810310125350952
9.964413404464722
10.12700343132019
10.28460431098938
10.44668459892273
10.606281757354736
10.788818597793579
10.964864253997803
11.130446434020996
11.295036315917969
11.45113468170166
11.624704599380493
11.798269033432007
11.979816198348999
12.157853841781616
12.33042049407959
12.48603105545044
12.645117998123169
12.806716442108154
13.03114104270935
13.213679075241089
13.415169954299927
13.636605501174927
13.797207593917847
13.967268705368042
14.12786602973938
14.280482769012451
14.435582160949707
14.586214780807495
14.795682191848755
14.966742753982544
15.119362592697144
15.305888652801514
15.474952220916748
15.63853931427002
15.79514479637146
15.952235221862793
16.10684847831726
16.256959915161133
16.410576343536377
16.5636785030365
16.715301275253296
16.879379510879517
17.04496669769287
17.202576398849487
17.366647720336914
17.526246547698975
17.674366235733032
17.836954832077026
17.988582134246826
18.214011192321777
18.429462909698486
18.58755397796631
18.7730815410614
18.933682203292847
19.09129047393799
19.27731466293335
19.430930376052856
19.592525482177734
19.74762463569641
19.941139459609985
20.097749948501587
20.259827375411987
20.419432401657104
20.582510471343994
20.745102882385254
20.902709007263184
21.06079936027527
21.217407941818237
21.36851716041565
21.519139528274536
21.669252157211304
21.824865579605103
21.97996473312378
22.14655089378357
22.313130855560303
22.463240385055542
22.630817651748657
22.786916494369507
22.94252610206604
23.094635009765625
23.249246835708618
23.40286898612976
23.563953399658203
23.73053479194641
23.878650426864624
24.040245056152344
24.203832149505615
24.36591410636902
24.52950167655945
24.68759298324585
24.87411880493164
25.024747610092163
25.186824560165405
25.3474223613739
25.50052833557129
25.672098875045776
25.89851999282837
26.073075771331787
26.229679584503174
26.426181316375732
26.586265563964844
26.7398841381073
26.923418045043945
27.084500312805176
27.24509835243225
27.4186589717865
27.58273410797119
27.74532651901245
27.904418230056763
28.077982902526855
28.239580392837524
28.392683744430542
28.545300006866455
28.699402809143066
28.849027156829834
29.00712561607361
29.170711994171143
29.324326515197754
29.524822473526
29.73729181289673
29.903363466262817
30.114830017089844
30.274428606033325
30.45796775817871
30.660454750061035
30.820056915283203
30.976157188415527
31.140749216079712
31.347228527069092
31.50531840324402
31.672901391983032
31.88137149810791
32.04396963119507
32.19906759262085
32.35567235946655
32.510772705078125
32.710267782211304
32.86488056182861
33.01898431777954
33.17459797859192
33.36711001396179
33.52870225906372
33.68380808830261
33.87731742858887
34.04289793968201
34.19899272918701
34.352614879608154
34.52267575263977
34.691248416900635
34.842867851257324
35.00694465637207
35.16056442260742
35.31466341018677
35.551573514938354
35.70268511772156
35.859288454055786
36.03884434700012
36.191948890686035
36.40740609169006
36.56302213668823
36.716126680374146
36.87871813774109
37.07721996307373
37.23232102394104
37.38094997406006
37.53855228424072
37.73554706573486
37.88816046714783
38.046762466430664
38.21482801437378
38.37442922592163
38.52653622627258
38.699103116989136
38.8497257232666
38.99884057044983
39.17838644981384
39.33248686790466
39.489097356796265
39.65568137168884
39.83073019981384
39.98733973503113
40.142953872680664
40.29008078575134
40.444693088531494
40.604777574539185
40.758387327194214
40.91548204421997
41.06710767745972
41.22519898414612
41.38280749320984
41.54189610481262
41.696507692337036
41.84713006019592
42.02217721939087
42.17578983306885
42.33587837219238
42.49049139022827
42.67302751541138
42.82712960243225
42.983736991882324
43.14881181716919
43.30840826034546
43.4849648475647
43.64505362510681
43.799662590026855
43.954280376434326
44.11436486244202
44.28294348716736
44.43505024909973
44.593650579452515
44.75923299789429
44.92630171775818
45.09188365936279
45.25097465515137
45.415560722351074
45.58513522148132
45.73724126815796
45.89185190200806
46.058430671691895
46.22549867630005
46.38808751106262
46.55216336250305
46.77410817146301
46.92920684814453
47.094794034957886
47.290297746658325
47.44140553474426
47.607988595962524
47.76858448982239
47.94363713264465
48.09725308418274
48.25833487510681
48.44984745979309
48.603461265563965
48.80993890762329
48.97153449058533
49.12962460517883
49.28324007987976
49.43733835220337
49.59095358848572
49.803420543670654
49.96151256561279
50.14505434036255
50.304651498794556
50.48519253730774
50.68668985366821
50.843780279159546
51.01335573196411
51.168458223342896
51.38642191886902
51.54251670837402
51.718074798583984
51.92554998397827
52.082157373428345
52.23625636100769
52.43076491355896
52.58338475227356
52.744469165802
52.97288918495178
53.1314902305603
53.32600021362305
53.513530015945435
53.70105743408203
53.88958287239075
54.05764722824097
54.2431800365448
54.449663400650024
54.62522482872009
54.79878878593445
54.97084426879883
55.17133593559265
55.37681698799133
55.53143095970154
55.68105363845825
55.84114122390747
56.01271438598633
56.17978096008301
56.35832929611206
56.53688311576843
56.73837232589722
56.891987562179565
57.05107307434082
57.21765184402466
57.391215085983276
57.56426763534546
57.74481129646301
57.89842510223389
58.050530672073364
58.19916343688965
58.35425853729248
58.521836042404175
58.678929567337036
58.83852791786194
59.00411057472229
59.177165269851685
59.33875346183777
59.51431059837341
59.67938160896301
59.83599066734314
60.00257587432861
60.15767168998718
60.33522605895996
60.51677107810974
60.678853034973145
60.83146929740906
60.998050928115845
61.15215516090393
61.29878830909729
61.449897050857544
61.603513956069946
61.76360082626343
61.93517017364502
62.09026741981506
62.26183295249939
62.41744542121887
62.586506366729736
62.74112010002136
62.89872860908508
63.05782175064087
63.21443152427673
63.3844895362854
63.54209637641907
63.73062181472778
63.888712882995605
64.04830956459045
64.20690965652466
64.3729796409607
64.53257942199707
64.6866819858551
64.84528708457947
65.0278308391571
65.1869204044342
65.34353232383728
65.5016233921051
65.65623331069946
65.81483888626099
65.9709358215332
66.1285412311554
66.28563380241394
66.44424223899841
66.60034084320068
66.75894498825073
66.91555285453796
67.07464170455933
67.23624038696289
67.39433312416077
67.55891942977905
67.73248267173767
67.94195747375488
68.10404109954834
68.25765657424927
68.41825556755066
68.57634735107422
68.73893880844116
68.90700340270996
69.05862355232239
69.21523189544678
69.371328830719
69.54090881347656
69.70498371124268
69.86857485771179
70.02718210220337
70.18726801872253
70.3628306388855
70.50995469093323
70.66157555580139
70.8136842250824
71.02965140342712
71.18375039100647
71.33936166763306
71.49146628379822
71.65007257461548
71.8081681728363
71.95579648017883
72.1148910522461
72.26850843429565
72.43109798431396
72.59417629241943
72.74480414390564
72.90090107917786
73.05751156806946
73.21261215209961
73.36722612380981
73.51933145523071
73.67394804954529
73.82856440544128
73.98466086387634
74.1412706375122
74.29537320137024
74.44799184799194
74.60907173156738
74.77265954017639
74.92826652526855
75.08536100387573
75.24396514892578
75.41103219985962
75.56564354896545
75.74020648002625
75.9002914428711
76.0788402557373
76.25340700149536
76.42446374893188
76.59802484512329
76.76560401916504
76.93517851829529
77.11221837997437
77.28578090667725
77.44837594032288
77.60546708106995
77.76207947731018
77.91618061065674
78.07977414131165
78.23937153816223
78.42339420318604
78.60493302345276
78.76967453956604
78.92262721061707
79.07624626159668
79.23883509635925
79.39493346214294
79.57847213745117
79.73058104515076
79.888192653656
80.05377960205078
80.22683358192444
80.39141988754272
80.53754591941833
80.70312881469727
80.8587396144867
81.01384544372559
81.16646671295166
81.32156753540039
81.48915457725525
81.64875555038452
81.7998673915863
82.02628827095032
82.17791080474854
82.39336347579956
82.55994820594788
82.72701478004456
82.88561797142029
83.04370903968811
83.20131587982178
83.42076015472412
83.60030841827393
83.75991368293762
83.91501021385193
84.18982720375061
84.34193634986877
84.54043745994568
84.71400451660156
84.91749334335327
85.84165477752686
86.74087429046631
87.61615037918091
88.62060570716858
89.5497498512268
90.46293449401855
91.44443941116333
92.3087568283081
93.23090958595276
94.09720540046692
94.96898221969604
95.85523176193237
96.77240252494812
97.7469379901886
98.66310524940491
99.62167692184448
100.5797507762909
101.48096537590027
102.40064287185669
103.37965273857117
104.33424234390259
105.33171606063843
106.25486207008362
107.24435234069824
108.23783802986145
109.15601372718811
110.00984120368958
111.01230645179749
111.9838342666626
112.90199756622314
113.76829481124878
114.64157557487488
115.52432703971863
116.41356801986694
117.2998206615448
118.204021692276
119.14164662361145
120.13661885261536
121.12314176559448
122.07872748374939
123.03081583976746
124.08664727210999
125.0417320728302
125.97337746620178
127.0317165851593
127.87208485603333
128.85608768463135
129.7353549003601
130.61462211608887
131.649986743927
132.6195366382599
133.5940773487091
134.5411660671234
135.42043590545654
136.3106758594513
137.16849327087402
138.03079557418823
138.95295429229736
139.84917569160461
140.76336312294006
141.7568564414978
142.67502117156982
143.5353455543518
144.41660165786743
145.36668872833252
146.3930869102478
147.40352630615234
148.37706542015076
149.32168316841125
150.2348654270172
151.21187162399292
152.09812664985657
152.95644974708557
153.94195890426636
154.89004707336426
155.88154315948486
156.79272437095642
157.68395137786865
158.54826474189758
159.5003354549408
160.38159894943237
161.26088166236877
162.1037359237671
162.98500847816467
163.87398958206177
164.75026679039001
165.62803268432617
166.49135375022888
167.43845748901367
168.36013197898865
169.28629565238953
170.19649863243103
171.1186707019806
172.03087067604065
172.910138130188
173.87868523597717
174.78688144683838
175.65267491340637
176.5299506187439
177.41221117973328
178.33237147331238
179.23257970809937
180.13977241516113
181.0529670715332
181.99558925628662
182.90578174591064
183.82694172859192
184.71519207954407
185.5969533920288
186.4652614593506
187.31461596488953
188.176420211792
189.05869555473328
189.9220097064972
190.839191198349
191.73442268371582
192.6051962375641
193.4515609741211
194.3203582763672
195.15075659751892
195.9846363067627
196.87887024879456
197.73919129371643
198.61396861076355
199.56157803535461
200.44783425331116
201.29966378211975
202.1195821762085
202.97592163085938
203.8601939678192
204.72499752044678
205.61923456192017
206.52044320106506
207.42664790153503
208.36229848861694
209.22908782958984
210.10138511657715
211.00061750411987
211.89685463905334
212.795081615448
213.719242811203
214.5865638256073
215.49974751472473
216.41394019126892
217.32315063476562
218.20441365242004
219.08668327331543
220.0477602481842
220.9629373550415
221.88311433792114
222.78633093833923
223.73693799972534
224.66808605194092
225.51444125175476
226.3802466392517
227.2964370250702
228.23308849334717
229.1263337135315
230.00810074806213
230.87540340423584
231.77762031555176
232.71825504302979
233.61597156524658
234.46830987930298
235.35756182670593
236.23373079299927
237.0935399532318
237.9359130859375
238.8321487903595
239.6849856376648
240.53832912445068
241.38816380500793
242.3382544517517
243.2324914932251
244.08782935142517
245.02496695518494
245.9162142276764
246.85212349891663
247.72353196144104
248.61225771903992
249.50451016426086
250.37929487228394
251.23363614082336
252.13583755493164
253.01211094856262
253.89286184310913
254.8484468460083
255.84691882133484
256.8099751472473
257.8084485530853
258.7620334625244
259.67322039604187
260.59338641166687
261.5569558143616
262.5030446052551
263.43220114707947
264.46210384368896
265.41817593574524
266.3538100719452
267.2995572090149
268.1991138458252
269.0769319534302
270.0270149707794
271.02348947525024
271.9765627384186
272.90321350097656
273.8024332523346
274.80989503860474
275.76296877861023
276.6551914215088
277.57335472106934
278.4745714664459
279.34089255332947
280.3234086036682
281.28645515441895
282.2360506057739
283.16619634628296
284.11580181121826
285.06090116500854
286.00001549720764
286.8702952861786
287.7405822277069
288.67171454429626
289.667195558548
290.6367428302765
291.66613149642944
292.6576290130615
293.5797846317291
294.4610593318939
295.4615204334259
296.43354845046997
297.30384397506714
298.18411779403687
299.11326837539673
300.0045187473297
300.8669083118439
301.77154755592346
302.6875579357147
303.61172366142273
304.5573401451111
305.46354603767395
306.3637681007385
307.2510325908661
308.0958762168884
308.97515177726746
309.89531111717224
310.76540899276733
311.7568335533142
312.6839830875397
313.5851981639862
314.5083498954773
315.375648021698
316.25839734077454
317.22595477104187
318.1002366542816
319.0144157409668
319.8672351837158
320.84176802635193
321.76194310188293
322.66514801979065
323.5174791812897
324.4416301250458
325.4431080818176
326.37923645973206
327.2385711669922
328.12682604789734
329.1572210788727
330.18262219429016
331.10130739212036
332.0862958431244
333.1142017841339
334.02138924598694
334.933575630188
335.895632982254
336.8312683105469
337.69806146621704
338.6207265853882
339.5359013080597
340.41766333580017
341.33135652542114
342.2265820503235
343.21258306503296
344.085866689682
345.0160048007965
345.93767261505127
346.844877243042
347.7500705718994
348.7071261405945
349.62529468536377
350.5679121017456
351.4446928501129
352.3992848396301
353.4027473926544
354.3378839492798
355.2834985256195
356.32785391807556
357.1841869354248
358.0853943824768
358.95717334747314
359.95863699913025
360.84587812423706
361.77953600883484
362.72064304351807
363.61088037490845
364.5340371131897
365.4571924209595
366.38335394859314
367.2536292076111
368.13487935066223
369.08945894241333
370.01460576057434
370.89236879348755
371.81007528305054
372.70130944252014
373.5980246067047
374.57754850387573
375.5869927406311
376.5495676994324
377.53307247161865
378.49113154411316
379.4566924571991
380.38782596588135
381.2880358695984
382.2904968261719
383.24906826019287
384.19417333602905
385.07644629478455
386.13229155540466
387.05843901634216
387.9915692806244
388.9246964454651
389.8882496356964
390.82437014579773
391.73855543136597
392.64176321029663
393.51904344558716
394.4736154079437
395.3588697910309
396.2860140800476
397.24607586860657
398.1887001991272
399.0375347137451
399.94073271751404
400.8703718185425
401.7755811214447
402.7010488510132
403.5598695278168
404.47955226898193
405.40569257736206
406.27947521209717
407.1597421169281
408.03900384902954
408.89932012557983
409.8294632434845
410.74963116645813
411.622909784317
412.4717535972595
413.3659884929657
414.27019333839417
415.14148926734924
416.14596247673035
417.0940659046173
418.04068088531494
419.0541217327118
419.9533393383026
420.87650084495544
421.7737271785736
422.71384477615356
423.6504759788513
424.52125668525696
425.5007839202881
426.3910336494446
427.3091940879822
428.2737617492676
429.2138798236847
430.14453387260437
431.14201164245605
432.1080644130707
433.068635225296
433.9937858581543
434.86506819725037
435.81515431404114
436.73135113716125
437.6819486618042
438.707355260849
439.7606871128082
440.73920917510986
441.6663544178009
442.5930166244507
443.4657928943634
444.3350851535797
445.23430037498474
446.1888782978058
447.1030488014221
448.0601181983948
448.92642068862915
449.84757113456726
450.7567603588104
451.614089012146
452.4559464454651
453.49981331825256
454.4678535461426
455.3830335140228
456.3196768760681
457.2887110710144
458.1749565601349
459.0831491947174
459.99733543395996
460.9868359565735
462.04367661476135
462.96782541275024
464.0052025318146
465.0370924472809
465.9363100528717
466.82105016708374
467.7676763534546
468.71376752853394
469.63491773605347
470.51517486572266
471.441841840744
472.41787815093994
473.3081169128418
474.29461646080017
475.23949551582336
476.10280585289
477.054402589798
477.9705767631531
478.86281180381775
479.7595121860504
480.68816447257996
481.63226866722107
482.608083486557
483.54670000076294
484.5736162662506
485.5920343399048
486.51418948173523
487.3904678821564
488.28868317604065
489.1724281311035
490.105078458786
491.06812930107117
491.9822988510132
492.8735246658325
493.84408259391785
494.74629521369934
495.60462474823
496.482390165329
497.4828517436981
498.44741916656494
499.36759901046753
500.2508635520935
501.1819887161255
502.1944134235382
503.16196751594543
504.06916213035583
505.0062937736511
505.9528946876526
506.8461298942566
507.70793175697327
508.63458156585693
509.5457775592804
510.40358543395996
511.30978083610535
512.1950342655182
513.1341519355774
514.0518367290497
514.9315872192383
515.8562500476837
516.7544803619385
517.6132979393005
518.4826076030731
519.3698663711548
520.2456271648407
521.2281408309937
522.3378429412842
523.3193533420563
524.2534854412079
525.158698797226
526.0933454036713
526.9935665130615
527.8673408031464
528.7336485385895
529.6039469242096
530.4911971092224
531.3669679164886
532.2262988090515
533.1085608005524
534.0267262458801
535.0112247467041
535.9234120845795
536.97673869133
537.8819425106049
538.9298181533813
539.9103364944458
540.8494575023651
541.7696211338043
542.6688396930695
543.6653163433075
544.6627979278564
545.5829722881317
546.5774717330933
547.471711397171
548.4562134742737
549.3993189334869
550.3324620723724
551.2621119022369
552.2735407352448
553.1528034210205
554.0365469455719
554.9741733074188
555.9092936515808
556.8124947547913
557.7306792736053
558.6288981437683
559.5774917602539
560.4856972694397
561.3594653606415
562.274151802063
563.1783626079559
564.0895602703094
565.0860459804535
565.9687917232513
566.8600347042084
567.7946653366089
568.7048473358154
569.6180331707001
570.5212411880493
571.4344146251678
572.3077068328857
573.2208924293518
574.1290843486786
575.015337228775
575.9773986339569
576.9279973506927
577.8541367053986
578.8765511512756
579.8191678524017
580.6919324398041
581.6584851741791
582.670925617218
583.5511875152588
584.4464132785797
585.3426549434662
586.2937443256378
587.1969454288483
588.0931715965271
588.9864087104797
589.884624004364
590.7559134960175
591.6631133556366
592.5573589801788
593.480518579483
594.3847177028656
595.2799410820007
596.1771578788757
597.1786227226257
598.0928127765656
598.9690854549408
599.8259017467499
600.8054158687592
601.7016506195068
602.584920167923
603.5290238857269
604.4192633628845
605.291571855545
606.2616126537323
607.1743242740631
608.0500853061676
608.9732477664948
609.8889200687408
610.8459939956665
611.8175349235535
612.6843206882477
613.5476231575012
614.4248969554901
615.3131446838379
616.1879272460938
617.1524856090546
618.0507099628448
618.9658885002136
619.9464123249054
620.8236865997314
621.8341183662415
622.8545274734497
623.7736868858337
624.6559460163116
625.6863303184509
626.6184720993042
627.5321536064148
628.4443480968475
629.3275923728943
630.2307968139648
631.218768119812
632.1309473514557
633.061594247818
633.9498436450958
634.8700015544891
635.7542562484741
636.6210472583771
637.617537021637
638.5571568012238
639.457368850708
640.367556810379
641.3969461917877
642.2851986885071
643.2627282142639
644.2138195037842
645.1913459300995
646.1254765987396
647.1319329738617
648.0401215553284
648.9857265949249
649.850519657135
650.7307894229889
651.6489546298981
652.5192437171936
653.404491186142
654.2967329025269
655.2298581600189
656.1610426902771
657.1196129322052
658.0228254795074
659.1115698814392
659.9733953475952
660.9349553585052
661.8391537666321
662.8022167682648
663.6794819831848
664.5836880207062
665.4430134296417
666.3731563091278
667.3257582187653
668.2838230133057
669.2109639644623
670.1555755138397
671.0478196144104
671.9146084785461
672.7888979911804
673.6761422157288
674.5359480381012
675.4546163082123
676.3867402076721
677.2470510005951
678.1068594455719
679.0514628887177
680.010534286499
681.0040233135223
681.9162111282349
682.8737845420837
683.8682622909546
684.8677325248718
685.8178315162659
686.7689023017883
687.6341989040375
688.5134706497192
689.3777792453766
690.263516664505
691.1831922531128
692.0739178657532
692.9886074066162
693.885312795639
694.7635757923126
695.7181515693665
696.5919263362885
697.4382784366608
698.3494610786438
699.2367167472839
700.2621145248413
701.1463675498962
702.0505757331848
703.030110836029
703.8909146785736
704.779159784317
705.6943273544312
706.6479218006134
707.5371596813202
708.4019455909729
709.4163899421692
710.3590114116669
711.2532429695129
712.1614384651184
713.0985565185547
714.0237200260162
714.9803001880646
715.9383776187897
716.815664768219
717.7483081817627
718.7846796512604
719.7317707538605
720.6170229911804
721.6294548511505
722.5790479183197
723.5151674747467
724.4502828121185
725.4268095493317
726.3210427761078
727.3663847446442
728.283088684082
729.2032487392426
730.1403691768646
730.8062360286713
730.8539004325867
730.9043321609497
730.9532012939453
730.9866275787354
731.0055768489838
731.0245261192322
731.0424778461456
731.0616414546967
731.0791912078857
731.0981431007385
731.1170935630798
731.1360411643982
731.1559937000275
731.1749517917633
731.1934180259705
731.2133605480194
731.2333068847656
731.2522559165955
731.2712080478668
731.2916650772095
731.3116066455841
731.3305613994598
731.3495054244995
731.369460105896
731.3889245986938
731.407870054245
731.4268186092377
731.4457676410675
731.4647240638733
731.4831874370575
731.5021643638611
731.5211198329926
731.5400364398956
731.5599825382233
731.5789318084717
731.598042011261
731.6169912815094
731.6359355449677
731.6558828353882
731.6758313179016
731.6948325634003
731.713781118393
731.7327363491058
731.7526774406433
731.7726392745972
731.7911128997803
731.8110628128052
731.8300127983093
731.847963809967
731.8669238090515
731.886397600174
731.9053416252136
731.9252934455872
731.9432437419891
731.9631905555725
731.9836642742157
732.0026106834412
732.0235555171967
732.0464916229248
732.0664744377136
732.0869016647339
732.1068480014801
732.126795053482
732.146744966507
732.1657242774963
732.1841945648193
732.2031788825989
732.2221210002899
732.2410426139832
732.2590219974518
732.2780048847198
732.2964999675751
732.3164467811584
732.3344025611877
732.3533535003662
732.372309923172
732.3918180465698
732.410799741745
732.4297449588776
732.4486620426178
732.4666185379028
732.4851293563843
732.5050768852234
732.523059129715
732.5420045852661
732.5609269142151
732.5789332389832
732.5984172821045
732.6173343658447
732.6372807025909
732.6572275161743
732.6761798858643
732.6956379413605
732.7145936489105
732.7335431575775
732.7534854412079
732.7724506855011
732.7909228801727
732.8108694553375
