15.414137840270996
14.562882423400879
13.985239028930664
13.443975448608398
12.902708053588867
12.361444473266602
11.820178031921387
11.278910636901855
10.73764705657959
10.196383476257324
9.655116081237793
9.113849639892578
8.572586059570312
8.031322479248047
7.490055084228516
6.948788642883301
6.407524585723877
5.866261005401611
5.324994087219238
4.783727169036865
4.2424635887146
3.701199531555176
3.983466386795044
3.839416742324829
3.3871545791625977
2.704988479614258
2.051213264465332
1.8656895160675049
1.642625093460083
1.3861701488494873
1.125192642211914
1.099909782409668
0.7448852062225342
0.6064459681510925
1.0685219764709473
1.2191877365112305
1.1622309684753418
1.2042655944824219
1.186884880065918
1.1162445545196533
0.9978339076042175
0.8874371647834778
0.8875399827957153
0.7200688123703003
0.6417408585548401
0.5167126655578613
0.43929219245910645
0.554734468460083
0.6843417882919312
0.7464706897735596
0.747951865196228
0.7002457976341248
0.5928337574005127
0.6351873278617859
0.6612420082092285
0.4245832562446594
0.7392078638076782
0.8965581655502319
0.7870599627494812
0.5100235342979431
0.5614116787910461
0.6874978542327881
0.599968433380127
0.41907280683517456
0.46548992395401
0.42780786752700806
0.3884032368659973
0.37138015031814575
0.4197254776954651
0.46484917402267456
0.46795904636383057
0.4693225026130676
0.4411160945892334
0.44587254524230957
0.3833353519439697
0.5998089909553528
0.6276771426200867
0.4326269030570984
0.504542887210846
0.4905015230178833
0.4432991147041321
0.4322528839111328
0.49622803926467896
0.48351138830184937
0.44367313385009766
0.43222904205322266
0.4915699362754822
0.4795864224433899
0.44242143630981445
0.4309043288230896
0.48876404762268066
0.47720521688461304
0.4405990242958069
0.4291549324989319
0.48689544200897217
0.4803106188774109
0.42631030082702637
0.40061473846435547
0.4145488142967224
0.5538702011108398
0.4817590117454529
0.45475661754608154
0.45331716537475586
0.45981407165527344
0.46025365591049194
0.4552394151687622
0.4453107714653015
0.43095648288726807
0.4126310348510742
0.3907233476638794
0.3664076328277588
0.3643736243247986
0.3820344805717468
0.39445310831069946
0.4002183675765991
0.399993360042572
0.39437711238861084
0.383913516998291
0.39636194705963135
0.3947317600250244
0.3721281886100769
0.3689974546432495
0.385013222694397
0.37839412689208984
0.35748183727264404
0.3670409321784973
0.36302804946899414
0.36117732524871826
0.3623291850090027
0.36143362522125244
0.3694400191307068
0.35980045795440674
0.36927610635757446
0.3750041127204895
0.35964250564575195
0.3743797540664673
0.38470178842544556
0.37361085414886475
0.36500245332717896
0.3783181309700012
0.3776565194129944
0.3582417964935303
0.36720186471939087
0.368712842464447
0.3590911626815796
0.37234872579574585
0.37227123975753784
0.3592684864997864
0.36060214042663574
0.353221595287323
34.03800582885742
33.43440628051758
32.61342239379883
31.660390853881836
30.615365982055664
29.498687744140625
28.32792854309082
27.116586685180664
25.874361038208008
24.60946273803711
23.33309555053711
22.047956466674805
20.757652282714844
19.464391708374023
18.207508087158203
17.19368553161621
16.381023406982422
15.669955253601074
14.997116088867188
14.34494686126709
13.698881149291992
13.050561904907227
12.402316093444824
11.758474349975586
11.105266571044922
10.438234329223633
9.771793365478516
9.112621307373047
8.507800102233887
8.002481460571289
7.5603814125061035
7.1352925300598145
6.715217590332031
6.304695129394531
5.9032673835754395
5.495936393737793
5.078832149505615
4.674293041229248
4.303403854370117
3.96030330657959
3.632681369781494
3.3176169395446777
3.0201539993286133
2.746683359146118
2.493191719055176
2.255021333694458
2.044968366622925
1.865156888961792
1.728750467300415
1.66415274143219
1.6521953344345093
1.6414599418640137
1.6191983222961426
1.5903313159942627
1.553977608680725
1.5084514617919922
1.46162748336792
1.4169529676437378
1.367163896560669
1.3058571815490723
1.2379525899887085
1.1698362827301025
1.1140459775924683
1.0833293199539185
1.080122947692871
1.0900299549102783
1.0985689163208008
1.1001653671264648
1.0881168842315674
1.0655529499053955
1.0361363887786865
1.0064690113067627
0.9831781387329102
0.9647225737571716
0.952934980392456
0.9437094330787659
0.9321637153625488
0.921778678894043
0.9113459587097168
0.9012308120727539
0.8947389125823975
0.8952609300613403
0.8969302177429199
0.8977413177490234
0.8959143161773682
0.8937605023384094
0.8891487717628479
0.8823111057281494
0.8754265308380127
0.8700710535049438
0.8666303753852844
0.8678252100944519
0.8688604235649109
0.8695452213287354
0.8689790964126587
0.8679720163345337
0.8650195598602295
0.8620229363441467
0.8610266447067261
0.8606887459754944
0.8593837022781372
0.8594565391540527
0.8599464297294617
0.8593098521232605
0.8568334579467773
0.8545255064964294
0.856572151184082
0.8577802777290344
0.8573272228240967
0.8550930619239807
0.8544060587882996
0.8569684624671936
0.8564599752426147
0.8531633019447327
0.852866530418396
0.8547275066375732
0.8548015356063843
0.8531929850578308
0.8513968586921692
0.8520311117172241
0.8522818088531494
0.8510154485702515
0.8506014347076416
0.8509144186973572
0.8495738506317139
0.8518582582473755
0.8520054817199707
0.8493027091026306
0.851503849029541
0.8531681299209595
0.8530501127243042
0.8513563871383667
0.8494345545768738
0.850325345993042
0.8504481315612793
0.8502059578895569
0.8483259081840515
0.8502720594406128
0.8512096405029297
0.850453794002533
0.8482194542884827
0.8492141962051392
0.8489305973052979
0.8476225137710571
0.8478483557701111
0.8478399515151978
0.8479958772659302
0.8475171327590942
0.8477553129196167
0.8473334908485413
0.847446858882904
0.8473523855209351
0.8469834327697754
0.846570611000061
0.8463667631149292
0.8465790152549744
0.8466180562973022
0.8464998602867126
0.8462284803390503
0.8462750911712646
0.8463455438613892
0.8463778495788574
0.8462487459182739
0.8460955619812012
0.8458948135375977
0.8459581136703491
0.8460195064544678
0.8459198474884033
0.845765233039856
0.8458375334739685
0.8457832932472229
0.8456020355224609
0.8456703424453735
0.845619797706604
0.8454394340515137
0.8454596996307373
0.8454129099845886
0.8453670740127563
0.8452847599983215
0.8452566862106323
0.8452134728431702
0.8451430797576904
0.8451392650604248
0.8451306819915771
0.8450658917427063
0.8451122045516968
0.8450078964233398
0.8449357748031616
0.8448975682258606
0.8448563814163208
0.8448960781097412
0.8447699546813965
0.8447774648666382
0.8447785377502441
0.8447200655937195
0.8447047472000122
0.8446669578552246
0.8446121215820312
0.8445638418197632
0.8445448875427246
0.8445018529891968
0.8444555997848511
0.8444928526878357
0.8444682359695435
0.8443117141723633
0.8444521427154541
0.8443297147750854
0.8442373275756836
0.8443971872329712
0.8443921804428101
0.8442355394363403
0.8441733121871948
0.8443503379821777
0.8442422151565552
0.8440014123916626
0.844043493270874
0.843933641910553
0.8440300226211548
0.8440040349960327
0.8439284563064575
0.8438029289245605
0.8437570333480835
0.8437961339950562
0.8437319993972778
0.8436738848686218
0.8436052203178406
0.8437426686286926
0.8436627388000488
0.8435910940170288
0.8436153531074524
0.8434858322143555
0.8435556888580322
0.8436893224716187
0.8435490131378174
0.8433712720870972
0.8436170816421509
0.8437255620956421
0.8436651229858398
0.8434633612632751
0.8432446122169495
0.8432985544204712
0.843384861946106
0.8432117700576782
0.8431296944618225
0.8432199954986572
0.8431464433670044
0.8429598808288574
0.8429579734802246
0.8429151773452759
0.8429526090621948
0.84294593334198
0.842826247215271
0.8429074287414551
0.8428234457969666
0.8428831696510315
0.8428599834442139
0.8428742289543152
0.8429082036018372
0.8428350687026978
0.8429374694824219
0.8429654836654663
0.8428401947021484
0.842941403388977
0.842978298664093
0.8428168296813965
0.8429255485534668
0.8429780602455139
0.8428760766983032
0.8428423404693604
0.8429831862449646
0.8428851962089539
0.8428323268890381
0.8429186344146729
0.8428499102592468
0.8428448438644409
0.8428879976272583
0.8429112434387207
0.8427644968032837
0.8429235816001892
0.8429920673370361
0.8429032564163208
0.8427373170852661
0.8430204391479492
0.8430151343345642
0.8427756428718567
0.8428395390510559
0.8429064750671387
0.8428194522857666
0.8428252339363098
0.8428810238838196
0.8428877592086792
0.8427777290344238
0.8428249955177307
0.8428800106048584
0.8427838683128357
0.8427644968032837
0.8427795171737671
0.8427118062973022
0.8427247405052185
0.8427051305770874
0.8427169322967529
0.8426672220230103
0.8427057266235352
0.8427272439002991
0.8427115678787231
0.8427923917770386
0.842642068862915
0.842780351638794
0.8427894115447998
0.8426557183265686
0.84267258644104
0.8426424264907837
0.8426682949066162
0.8426957726478577
0.842681348323822
0.8426889181137085
0.8426518440246582
0.842639684677124
0.8426461219787598
0.8426369428634644
0.8426562547683716
0.8426206707954407
0.8426709175109863
0.8426384925842285
0.8427085280418396
0.8426634669303894
0.8427159786224365
0.842766284942627
0.8426685333251953
0.8426753282546997
0.8426792025566101
0.842593252658844
0.842602550983429
0.8426838517189026
0.8427103757858276
0.8426740169525146
0.8425825238227844
0.8427578806877136
0.8427766561508179
0.842644214630127
0.8427208662033081
0.842788577079773
0.8426070809364319
0.8425881862640381
0.8425348997116089
0.8426719307899475
0.8426353931427002
0.8425956964492798
0.8426156044006348
0.8426185846328735
143.064697265625
127.04395294189453
111.43482208251953
95.61347961425781
83.66801452636719
72.80664825439453
65.19302368164062
59.13282775878906
53.79372024536133
48.613521575927734
42.84232711791992
37.77944564819336
32.45002365112305
27.04459571838379
22.88763427734375
20.762758255004883
18.6817569732666
16.048294067382812
15.069129943847656
16.85948944091797
17.838159561157227
17.8555965423584
16.81540298461914
15.940427780151367
15.646069526672363
15.914117813110352
14.998247146606445
14.170400619506836
13.9075345993042
12.77150821685791
11.769633293151855
10.888406753540039
10.457623481750488
10.671775817871094
10.730356216430664
9.944892883300781
8.827438354492188
8.173494338989258
8.347926139831543
7.827333927154541
6.8968987464904785
6.427942276000977
6.235183238983154
5.826418876647949
5.532367706298828
5.001394748687744
4.898942947387695
4.622910499572754
4.273512840270996
4.564092636108398
4.607504844665527
4.53592586517334
4.006916046142578
3.8288567066192627
3.895369052886963
3.6523659229278564
3.4218974113464355
3.153320550918579
3.5002543926239014
3.6098172664642334
3.2904422283172607
3.0328774452209473
3.1457021236419678
3.177459955215454
3.191939353942871
2.7982494831085205
2.788029670715332
2.430631637573242
2.706526756286621
2.822035551071167
3.188521146774292
3.1286182403564453
2.78031063079834
3.0804286003112793
2.8816521167755127
3.0645573139190674
3.2460200786590576
3.059903144836426
3.2760939598083496
2.884634256362915
2.6401143074035645
3.2643256187438965
3.4494333267211914
3.2614381313323975
2.9107580184936523
2.532552719116211
2.8151235580444336
2.6649928092956543
2.6796975135803223
2.974151372909546
3.01768159866333
2.905223846435547
2.388699531555176
3.066890001296997
3.596095085144043
3.401474952697754
3.2346394062042236
2.5842418670654297
3.1667733192443848
3.2884979248046875
3.5114803314208984
3.1495532989501953
2.9302659034729004
2.939988613128662
3.2079222202301025
3.0778026580810547
3.125337600708008
2.8096227645874023
2.709780216217041
2.4889960289001465
2.509737491607666
2.6558077335357666
2.5482237339019775
2.950495958328247
2.762300968170166
2.478672504425049
2.7212347984313965
2.6702561378479004
2.616908073425293
3.0474095344543457
2.937891960144043
2.598771095275879
2.422686815261841
2.448972225189209
2.5325887203216553
2.5616509914398193
2.264241933822632
2.095993757247925
2.5807721614837646
2.809957504272461
2.6931376457214355
2.8323769569396973
2.757193088531494
2.751788377761841
2.679387092590332
2.638370990753174
2.930037021636963
2.6728341579437256
2.603487014770508
2.5856008529663086
2.9183478355407715
2.7247419357299805
2.3206770420074463
2.602377414703369
2.7144107818603516
2.6949338912963867
2.8436717987060547
2.652585744857788
2.806753158569336
2.801234722137451
20.324216842651367
20.230321884155273
20.113821029663086
19.9947452545166
19.871789932250977
19.74528694152832
19.62657356262207
19.5062255859375
19.425355911254883
19.35671615600586
19.32232666015625
19.288850784301758
19.260841369628906
19.236900329589844
19.214946746826172
19.182039260864258
19.144027709960938
19.1008358001709
19.054546356201172
19.004701614379883
18.95354461669922
18.91126823425293
18.872386932373047
18.8267822265625
18.78714370727539
18.764131546020508
18.74951171875
18.730449676513672
18.70998764038086
18.711442947387695
18.710416793823242
18.70650291442871
18.70418357849121
18.694597244262695
18.686620712280273
18.675548553466797
18.6644287109375
18.6568546295166
18.642738342285156
18.629558563232422
18.61890411376953
18.610668182373047
18.605709075927734
18.599231719970703
18.599323272705078
18.593568801879883
18.59238624572754
18.59272003173828
18.59177017211914
18.59189796447754
18.591215133666992
18.592370986938477
18.591262817382812
18.583049774169922
18.57868003845215
18.569534301757812
18.56167221069336
18.552087783813477
18.543033599853516
18.526866912841797
18.516101837158203
18.502775192260742
18.490859985351562
18.473098754882812
18.457077026367188
18.440780639648438
18.422771453857422
18.402706146240234
18.383819580078125
18.36299705505371
18.34627342224121
18.329500198364258
18.312597274780273
18.29373550415039
18.28089714050293
18.279926300048828
18.286800384521484
18.297693252563477
18.30045509338379
18.300357818603516
18.297319412231445
18.29435157775879
18.290287017822266
18.28239631652832
18.278053283691406
18.278257369995117
18.278610229492188
18.280305862426758
18.283458709716797
18.286401748657227
18.287105560302734
18.286632537841797
18.284698486328125
18.28269386291504
18.28026580810547
18.278553009033203
18.275270462036133
18.273908615112305
18.27153968811035
18.272226333618164
18.27159309387207
18.270946502685547
18.270687103271484
18.270151138305664
18.268964767456055
18.267810821533203
18.268102645874023
18.268712997436523
18.26841926574707
18.269067764282227
18.269020080566406
18.26776885986328
18.267539978027344
18.26708221435547
18.26664161682129
18.26611328125
18.26546287536621
18.26456069946289
18.263996124267578
18.26347541809082
18.26315689086914
18.262954711914062
18.262521743774414
18.261131286621094
18.26178741455078
18.261701583862305
18.261287689208984
18.260618209838867
18.2606143951416
18.260286331176758
18.260089874267578
18.25977897644043
18.259490966796875
18.259246826171875
18.258010864257812
18.25760841369629
18.258211135864258
18.25786781311035
18.257869720458984
18.25769805908203
18.257078170776367
18.256492614746094
18.256141662597656
18.255817413330078
18.255489349365234
18.254125595092773
18.25381851196289
18.254501342773438
18.254196166992188
18.25391387939453
18.253599166870117
15.8985595703125
14.19372844696045
12.820080757141113
11.616000175476074
10.724266052246094
10.176812171936035
10.104501724243164
10.217324256896973
10.346803665161133
10.52663803100586
10.726082801818848
10.900527000427246
10.994436264038086
11.009620666503906
10.951178550720215
10.836350440979004
10.669488906860352
10.463041305541992
10.208651542663574
9.9822998046875
9.807249069213867
9.642306327819824
9.492232322692871
9.28230094909668
8.987434387207031
8.631539344787598
8.296699523925781
8.037487983703613
7.829042434692383
7.65597677230835
7.517922401428223
7.453364372253418
7.419663906097412
7.391559600830078
7.337922096252441
7.216399192810059
7.078141212463379
6.9300312995910645
6.807337284088135
6.739048957824707
6.715963840484619
6.712003707885742
6.689878940582275
6.652033805847168
6.603531360626221
6.540356159210205
6.475290775299072
6.423700332641602
6.383179187774658
6.334634780883789
6.2864203453063965
6.247809410095215
6.219424247741699
6.198495864868164
6.173532485961914
6.143960475921631
6.111346244812012
6.0729079246521
6.043606758117676
6.027280807495117
6.018580436706543
6.012833118438721
5.982511520385742
5.94266414642334
5.904666423797607
5.882896423339844
5.867996692657471
5.849517345428467
5.825046539306641
5.794692039489746
5.772159099578857
5.751335144042969
5.734897613525391
5.7147417068481445
5.687254428863525
5.659435749053955
5.631149768829346
5.612931251525879
5.5908894538879395
5.5677056312561035
5.540152549743652
5.51173734664917
5.487015724182129
5.460151672363281
5.433237075805664
5.408635139465332
5.383183479309082
5.355544090270996
5.321822643280029
5.297297477722168
5.26405668258667
5.234594821929932
5.205226898193359
5.171119213104248
5.143630027770996
5.113491058349609
5.087762832641602
5.063134670257568
5.037858009338379
5.008806228637695
5.338043689727783
5.535928249359131
5.601147651672363
5.6005120277404785
5.577337265014648
5.547820091247559
5.50345516204834
5.44126558303833
5.399868011474609
5.374207496643066
5.35264253616333
5.333744049072266
5.297616958618164
5.242546558380127
5.185736179351807
5.1501898765563965
5.116846561431885
5.09231424331665
5.060056209564209
5.008286952972412
4.947505474090576
4.884723663330078
4.854696273803711
4.881096363067627
4.880202293395996
4.828060150146484
4.774893283843994
4.763354301452637
4.757211208343506
4.7323150634765625
4.696282863616943
4.684759616851807
4.684505462646484
4.662425518035889
4.6318678855896
4.636104106903076
4.639156341552734
4.6220703125
4.603176116943359
4.604297161102295
4.592162609100342
4.573511600494385
4.562799453735352
4.5623040199279785
4.552410125732422
4.537902355194092
4.5294694900512695
4.52208137512207
4.51749324798584
4.517309665679932
4.513838291168213
4.503492832183838
4.487754821777344
4.484555721282959
4.480627059936523
4.4749040603637695
4.466960906982422
4.464052677154541
4.4538068771362305
4.449496746063232
4.443726062774658
4.438083171844482
4.429276466369629
4.426952838897705
4.419431686401367
4.410819053649902
4.403942108154297
4.397738456726074
4.390644073486328
4.387903213500977
4.381776332855225
4.378096103668213
4.370806694030762
4.363215446472168
4.355130195617676
4.350485324859619
4.343929290771484
4.341396331787109
4.33250093460083
4.3254313468933105
4.31875467300415
4.313163757324219
4.303408145904541
4.2993292808532715
4.297360897064209
4.289907455444336
4.284262657165527
4.278810977935791
4.269601821899414
4.262840747833252
4.260770797729492
4.25644063949585
4.250316619873047
4.244672775268555
4.2363481521606445
4.233254909515381
4.229779243469238
4.224892616271973
4.2206807136535645
4.2166361808776855
4.215072154998779
4.213554382324219
4.214834213256836
4.215610504150391
4.2151408195495605
4.216141700744629
4.215555667877197
4.214466571807861
4.21364164352417
4.2154083251953125
4.215998649597168
4.215094566345215
4.215773105621338
4.215513229370117
4.214197158813477
4.213281154632568
4.212564468383789
4.214626312255859
4.214829921722412
4.214409351348877
4.21474027633667
4.214138031005859
4.213560104370117
4.213347434997559
4.214715957641602
4.214287757873535
4.21328067779541
4.214653968811035
4.215467929840088
4.214114665985107
4.214136600494385
4.214640140533447
4.213768482208252
4.213893413543701
4.2139153480529785
4.214399814605713
4.213103771209717
4.213102340698242
4.214335918426514
4.213625907897949
4.213715553283691
4.214357376098633
4.214601516723633
4.214938163757324
4.214849948883057
4.214539527893066
4.214303493499756
4.213798522949219
4.214926242828369
4.2153143882751465
4.2151336669921875
4.214767932891846
4.214664936065674
4.214463233947754
4.21510648727417
4.215036869049072
4.214987754821777
4.214257717132568
4.214390754699707
4.214727878570557
4.215282440185547
4.215001583099365
4.2152862548828125
4.21497106552124
4.215057849884033
4.215195178985596
4.215220928192139
4.213667869567871
4.214777946472168
4.214705944061279
4.2156081199646
4.2153401374816895
4.215169906616211
4.215592861175537
4.215115070343018
4.2147088050842285
4.2149248123168945
4.214515209197998
4.215419769287109
4.215551376342773
4.215084075927734
4.214562892913818
4.2146735191345215
4.214607238769531
4.214568614959717
4.2147369384765625
4.215208530426025
4.215576171875
4.2143874168396
4.214233875274658
4.21494197845459
4.21500301361084
4.214903831481934
4.2147016525268555
4.214578628540039
4.214618682861328
4.214666366577148
4.214764595031738
4.215376377105713
4.214130878448486
4.214072227478027
4.214887619018555
4.214859485626221
4.214431285858154
4.214737415313721
4.21453857421875
4.214494705200195
4.214724540710449
4.215281009674072
4.214565753936768
4.215373516082764
4.215364456176758
4.2136945724487305
4.214528560638428
4.21451473236084
4.214500427246094
4.2145867347717285
4.214970588684082
4.215390682220459
4.214507102966309
4.215357303619385
4.214792251586914
4.214636325836182
4.213662147521973
4.214522361755371
4.214550971984863
4.214776039123535
4.214935779571533
4.214982986450195
4.214849472045898
4.2141289710998535
4.2141032218933105
4.214738845825195
4.214452743530273
4.214362144470215
4.214344501495361
4.214649677276611
4.214784145355225
4.214944839477539
4.2149858474731445
4.214977264404297
4.213779449462891
4.213679313659668
4.214524269104004
4.2145771980285645
4.214549541473389
4.214482307434082
4.214745998382568
4.2150139808654785
4.21537971496582
4.21532678604126
4.213775634765625
4.214346408843994
4.214516639709473
4.21454381942749
4.213616371154785
4.2149271965026855
4.215327739715576
4.215332508087158
4.21536111831665
4.2150163650512695
4.213865280151367
4.214407920837402
4.214479923248291
4.214520454406738
4.213715076446533
4.214910984039307
4.214989185333252
4.215033531188965
4.214966297149658
4.214773654937744
4.214593887329102
4.213635444641113
4.213662624359131
4.214704990386963
4.214926719665527
4.214992523193359
4.2149481773376465
4.214785099029541
4.214784145355225
4.214753150939941
4.214616775512695
4.214798450469971
4.213963508605957
4.214147567749023
4.2148051261901855
4.2147536277771
4.2147440910339355
4.214786052703857
4.21489143371582
4.214620113372803
4.21458101272583
4.214653968811035
4.214637279510498
4.214108467102051
4.214056015014648
4.214963436126709
4.214927673339844
4.214473247528076
0.7488181591033936
0.7393081188201904
0.7317371368408203
0.7247649431228638
0.7182439565658569
0.7120720744132996
0.7067462205886841
0.7027062177658081
0.6989928483963013
0.6952252388000488
0.6915128827095032
0.6879260540008545
0.6844491362571716
0.6814771294593811
0.6788729429244995
0.6765742301940918
0.6748502850532532
0.6737222075462341
0.6730259656906128
0.6727521419525146
0.6729581356048584
0.6730050444602966
0.6725847125053406
0.6720658540725708
0.6714430451393127
0.670882523059845
0.6703997254371643
0.6698480844497681
0.6693704128265381
0.6690284013748169
0.668904185295105
0.6689572930335999
0.6690746545791626
0.6690874695777893
0.6689870953559875
0.6687825918197632
0.6685580015182495
0.6683279275894165
0.6681274175643921
0.6680374145507812
0.6679884791374207
0.6679564714431763
0.6679511070251465
0.6679319143295288
0.6678322553634644
0.667723536491394
0.6676685810089111
0.6675681471824646
0.6675003170967102
0.6674832701683044
0.667502760887146
0.6674942374229431
0.6674298048019409
0.6673988699913025
0.6673322319984436
0.6672835350036621
0.6672795414924622
0.6672987937927246
0.6672936677932739
0.6672738194465637
0.6672197580337524
0.6671886444091797
0.6672220230102539
0.6672598123550415
0.6672468185424805
0.6671969890594482
0.6671625971794128
0.667168378829956
0.6672099828720093
0.6672080755233765
0.6671615839004517
0.6671273112297058
0.667108416557312
0.6671314239501953
0.667151689529419
0.6671363115310669
0.6671122908592224
0.6670951843261719
0.6670919060707092
0.6671196222305298
0.6671037673950195
0.667091429233551
0.6671078205108643
0.6671116352081299
0.6670848727226257
0.6670963764190674
0.6671314835548401
0.6671295166015625
0.6671403050422668
0.6671218872070312
0.6670900583267212
0.6671100854873657
0.6671284437179565
0.6671419143676758
0.66713547706604
0.6671058535575867
0.6670876741409302
0.6671026945114136
0.6671338677406311
0.6671266555786133
