12.214675903320312
11.67341136932373
11.132144927978516
10.59088134765625
10.049613952636719
9.508350372314453
8.967083930969238
8.425816535949707
7.884552955627441
7.343289375305176
6.802022457122803
6.26075553894043
5.719491958618164
5.17822790145874
4.636960983276367
4.095694541931152
4.545906066894531
4.423715114593506
3.9998559951782227
3.351743459701538
2.620880365371704
3.435169219970703
3.784489631652832
3.777843713760376
3.4893319606781006
3.328345775604248
3.4740283489227295
3.5467803478240967
3.5547361373901367
3.505053997039795
3.404040575027466
3.3702359199523926
3.113797187805176
2.8454885482788086
3.0123472213745117
3.1967103481292725
3.1154184341430664
2.868969678878784
2.846179962158203
3.038933753967285
3.117880344390869
2.951910972595215
2.8947086334228516
2.9241890907287598
3.068162441253662
3.0191330909729004
2.7462096214294434
2.8675765991210938
3.0623526573181152
3.0162289142608643
2.7579216957092285
2.832627296447754
3.0157864093780518
2.9670820236206055
2.7683839797973633
2.796119451522827
2.766798496246338
2.753488779067993
2.5858163833618164
2.6734976768493652
2.6453256607055664
2.7512476444244385
2.6834845542907715
2.732795476913452
2.7658491134643555
2.5981574058532715
2.773480176925659
2.758854627609253
2.671626091003418
2.8589189052581787
2.8787522315979004
2.690920352935791
2.8269946575164795
2.9572339057922363
2.871243715286255
2.659142017364502
2.859015703201294
2.931849718093872
2.7962982654571533
2.67041015625
2.7590975761413574
2.668863534927368
2.6661767959594727
2.6096270084381104
2.6507110595703125
2.680964708328247
2.829800605773926
2.7973010540008545
2.789762496948242
2.815234661102295
2.8145580291748047
2.7018144130706787
2.6238739490509033
2.632659673690796
2.6721537113189697
2.688565731048584
2.6839077472686768
2.6255874633789062
2.6261985301971436
2.668023109436035
2.6515378952026367
2.644641637802124
2.633021831512451
2.6441545486450195
2.6400179862976074
2.6157379150390625
2.608811855316162
2.6061906814575195
2.6288061141967773
2.6298999786376953
2.6102752685546875
2.5960774421691895
2.608966827392578
2.6227474212646484
2.6208014488220215
2.610036849975586
2.5998785495758057
2.6005239486694336
2.6054859161376953
2.5894641876220703
2.5904922485351562
2.601318120956421
2.5906965732574463
2.5854439735412598
2.605757236480713
2.604764699935913
2.583664655685425
2.6006011962890625
2.6155948638916016
2.6090054512023926
2.5830836296081543
2.605316162109375
2.6242196559906006
2.6213316917419434
2.5989174842834473
2.5861546993255615
2.602259874343872
2.597033977508545
2.577564239501953
2.5890378952026367
2.5842368602752686
2.5848746299743652
2.586808681488037
2.583134174346924
2.5976598262786865
2.5974035263061523
2.5785951614379883
2.5799379348754883
2.5750250816345215
2.57578182220459
33.736541748046875
33.21671676635742
32.51872253417969
31.69696807861328
30.798381805419922
29.836780548095703
28.827577590942383
27.78330421447754
26.714693069458008
25.632183074951172
24.536949157714844
23.430307388305664
22.31977653503418
21.209081649780273
20.10033416748047
18.991050720214844
17.91164207458496
16.932186126708984
16.01190948486328
15.172111511230469
14.435285568237305
13.758672714233398
13.125312805175781
12.528064727783203
11.960371971130371
11.406075477600098
10.856657028198242
10.31873893737793
9.790094375610352
9.29648208618164
8.847614288330078
8.426912307739258
8.024024963378906
7.6291046142578125
7.241650581359863
6.868641376495361
6.534470558166504
6.238344192504883
5.9707417488098145
5.753355503082275
5.5836896896362305
5.428706169128418
5.267173767089844
5.096758842468262
4.914433479309082
4.72446870803833
4.534642219543457
4.369321346282959
4.243320465087891
4.1441192626953125
4.055271148681641
3.965061664581299
3.864610195159912
3.760504961013794
3.66872239112854
3.5957210063934326
3.545860528945923
3.514407157897949
3.487697124481201
3.4536728858947754
3.408135414123535
3.355445146560669
3.299312114715576
3.2448129653930664
3.203577995300293
3.184079170227051
3.179698944091797
3.177955150604248
3.1711268424987793
3.160630702972412
3.1493494510650635
3.1380553245544434
3.126232862472534
3.1118640899658203
3.101719617843628
3.088648796081543
3.072096109390259
3.056971311569214
3.0472965240478516
3.045111656188965
3.0461583137512207
3.045578956604004
3.0422427654266357
3.0385584831237793
3.032209873199463
3.024782657623291
3.017845869064331
3.013343334197998
3.010128974914551
3.00892972946167
3.007498264312744
3.0073461532592773
3.0056350231170654
3.0062062740325928
3.0042123794555664
3.000654935836792
2.9981422424316406
2.9970741271972656
2.9972400665283203
2.9962995052337646
2.9956870079040527
2.9951515197753906
2.9947052001953125
2.9944591522216797
2.994123935699463
2.992582082748413
2.991302251815796
2.990657329559326
2.991024971008301
2.991109848022461
2.9903759956359863
2.991118907928467
2.9907240867614746
2.9894537925720215
2.990352153778076
2.9891927242279053
2.989828586578369
2.9901578426361084
2.98868727684021
2.988348960876465
2.987785816192627
2.989046335220337
2.989098310470581
2.9871509075164795
2.9871890544891357
2.986830711364746
2.986626386642456
2.9866421222686768
2.9872989654541016
2.9869885444641113
2.9872491359710693
2.9871339797973633
2.9869229793548584
2.9879708290100098
2.9870386123657227
2.9863829612731934
2.98656964302063
2.985901355743408
2.987647294998169
2.9876017570495605
2.985628366470337
2.9856033325195312
2.985679864883423
2.9854846000671387
2.985753059387207
2.985400438308716
2.9865381717681885
2.9855146408081055
2.9859678745269775
2.986438274383545
2.9850378036499023
2.9850189685821533
2.9849448204040527
2.9848175048828125
2.9847617149353027
2.984631061553955
2.984541654586792
2.984473705291748
2.9843595027923584
2.9842004776000977
2.9840004444122314
2.9839560985565186
2.9838125705718994
2.9838671684265137
2.9839234352111816
2.984027862548828
2.9840755462646484
2.9840545654296875
2.9839718341827393
2.9838321208953857
2.9837331771850586
2.9835877418518066
2.98346209526062
2.9834885597229004
2.9833695888519287
2.98339581489563
2.98336124420166
2.9832754135131836
2.98330020904541
2.9831807613372803
2.9833271503448486
2.983351945877075
2.983149290084839
2.9831833839416504
2.983247756958008
2.9831511974334717
2.9829399585723877
2.9829235076904297
2.9829630851745605
2.9829022884368896
2.982926607131958
2.9830024242401123
2.982884645462036
2.9827721118927
2.982924461364746
2.9828624725341797
2.9826810359954834
2.982668161392212
2.9825735092163086
2.982598304748535
2.982564687728882
2.9825570583343506
2.9825022220611572
2.9824347496032715
2.982379674911499
2.9823720455169678
2.9824321269989014
2.9823126792907715
2.982260227203369
2.9822425842285156
2.9822239875793457
2.982218027114868
2.982177972793579
2.9821128845214844
2.98207688331604
2.9820730686187744
2.982103109359741
2.9820556640625
2.9820096492767334
2.9819490909576416
2.982008934020996
2.98193097114563
2.982004404067993
2.98207950592041
2.981992483139038
2.9819045066833496
2.9817757606506348
2.981708288192749
2.9817235469818115
2.981699228286743
2.981687307357788
2.981635570526123
2.9815943241119385
2.9815196990966797
2.981649875640869
2.9815773963928223
2.9815213680267334
2.981518030166626
2.9815564155578613
2.9814891815185547
2.9814505577087402
2.9813599586486816
2.9813570976257324
2.981301784515381
2.9814181327819824
2.9813342094421387
2.9813294410705566
2.981412410736084
2.9813454151153564
2.9811244010925293
2.9812841415405273
2.9812965393066406
2.981193780899048
2.981153964996338
2.981157064437866
2.981182336807251
2.981149911880493
2.9811577796936035
2.981053352355957
2.9810712337493896
2.981153964996338
2.9811959266662598
2.981208086013794
2.9810969829559326
2.981194496154785
2.9811630249023438
2.9810705184936523
2.9812915325164795
2.981325149536133
2.98115873336792
2.9811978340148926
2.981383800506592
2.9814000129699707
2.981196641921997
2.981102705001831
2.98124361038208
2.981170415878296
2.9811272621154785
2.981156587600708
2.9811129570007324
2.981027126312256
2.981062412261963
2.981065273284912
2.9810595512390137
2.9811506271362305
2.981060266494751
2.981104850769043
2.981152296066284
2.9809999465942383
2.9811947345733643
2.981285810470581
2.9811534881591797
2.9810144901275635
2.981337070465088
2.981449604034424
2.981351137161255
2.9810683727264404
2.9811818599700928
2.9813830852508545
2.9813499450683594
2.9811136722564697
2.981008529663086
2.9812378883361816
2.981316566467285
2.981186628341675
2.9809203147888184
2.9812417030334473
2.981330394744873
2.98120379447937
2.9809069633483887
2.9812090396881104
2.981321334838867
2.9812259674072266
2.9809467792510986
2.9812352657318115
2.9814364910125732
2.9814043045043945
2.98116397857666
2.9809534549713135
2.981121063232422
2.9810805320739746
2.9809184074401855
2.980966091156006
2.980905532836914
2.980895757675171
2.980860471725464
2.9809730052948
2.980874538421631
2.98106050491333
2.9811177253723145
2.980978012084961
2.9809646606445312
2.981043815612793
2.980931520462036
2.980872392654419
2.980858087539673
2.980865001678467
2.980902671813965
2.980849027633667
2.9809935092926025
2.9810214042663574
2.9809014797210693
2.9809393882751465
2.980910539627075
2.980877161026001
2.98087739944458
2.9808757305145264
2.980959415435791
2.9808645248413086
2.9808294773101807
108.22891235351562
95.17646789550781
86.33061218261719
79.46338653564453
72.71930694580078
65.26922607421875
56.979042053222656
50.328758239746094
44.70412063598633
38.86726379394531
33.6707878112793
29.092117309570312
26.18034553527832
22.925678253173828
19.01249122619629
15.427906036376953
12.218034744262695
9.805010795593262
10.446754455566406
11.071065902709961
11.554495811462402
11.942752838134766
12.125986099243164
11.732590675354004
11.281010627746582
10.514798164367676
10.800469398498535
9.916742324829102
9.041646957397461
7.829580307006836
6.872657775878906
6.273712158203125
6.211829662322998
7.123050689697266
6.83367919921875
6.351118087768555
6.129192352294922
5.4457621574401855
5.0540690422058105
5.088286399841309
5.658078193664551
5.501923561096191
5.320051670074463
4.649993419647217
4.199805736541748
4.630414009094238
4.678956985473633
4.820460796356201
4.497371196746826
4.195794582366943
4.164793014526367
4.082931995391846
4.017009735107422
3.723034381866455
3.731687545776367
3.452328681945801
3.5307376384735107
3.1598498821258545
3.1248998641967773
3.175041675567627
3.240818500518799
2.8853096961975098
3.150571346282959
3.3504676818847656
3.0897579193115234
3.0079803466796875
3.1272432804107666
3.1671481132507324
3.146846294403076
3.097622871398926
3.1931397914886475
3.385812520980835
3.5412697792053223
3.2878026962280273
2.8649027347564697
2.895507335662842
3.3860936164855957
3.214294672012329
3.1310620307922363
3.18819260597229
2.924490451812744
3.120183229446411
3.4532880783081055
3.1926043033599854
2.7759711742401123
2.9485726356506348
2.8068361282348633
2.551755905151367
2.7932114601135254
2.6524016857147217
3.018718719482422
3.3970837593078613
3.0717246532440186
3.020750045776367
3.1457860469818115
3.100506544113159
2.7749640941619873
2.8813488483428955
3.2091455459594727
3.233142137527466
2.7885665893554688
2.8959760665893555
3.196539878845215
3.3756954669952393
3.3554489612579346
3.375185489654541
2.9678356647491455
3.0928845405578613
3.2946112155914307
3.3986847400665283
2.837172269821167
3.1472318172454834
3.294902801513672
3.2266292572021484
3.1055357456207275
3.1874632835388184
3.035552501678467
2.930905342102051
2.6379435062408447
2.8873131275177
3.344442367553711
3.0655791759490967
2.95949649810791
2.808701753616333
2.710503578186035
3.0221004486083984
3.4146955013275146
3.159149646759033
2.861713409423828
3.0407238006591797
3.2317512035369873
3.121812343597412
2.8769686222076416
2.715980291366577
2.642691135406494
2.726457118988037
2.6807668209075928
2.7885665893554688
3.051616668701172
2.83158540725708
2.896503210067749
3.044846296310425
2.83699369430542
2.9392788410186768
3.1102826595306396
3.0532631874084473
3.11039662361145
3.197262763977051
3.2416136264801025
3.044078826904297
27.672618865966797
27.57017707824707
27.46312141418457
27.325191497802734
27.183914184570312
27.0709228515625
26.93885040283203
26.83127212524414
26.722780227661133
26.637409210205078
26.571319580078125
26.530120849609375
26.49910545349121
26.478607177734375
26.45764923095703
26.44207763671875
26.433944702148438
26.426979064941406
26.42066192626953
26.407140731811523
26.389816284179688
26.37213897705078
26.36181640625
26.355714797973633
26.341384887695312
26.332157135009766
26.319442749023438
26.316177368164062
26.31278419494629
26.309560775756836
26.307580947875977
26.30796241760254
26.31317901611328
26.31536102294922
26.31812286376953
26.320585250854492
26.32097625732422
26.319976806640625
26.319358825683594
26.3167724609375
26.314611434936523
26.314172744750977
26.31243133544922
26.303749084472656
26.300647735595703
26.296382904052734
26.294404983520508
26.288578033447266
26.28657341003418
26.282909393310547
26.28022575378418
26.276180267333984
26.276338577270508
26.27556800842285
26.274415969848633
26.274188995361328
26.277175903320312
26.27733039855957
26.280439376831055
26.278223037719727
26.278263092041016
26.277236938476562
26.276636123657227
26.277816772460938
26.27606964111328
26.274518966674805
26.27396011352539
26.27444076538086
26.274009704589844
26.27401351928711
26.274192810058594
26.272388458251953
26.272701263427734
26.270145416259766
26.268081665039062
26.2668514251709
26.26535415649414
26.264219284057617
26.264385223388672
26.264156341552734
26.26441764831543
26.265838623046875
26.26815414428711
26.265687942504883
26.263723373413086
26.26321792602539
26.262632369995117
26.262590408325195
26.261676788330078
26.261621475219727
26.26129722595215
26.261035919189453
26.26067543029785
26.260643005371094
26.26006507873535
26.260271072387695
26.260021209716797
26.259597778320312
26.25954818725586
26.259803771972656
26.2594051361084
26.259069442749023
26.257896423339844
26.25749397277832
26.257017135620117
26.256671905517578
26.256336212158203
26.255834579467773
26.255699157714844
26.255619049072266
26.255277633666992
26.254467010498047
26.254131317138672
26.253793716430664
26.253929138183594
26.25377655029297
26.253433227539062
26.25392723083496
26.253599166870117
26.252439498901367
26.251850128173828
26.251516342163086
26.251258850097656
26.250932693481445
26.250606536865234
26.250288009643555
26.249942779541016
26.249618530273438
26.249282836914062
26.24895477294922
26.248615264892578
26.248287200927734
26.24787712097168
26.247802734375
26.247474670410156
26.24713897705078
26.24681282043457
26.246490478515625
26.246150970458984
26.245832443237305
26.24544906616211
26.245040893554688
26.24478530883789
26.244449615478516
26.244129180908203
26.243858337402344
26.243568420410156
26.24324607849121
26.24290657043457
26.24258041381836
26.241846084594727
23.840469360351562
21.478878021240234
19.303024291992188
17.414400100708008
15.641959190368652
14.179094314575195
13.195068359375
12.711971282958984
12.446715354919434
12.463752746582031
12.515475273132324
12.54068660736084
12.522627830505371
12.354204177856445
12.041837692260742
11.606945037841797
11.096806526184082
10.538143157958984
9.956073760986328
9.365092277526855
8.857574462890625
8.515405654907227
8.33842658996582
8.12211799621582
7.937201976776123
7.751075267791748
7.457213878631592
7.179101467132568
6.9918951988220215
6.844252109527588
6.691112518310547
6.591125011444092
6.554625511169434
6.515886306762695
6.3914995193481445
6.240321159362793
6.11854362487793
6.0281572341918945
5.911375999450684
5.7810258865356445
5.6677937507629395
5.640516757965088
5.650339603424072
5.635849952697754
5.563383102416992
5.481447219848633
5.449312210083008
5.424068927764893
5.371428489685059
5.298043251037598
5.242535591125488
5.229766845703125
5.239154815673828
5.230586051940918
5.193146705627441
5.150984287261963
5.125417709350586
5.114466667175293
5.106123924255371
5.082481384277344
5.057474136352539
5.038719177246094
5.025371551513672
5.019267559051514
5.011867046356201
5.001774787902832
4.9903764724731445
4.976423740386963
4.965055465698242
4.956187725067139
4.955305576324463
4.948936462402344
4.936921119689941
4.927300930023193
4.923990249633789
4.919454574584961
4.910989761352539
4.9007182121276855
4.896210670471191
4.894218444824219
4.886470794677734
4.878828048706055
4.873279094696045
4.868940353393555
4.865032196044922
4.85941743850708
4.853850364685059
4.847626686096191
4.843704700469971
4.84023380279541
4.835470199584961
4.831051826477051
4.82556676864624
4.822428226470947
4.818502426147461
4.814354419708252
4.811580181121826
4.808289051055908
4.80422830581665
4.800711154937744
4.786333084106445
4.7747392654418945
4.733386039733887
4.696688652038574
4.679956436157227
4.6629838943481445
4.650907039642334
4.634471893310547
4.609508991241455
4.590694427490234
4.582958221435547
4.570345878601074
4.540994644165039
4.524011135101318
4.5181989669799805
4.498290538787842
4.471444606781006
4.456952095031738
4.443683624267578
4.423564910888672
4.404637336730957
4.396772384643555
4.391119003295898
4.380097389221191
4.373822212219238
4.371615409851074
4.364408493041992
4.355326175689697
4.345146179199219
4.340178966522217
4.331638813018799
4.3183698654174805
4.309191703796387
4.302279949188232
4.295368194580078
4.284873962402344
4.280169486999512
4.275216102600098
4.267457962036133
4.260979175567627
4.257257461547852
4.25048828125
4.243434429168701
4.238343715667725
4.230427265167236
4.222619533538818
4.214067459106445
4.208946228027344
4.204240322113037
4.199638843536377
4.197452545166016
4.192267417907715
4.1887359619140625
4.1852288246154785
4.17826509475708
4.170703887939453
4.164251804351807
4.160253524780273
4.157543182373047
4.153815269470215
4.146666049957275
4.1426544189453125
4.136990070343018
4.133688449859619
4.128658771514893
4.122457504272461
4.117967128753662
4.115431785583496
4.113463878631592
4.112232208251953
4.114946365356445
4.117679595947266
4.118273735046387
4.11668062210083
4.113693714141846
4.109399795532227
4.106611251831055
4.102654457092285
4.101432800292969
4.105504035949707
4.103885173797607
4.101075172424316
4.100992679595947
4.099535942077637
4.099714279174805
4.098812580108643
4.095436096191406
4.093863010406494
4.091990947723389
4.088994026184082
4.088484764099121
4.08927583694458
4.089615821838379
4.088059902191162
4.085953235626221
4.0831298828125
4.080617904663086
4.079855442047119
4.081002712249756
4.080224990844727
4.0804853439331055
4.078949451446533
4.078413486480713
4.07756233215332
4.078251361846924
4.077610969543457
4.07699728012085
4.076256275177002
4.0760698318481445
4.075575351715088
4.075783729553223
4.074737071990967
4.0756611824035645
4.0738205909729
4.074321746826172
4.073599338531494
4.073674201965332
4.0740790367126465
4.074981689453125
4.074841022491455
4.073503017425537
4.073118686676025
4.0736613273620605
4.073241233825684
4.073051452636719
4.072878360748291
4.0721611976623535
4.071623802185059
4.072759628295898
4.072481632232666
4.072755336761475
4.072575569152832
4.073299407958984
4.0729827880859375
4.074069976806641
4.07442569732666
4.076091289520264
4.076251983642578
4.076324462890625
4.07658576965332
4.07553768157959
4.075222015380859
4.073572635650635
4.07354736328125
4.073516368865967
4.073450565338135
4.073792457580566
4.073713302612305
4.073692321777344
4.072108745574951
4.072002410888672
4.072352886199951
4.071885585784912
4.072775363922119
4.071778774261475
4.071878910064697
4.071924209594727
4.072079658508301
4.072126865386963
4.072168827056885
4.071995735168457
4.0721588134765625
4.072143077850342
4.072141170501709
4.072124481201172
4.071951866149902
4.071263790130615
4.07135009765625
4.071405410766602
4.071402072906494
4.070888996124268
4.0710649490356445
4.071486949920654
4.0714430809021
4.072549819946289
4.0724897384643555
4.072498798370361
4.072391510009766
4.072404861450195
4.072048187255859
4.071197509765625
4.071211814880371
4.071216106414795
4.071199417114258
4.072023868560791
4.071950912475586
4.071897983551025
4.072690963745117
4.072693347930908
4.072844505310059
4.072840690612793
4.072923183441162
4.074092864990234
4.074087142944336
4.074080467224121
4.074073791503906
4.073300361633301
4.073298454284668
4.073714256286621
4.074338436126709
4.07348108291626
4.0736260414123535
4.073614120483398
4.073551177978516
4.074293613433838
4.073628902435303
4.074058532714844
4.073266506195068
4.073265075683594
4.0728960037231445
4.072880744934082
4.072746276855469
4.072753429412842
4.072747230529785
4.072756290435791
4.07275390625
4.072749137878418
4.072838306427002
4.072997570037842
4.072993278503418
4.072985649108887
4.072879791259766
4.072876930236816
4.072808265686035
4.072803020477295
4.072906017303467
4.072619915008545
4.072614669799805
4.072609901428223
4.072606086730957
4.07262659072876
4.072617530822754
4.07261323928833
4.072790145874023
4.072785377502441
4.072780132293701
4.072776794433594
4.072774410247803
4.072771072387695
4.072766304016113
4.072763442993164
4.072760581970215
4.072756290435791
4.07275390625
4.072750091552734
4.072746753692627
4.072745323181152
4.07274055480957
4.0727386474609375
4.0727338790893555
4.072732925415039
4.07273006439209
4.072727203369141
4.072725296020508
4.0727219581604
4.072697162628174
4.072695732116699
4.072691440582275
4.072688102722168
4.07268762588501
4.072686195373535
4.072683334350586
4.072683334350586
4.0726799964904785
4.072676181793213
4.072672367095947
4.072668552398682
4.072667121887207
4.072665214538574
4.0726637840271
4.072635650634766
4.0726318359375
4.0726318359375
4.072632312774658
4.072629928588867
4.072628021240234
4.0726237297058105
4.072622299194336
4.0726189613342285
4.072680473327637
4.072681427001953
4.07267951965332
4.0726752281188965
4.0726776123046875
4.072563171386719
4.07267427444458
4.0726728439331055
4.072653293609619
4.072650909423828
4.072767734527588
4.072644233703613
4.072641849517822
4.072638511657715
4.07336950302124
4.073240756988525
4.073240280151367
4.073237895965576
4.073239803314209
4.073238372802734
0.6351642608642578
0.6268312931060791
0.6195850968360901
0.6130176782608032
0.6071154475212097
0.6015199422836304
0.5964648127555847
0.5920094847679138
0.5878714323043823
0.5840020775794983
0.5804029703140259
0.5770704746246338
0.573958158493042
0.5712136030197144
0.5688154697418213
0.5668104290962219
0.5653089284896851
0.5641555786132812
0.5633965134620667
0.5630207061767578
0.5631968379020691
0.5632378458976746
0.5628553628921509
0.5623714327812195
0.5617908239364624
0.5612146258354187
0.5606838464736938
0.5601615309715271
0.559750497341156
0.5594720244407654
0.5593843460083008
0.559415876865387
0.5595104098320007
0.559508204460144
0.5593876838684082
0.5591955184936523
0.5590127110481262
0.5588252544403076
0.5586259365081787
0.558524489402771
0.5584609508514404
0.5584391951560974
0.5584352016448975
0.5584207773208618
0.5583367347717285
0.5582373142242432
0.558184027671814
0.5580703020095825
0.5579922199249268
0.557959794998169
0.5579997301101685
0.558009684085846
0.5579447150230408
0.5579182505607605
0.5578476190567017
0.557780385017395
0.5577754378318787
0.5578045845031738
0.5578097105026245
0.5577980875968933
0.5577462911605835
0.5576897263526917
0.557742714881897
0.5578039288520813
0.5577820539474487
0.557726263999939
0.5576968193054199
0.5576856732368469
0.5577354431152344
0.557733416557312
0.5576680898666382
0.5576420426368713
0.5576356649398804
0.5576568245887756
0.5576692223548889
0.5576397776603699
0.5576080679893494
0.5576119422912598
0.5576214790344238
0.5576307773590088
0.557600736618042
0.5575969219207764
0.5576152205467224
0.557624340057373
0.5576137900352478
0.5576174259185791
0.5576435923576355
0.5576332807540894
0.5576497912406921
0.5576348304748535
0.5576030611991882
0.5576232671737671
0.557647168636322
0.5576586723327637
0.5576397776603699
0.557620644569397
0.5576148629188538
0.5576179623603821
0.5576424598693848
0.5576309561729431
