14.323847770690918
13.75967788696289
13.21841049194336
12.67714786529541
12.135881423950195
11.594616889953613
11.19414234161377
10.512084007263184
9.970819473266602
9.429555892944336
9.457376480102539
9.31895923614502
8.873231887817383
8.204364776611328
8.043685913085938
7.924344062805176
7.753213882446289
7.537664413452148
7.283787727355957
6.996685028076172
6.680647850036621
6.339320182800293
5.97581672668457
5.592804908752441
5.192597389221191
4.825043678283691
4.618379592895508
4.241649627685547
3.9855897426605225
3.699599266052246
3.3869504928588867
3.204540967941284
2.818632125854492
2.640664577484131
2.985189914703369
3.1260297298431396
2.9745147228240967
3.0770792961120605
3.2883734703063965
3.423161745071411
3.489326000213623
3.493932008743286
3.443288803100586
3.3430442810058594
3.1982691287994385
3.0134947299957275
2.7927920818328857
2.539801597595215
2.742432117462158
2.691051483154297
2.77752423286438
2.8353824615478516
3.020285129547119
3.0687034130096436
2.9866530895233154
3.0235202312469482
3.0024142265319824
2.929164409637451
2.8090133666992188
2.7466237545013428
2.565243721008301
2.562974452972412
2.6749284267425537
2.521388292312622
2.575063705444336
2.6742191314697266
2.6877970695495605
2.663116216659546
2.6093854904174805
2.5721683502197266
2.591554880142212
2.4985103607177734
2.4873719215393066
2.3808016777038574
2.423898935317993
2.408538818359375
2.4154067039489746
2.4753479957580566
2.4382681846618652
2.438546657562256
2.4204282760620117
2.4928479194641113
2.4370999336242676
2.5577590465545654
2.579650402069092
2.479496479034424
2.585610866546631
2.5747299194335938
2.4331002235412598
2.5337352752685547
2.449631690979004
2.562582492828369
2.6081130504608154
2.520772933959961
2.503021240234375
2.4763197898864746
2.509443521499634
2.6466667652130127
2.575333595275879
2.419435977935791
2.4552807807922363
2.4368062019348145
2.4125723838806152
2.4010672569274902
2.393972873687744
2.409452199935913
2.4017810821533203
2.377218008041382
2.374662399291992
2.370913505554199
2.360841751098633
2.381019353866577
2.3870646953582764
2.385854721069336
2.3832380771636963
2.383028030395508
2.382540702819824
2.3778796195983887
2.376063346862793
2.3720474243164062
2.3573412895202637
2.3884520530700684
2.398224353790283
2.3859546184539795
2.3787379264831543
2.3916749954223633
2.4014549255371094
2.389301300048828
2.3811845779418945
2.3836450576782227
2.392651081085205
2.3856983184814453
2.3592844009399414
2.3826255798339844
2.3886098861694336
2.3824379444122314
2.380162477493286
2.380319118499756
2.380002975463867
2.375641345977783
2.3740439414978027
2.372893810272217
2.358201026916504
2.387143611907959
2.396955966949463
2.3851170539855957
2.3798153400421143
2.3910536766052246
2.4006054401397705
2.3886160850524902
31.628673553466797
31.138368606567383
30.434724807739258
29.596460342407227
28.66355323791504
27.66046714782715
26.606225967407227
25.51377296447754
24.392126083374023
23.25005531311035
22.108476638793945
21.082195281982422
20.147775650024414
19.233722686767578
18.34830665588379
17.54766082763672
16.795398712158203
16.078962326049805
15.389118194580078
14.727093696594238
14.090865135192871
13.488809585571289
12.946918487548828
12.454269409179688
11.984822273254395
11.529001235961914
11.07548713684082
10.624512672424316
10.18117904663086
9.765594482421875
9.385736465454102
9.038908004760742
8.712991714477539
8.399662017822266
8.09321403503418
7.792682647705078
7.494120121002197
7.189703941345215
6.88651180267334
6.602388858795166
6.351866722106934
6.128974914550781
5.917990207672119
5.711631774902344
5.509796619415283
5.3174357414245605
5.137944221496582
4.978396415710449
4.858838081359863
4.761837005615234
4.6710920333862305
4.582516670227051
4.490616798400879
4.392518997192383
4.2900519371032715
4.188467502593994
4.093533515930176
4.00813627243042
3.9373841285705566
3.8868374824523926
3.86198091506958
3.8500747680664062
3.8449792861938477
3.842050552368164
3.8332231044769287
3.821563959121704
3.808556318283081
3.793951988220215
3.778825521469116
3.7645552158355713
3.751652956008911
3.7386860847473145
3.726264238357544
3.7124805450439453
3.695260524749756
3.6774797439575195
3.663787364959717
3.6513965129852295
3.6401166915893555
3.6305108070373535
3.622565746307373
3.618842601776123
3.615783214569092
3.6130213737487793
3.6101903915405273
3.607898235321045
3.605245590209961
3.602762222290039
3.600057363510132
3.597041606903076
3.5925943851470947
3.590839385986328
3.5891106128692627
3.587353229522705
3.58614182472229
3.5832698345184326
3.583371639251709
3.5825772285461426
3.5793654918670654
3.581563949584961
3.582719326019287
3.581648826599121
3.5784895420074463
3.579324722290039
3.582329034805298
3.5822229385375977
3.579280376434326
3.5760185718536377
3.5771772861480713
3.578639507293701
3.577888011932373
3.5751395225524902
3.573352336883545
3.5764708518981934
3.5769972801208496
3.5747694969177246
3.5734095573425293
3.574979782104492
3.5742297172546387
3.5721359252929688
3.5737881660461426
3.573643445968628
3.57096266746521
3.573784351348877
3.5753767490386963
3.574798107147217
3.572251319885254
3.572679042816162
3.575173854827881
3.575561046600342
3.573225975036621
3.5714428424835205
3.5745368003845215
3.5763871669769287
3.5759973526000977
3.573629856109619
3.5702130794525146
3.5720324516296387
3.572427272796631
3.5701828002929688
3.572049140930176
3.5736165046691895
3.5730650424957275
3.570557117462158
3.57149600982666
3.573106050491333
3.572023391723633
3.569197654724121
3.5708351135253906
3.5708518028259277
3.5690865516662598
3.5690970420837402
3.5690436363220215
3.5689353942871094
3.56884503364563
3.5687313079833984
3.5686988830566406
3.568636178970337
3.5685179233551025
3.5683517456054688
3.568164348602295
3.568260431289673
3.5683608055114746
3.568385124206543
3.5684497356414795
3.568355083465576
3.568298816680908
3.568190336227417
3.568122148513794
3.5679612159729004
3.567981004714966
3.5679872035980225
3.568021297454834
3.5679526329040527
3.567905902862549
3.5679097175598145
3.5677809715270996
3.567783832550049
3.567849636077881
3.567910671234131
3.567845344543457
3.5677528381347656
3.5677695274353027
3.5676488876342773
3.5677599906921387
3.567800760269165
3.56764554977417
3.5677175521850586
3.5677216053009033
3.5676653385162354
3.5675525665283203
3.567425489425659
3.567430257797241
3.567533254623413
3.567460536956787
3.5674285888671875
3.5673394203186035
3.567284345626831
3.5672969818115234
3.567317008972168
3.5672662258148193
3.56722354888916
3.567180633544922
3.567218780517578
3.5671682357788086
3.5671470165252686
3.5670695304870605
3.567086935043335
3.567091464996338
3.5670416355133057
3.5671608448028564
3.5670807361602783
3.56699275970459
3.56697940826416
3.566990613937378
3.5669727325439453
3.5668811798095703
3.56681489944458
3.566781759262085
3.566800355911255
3.566790819168091
3.566727638244629
3.566739082336426
3.566708564758301
3.5667030811309814
3.5666680335998535
3.5666344165802
3.5666685104370117
3.5666520595550537
3.56662917137146
3.56656551361084
3.566619873046875
3.5665409564971924
3.566485643386841
3.5666093826293945
3.5665509700775146
3.566453456878662
3.566420078277588
3.566499710083008
3.5664875507354736
3.56632661819458
3.5664877891540527
3.5664210319519043
3.566296100616455
3.566301107406616
3.566352367401123
3.5663564205169678
3.5662994384765625
3.5661866664886475
3.566154956817627
3.566208839416504
3.566218376159668
3.5662269592285156
3.566220760345459
3.566159248352051
3.566108226776123
3.566197395324707
3.566181182861328
3.56630802154541
3.5663862228393555
3.5663881301879883
3.5663318634033203
3.566216468811035
3.5661263465881348
3.5660834312438965
3.566256046295166
3.5662567615509033
3.5662946701049805
3.566331386566162
3.5663328170776367
3.566244602203369
3.5661299228668213
3.56611967086792
3.5661463737487793
3.5661535263061523
3.5662920475006104
3.5662660598754883
3.566210985183716
3.5662310123443604
3.5661935806274414
3.566098690032959
3.5660393238067627
3.5661139488220215
3.566126823425293
3.566075325012207
3.5660645961761475
3.5660579204559326
3.566110610961914
3.566129207611084
3.566084623336792
3.566211700439453
3.5661463737487793
3.5660548210144043
3.5660672187805176
3.566091537475586
3.566086530685425
3.566049575805664
3.5660271644592285
3.5659990310668945
3.5661351680755615
3.5661325454711914
3.56603741645813
3.5660691261291504
3.5660955905914307
3.5660033226013184
3.5659871101379395
3.5661284923553467
3.5660924911499023
3.5660557746887207
3.566084384918213
3.5660042762756348
3.5661659240722656
3.5661046504974365
3.566023349761963
3.566061019897461
3.5660505294799805
3.5660741329193115
3.5660314559936523
3.5659384727478027
3.566054105758667
3.5661091804504395
3.5661261081695557
3.566127300262451
3.5660786628723145
3.5660226345062256
3.5659523010253906
3.5660576820373535
3.5660512447357178
3.566117763519287
3.566180944442749
3.5661866664886475
3.56611967086792
3.566012382507324
3.566047191619873
3.566009283065796
3.566013813018799
3.566286563873291
3.5662941932678223
3.566067695617676
3.566063404083252
3.5660040378570557
3.5660014152526855
3.5659637451171875
3.5660386085510254
3.5660433769226074
3.5659923553466797
3.5659704208374023
3.5658974647521973
3.5660877227783203
3.566101551055908
128.1769561767578
112.52540588378906
98.72949981689453
87.50299835205078
77.4314956665039
71.0107421875
66.0522232055664
60.567779541015625
54.446800231933594
47.83198165893555
40.66767120361328
35.01676940917969
29.741600036621094
24.307212829589844
21.41585350036621
20.17574119567871
17.501495361328125
14.488171577453613
14.1209135055542
14.683158874511719
15.772939682006836
16.46145248413086
16.602136611938477
16.047264099121094
16.474103927612305
16.229103088378906
15.09620189666748
14.3685884475708
13.428359985351562
12.506926536560059
11.586640357971191
10.724099159240723
10.512361526489258
10.355101585388184
10.0630521774292
9.902543067932129
9.102652549743652
8.671571731567383
8.388410568237305
8.124814987182617
8.240287780761719
8.455920219421387
8.111897468566895
7.461888313293457
7.6100358963012695
7.682247161865234
7.912664413452148
7.828907012939453
7.363471984863281
7.259832382202148
7.22794246673584
7.400331497192383
7.487735748291016
7.054871559143066
7.067212104797363
7.140403747558594
7.3553242683410645
7.128063201904297
6.784008026123047
6.434100151062012
6.639337062835693
7.05303955078125
6.9565019607543945
6.990002632141113
7.354872226715088
7.579530715942383
7.306797504425049
6.936748027801514
6.61361026763916
7.206573963165283
7.416511535644531
7.023509979248047
7.238683700561523
7.2700724601745605
6.772220134735107
7.024145126342773
6.696147918701172
6.463860511779785
6.427431106567383
6.640425205230713
6.811619758605957
6.703824043273926
6.373716831207275
6.653410911560059
6.257368087768555
6.6632208824157715
6.606861114501953
6.176653861999512
6.66891622543335
6.967604160308838
6.9144744873046875
6.51283597946167
6.667684555053711
6.712095260620117
7.020396709442139
6.643458366394043
6.316348075866699
6.947907447814941
7.23887300491333
7.2960734367370605
7.090239524841309
6.877362251281738
6.812445163726807
6.877189636230469
7.224912643432617
6.92935848236084
6.887310981750488
6.896141052246094
7.101027488708496
7.084897041320801
6.9454121589660645
6.936684608459473
6.948090553283691
7.106020450592041
6.879054069519043
6.659860610961914
6.590635776519775
6.522195816040039
6.425876617431641
6.618131637573242
6.67884635925293
6.599837303161621
6.856233596801758
6.447903633117676
6.680239677429199
6.52489709854126
6.735255718231201
6.535862445831299
6.641790390014648
6.569374084472656
6.718828201293945
6.742733955383301
6.591403961181641
6.73622989654541
6.9654340744018555
6.836744785308838
6.865056991577148
6.754590034484863
6.736400127410889
6.8417205810546875
7.383566379547119
7.4209699630737305
7.020033836364746
6.460282325744629
6.419260501861572
6.714070796966553
6.5287699699401855
6.705933570861816
6.586126327514648
6.6659417152404785
12.365463256835938
12.164365768432617
11.810818672180176
11.38652229309082
11.0347318649292
10.848812103271484
10.668642044067383
10.622926712036133
10.552229881286621
10.450907707214355
10.400114059448242
10.396404266357422
10.410249710083008
10.451387405395508
10.434236526489258
10.374265670776367
10.262126922607422
10.164264678955078
10.138996124267578
10.150442123413086
10.173791885375977
10.131797790527344
10.032417297363281
10.120668411254883
10.187247276306152
10.149879455566406
10.058412551879883
9.999683380126953
9.978982925415039
10.004486083984375
10.001288414001465
10.006866455078125
10.001382827758789
9.983105659484863
9.93539047241211
9.966798782348633
9.999532699584961
10.012060165405273
9.983016967773438
9.970354080200195
9.963985443115234
9.936387062072754
9.957155227661133
9.97854232788086
9.936015129089355
9.930248260498047
9.95068359375
9.950576782226562
9.945331573486328
9.946914672851562
11.050216674804688
11.693957328796387
11.503421783447266
11.064309120178223
10.81612491607666
10.741195678710938
10.676055908203125
10.53593635559082
10.314764022827148
10.206896781921387
10.176351547241211
10.16425609588623
10.162718772888184
10.141518592834473
10.214620590209961
10.292150497436523
10.27792739868164
10.150872230529785
10.081588745117188
10.154753684997559
10.150026321411133
10.118896484375
10.064945220947266
9.993671417236328
10.034231185913086
10.035801887512207
10.029341697692871
10.010719299316406
9.995383262634277
9.972345352172852
9.973359107971191
9.974529266357422
9.95812702178955
9.958983421325684
9.954407691955566
9.960230827331543
9.940559387207031
9.957130432128906
9.933819770812988
9.964885711669922
9.981846809387207
9.964680671691895
9.946386337280273
9.981834411621094
9.981243133544922
9.953360557556152
9.96334171295166
9.97819709777832
9.985081672668457
9.92135238647461
9.95052719116211
9.994354248046875
9.983981132507324
9.977039337158203
10.00149917602539
9.998316764831543
9.962074279785156
9.973519325256348
9.99810791015625
9.983466148376465
9.948712348937988
9.973221778869629
9.975010871887207
9.962350845336914
9.941309928894043
9.932744979858398
9.96658706665039
9.973885536193848
9.975494384765625
9.951082229614258
9.965548515319824
9.984850883483887
9.976811408996582
9.974287033081055
10.009960174560547
10.023663520812988
10.010026931762695
9.99732780456543
10.01032543182373
9.966024398803711
9.960721015930176
9.979747772216797
9.982259750366211
9.968828201293945
9.966751098632812
9.983980178833008
9.981245040893555
9.967445373535156
9.95339584350586
9.992949485778809
9.987815856933594
9.934043884277344
9.95786190032959
9.993680953979492
9.994155883789062
10.00008487701416
9.962366104125977
9.925775527954102
9.979813575744629
10.015630722045898
9.978861808776855
9.514076232910156
9.533405303955078
9.5462007522583
9.544471740722656
9.483097076416016
9.349206924438477
9.127059936523438
8.881282806396484
8.775253295898438
8.790151596069336
8.778685569763184
8.737310409545898
8.638723373413086
8.524993896484375
8.468439102172852
8.448189735412598
8.36611557006836
8.290348052978516
8.246254920959473
8.21002197265625
8.194304466247559
8.192577362060547
8.135884284973145
8.038677215576172
7.940101623535156
7.864408493041992
7.799071311950684
7.782059669494629
7.783105373382568
7.757800102233887
7.710710525512695
7.662890911102295
7.637852191925049
7.646163463592529
7.6397833824157715
7.621747016906738
7.585999488830566
7.5543999671936035
7.526097297668457
7.505118370056152
7.489954948425293
7.472996711730957
7.472896575927734
7.4743804931640625
7.461872100830078
7.443459510803223
7.427400588989258
7.412128925323486
7.403671741485596
7.393560886383057
7.386387825012207
7.382416725158691
7.377522945404053
7.368565082550049
7.358548641204834
7.357179641723633
7.35959529876709
7.3519816398620605
7.3501176834106445
7.352235794067383
7.347803115844727
7.342550277709961
7.341283798217773
7.338648796081543
7.336976051330566
7.338054180145264
7.3352861404418945
7.329502582550049
7.327905654907227
7.32822322845459
7.328303813934326
7.325656890869141
7.3225860595703125
7.323033332824707
7.32175350189209
7.319879531860352
7.3212738037109375
7.3219099044799805
7.321018218994141
7.3196821212768555
7.320404052734375
7.317973613739014
7.317595481872559
7.318711757659912
7.317135810852051
7.317553520202637
7.317578315734863
7.317863464355469
7.316205978393555
7.315263748168945
7.314754962921143
7.31477689743042
7.314209938049316
7.314518928527832
7.314035415649414
7.314682960510254
7.315072536468506
7.313859939575195
7.312904357910156
7.312509536743164
7.31212043762207
7.311504364013672
7.3112263679504395
7.311866760253906
7.313089370727539
7.312867164611816
7.312893867492676
7.3129353523254395
7.312796115875244
7.313005447387695
7.312658309936523
7.3122124671936035
7.3120527267456055
7.311933517456055
7.311627388000488
7.311417579650879
7.311312198638916
7.311914443969727
7.311941146850586
7.311917781829834
7.3119964599609375
7.311589241027832
7.311168670654297
7.311145782470703
7.311166763305664
7.3108906745910645
7.310925483703613
7.310662746429443
7.310905456542969
7.311196327209473
7.311059951782227
7.311107635498047
7.310713768005371
7.310629367828369
7.3100810050964355
7.30998420715332
7.309823036193848
7.309732913970947
7.310295581817627
7.30996036529541
7.310363292694092
7.310337066650391
7.310179710388184
7.3098554611206055
7.309610366821289
7.3094868659973145
7.309628963470459
7.309581279754639
7.309586048126221
7.30969762802124
7.30942964553833
7.3096466064453125
7.310060501098633
7.3097615242004395
7.309453010559082
7.3089985847473145
7.308820724487305
7.308845043182373
7.308831691741943
7.3090362548828125
7.30934476852417
7.309300422668457
7.309257507324219
7.30924654006958
7.309260845184326
7.308990478515625
7.308653831481934
7.308765411376953
7.30872106552124
7.308755397796631
7.309118270874023
7.309464931488037
7.309514045715332
7.309103965759277
7.309115409851074
7.309178829193115
7.308500289916992
7.308473110198975
7.308945655822754
7.3091230392456055
7.309072494506836
7.309091567993164
7.3092041015625
7.309451580047607
7.309600830078125
7.309225082397461
7.308979034423828
7.308570861816406
7.308565139770508
7.30870246887207
7.308694362640381
7.308709144592285
7.309013843536377
7.309392929077148
7.309440612792969
7.309422492980957
7.3089141845703125
7.3085503578186035
7.308511734008789
7.308472633361816
7.308746814727783
7.308749198913574
7.308762550354004
7.309558391571045
7.3091559410095215
7.309192180633545
7.309106349945068
7.308816432952881
7.308462142944336
7.308419704437256
7.30840539932251
7.308394432067871
7.308631420135498
7.308662414550781
7.308987617492676
7.309259414672852
7.3089599609375
7.308706760406494
7.30853271484375
7.308261871337891
7.308262825012207
7.308287143707275
7.308502197265625
7.308424949645996
7.308489799499512
7.308812618255615
7.30880880355835
7.308354377746582
7.308349609375
7.308396339416504
7.308393478393555
7.3084001541137695
7.3085479736328125
7.308686256408691
7.3084917068481445
7.308437824249268
7.308683395385742
7.308361053466797
7.308367729187012
7.308389186859131
7.3083086013793945
7.308319091796875
7.308462142944336
7.308451175689697
7.3083109855651855
7.308521270751953
7.308220863342285
7.308283805847168
7.308308124542236
7.3082475662231445
7.308229446411133
7.308225631713867
7.308238983154297
7.308307647705078
7.308370590209961
7.308658123016357
7.3083696365356445
7.308346271514893
7.308346748352051
7.30832576751709
7.308282852172852
7.308259963989258
7.308293342590332
7.308335304260254
7.308379173278809
7.308661460876465
7.308374404907227
7.308351516723633
7.30831241607666
7.308255195617676
7.308122158050537
7.3081159591674805
7.308093547821045
7.308231830596924
7.30858039855957
7.308079719543457
7.308111190795898
7.308121681213379
7.308123588562012
7.308121681213379
7.308358192443848
7.308353900909424
7.308312892913818
7.3083391189575195
7.308024883270264
7.308030128479004
7.308072566986084
7.30820369720459
7.308234214782715
7.308222770690918
7.3081374168396
7.308110237121582
7.30808687210083
7.3083624839782715
7.3080620765686035
7.3081135749816895
7.308142185211182
7.30819845199585
7.30818510055542
0.6476668119430542
0.6410133242607117
0.6347357034683228
0.6287781000137329
0.6235126852989197
0.6186187267303467
0.6141594648361206
0.6100894808769226
0.6062444448471069
0.6026132702827454
0.59920734167099
0.5959716439247131
0.5928475260734558
0.5899772644042969
0.587328314781189
0.5849215388298035
0.5828480124473572
0.5811150670051575
0.5799037218093872
0.5792447924613953
0.5791144967079163
0.5792531967163086
0.5790668725967407
0.5787636041641235
0.5783547759056091
0.5779147148132324
0.5774646997451782
0.576995849609375
0.5765976905822754
0.5763073563575745
0.576171875
0.5761812329292297
0.5763082504272461
0.5763718485832214
0.5763264894485474
0.5761911273002625
0.5760223865509033
0.5758340954780579
0.5756414532661438
0.5755348205566406
0.5755029916763306
0.5755044221878052
0.5755316615104675
0.5755194425582886
0.5754449367523193
0.575351893901825
0.5752851963043213
0.5752149224281311
0.5751875638961792
0.5751723647117615
0.5751850605010986
0.5751731395721436
0.5751222372055054
0.5750978589057922
0.5750654339790344
0.5750314593315125
0.5750125050544739
0.5750178098678589
0.5750188231468201
0.5750157237052917
0.5749915242195129
0.5749621391296387
0.5749726891517639
0.5749915838241577
0.5749826431274414
0.5749610066413879
0.5749422311782837
0.5749353170394897
0.5749564170837402
0.5749556422233582
0.5749274492263794
0.5749089121818542
0.5749010443687439
0.5749131441116333
0.5749182105064392
0.5749052166938782
0.5748924016952515
0.5748894214630127
0.5748923420906067
0.5749009847640991
0.5748900771141052
0.5748796463012695
0.5748891830444336
0.5749004483222961
0.5748938322067261
0.5748938322067261
0.5749040842056274
0.574898898601532
0.5749083757400513
0.5749062299728394
0.5748904943466187
0.5748967528343201
0.5749051570892334
0.5749052166938782
0.5749022960662842
0.5748951435089111
0.5748918652534485
0.5748976469039917
0.5749084949493408
0.5748989582061768
