14.99140453338623
13.367607116699219
12.07744312286377
12.063591003417969
11.718256950378418
11.024816513061523
10.11319637298584
9.371115684509277
8.96304988861084
8.597500801086426
8.017049789428711
7.268287181854248
6.664790153503418
6.123526573181152
5.806354999542236
5.346234321594238
4.721899509429932
3.959663152694702
3.417198419570923
2.8764023780822754
3.0970051288604736
2.9352738857269287
2.3949339389801025
1.727454423904419
1.2457563877105713
1.0654568672180176
1.0820567607879639
1.2585177421569824
1.033550500869751
0.6436645984649658
0.8652791380882263
1.0075793266296387
1.0790958404541016
1.0873780250549316
1.0679274797439575
0.9403228759765625
0.7962450385093689
0.6116271018981934
0.7400766015052795
0.7509708404541016
0.4916846752166748
0.639595091342926
0.8056148886680603
0.6962448358535767
0.8164361119270325
0.9025871753692627
0.9254977107048035
0.8915930986404419
0.8834525942802429
0.6757661700248718
0.5036503076553345
0.49686431884765625
0.49532800912857056
0.5484879016876221
0.6685629487037659
0.6693065166473389
0.7198125123977661
0.7620751857757568
0.7458582520484924
0.6770268082618713
0.5608722567558289
0.4021376371383667
0.43793022632598877
0.5610480904579163
0.6176486611366272
0.614398717880249
0.5572929978370667
0.5407586693763733
0.42260587215423584
0.5742102861404419
0.6409153342247009
0.4557371139526367
0.59366375207901
0.7176071405410767
0.5924791097640991
0.4991888999938965
0.7618218660354614
0.8558675646781921
0.709100067615509
0.46500861644744873
0.5650565028190613
0.5786478519439697
0.3639042377471924
0.6961792707443237
0.8459463715553284
0.7582962512969971
0.46570152044296265
0.5074948072433472
0.5775690078735352
0.42162835597991943
0.5783498287200928
0.6814643740653992
0.5585283041000366
0.40871500968933105
0.4861071705818176
0.343438982963562
0.6384328007698059
0.7318809628486633
0.6063386797904968
0.3576233983039856
0.4377812147140503
0.42429119348526
0.391601026058197
0.34881383180618286
0.35169273614883423
0.3764137625694275
0.37813931703567505
0.3593146800994873
0.3283262252807617
0.34911036491394043
0.3540530800819397
0.3381982445716858
0.34050941467285156
0.3649502992630005
0.3677770495414734
0.3501579165458679
0.33394843339920044
0.3666102886199951
0.380474328994751
0.37287473678588867
0.34606754779815674
0.3409639000892639
0.36056190729141235
0.35830140113830566
0.33646225929260254
0.34592151641845703
0.3615662455558777
0.3559574484825134
0.3376960754394531
0.3393977880477905
0.34461915493011475
0.32972246408462524
0.34622400999069214
0.35627782344818115
0.3458291292190552
0.3260180354118347
0.33251941204071045
0.3246039152145386
0.3416478633880615
0.3380998969078064
0.3274455666542053
0.3283679485321045
0.3331109881401062
0.3333777189254761
0.32878369092941284
0.33285021781921387
0.3269672393798828
0.3310292959213257
0.3275349736213684
0.32492727041244507
42.7854118347168
42.213043212890625
41.439422607421875
40.53709411621094
39.54425048828125
38.484580993652344
37.37350845336914
36.22441101074219
35.0485954284668
33.85283279418945
32.64391326904297
31.424448013305664
30.199893951416016
28.97520637512207
27.751590728759766
26.52945327758789
25.31216812133789
24.10194206237793
22.89876937866211
21.70413589477539
20.51718521118164
19.34033966064453
18.172964096069336
17.0147762298584
15.866745948791504
14.72970962524414
13.636181831359863
12.636658668518066
11.701518058776855
10.804646492004395
9.93195915222168
9.073145866394043
8.225371360778809
7.408276081085205
6.74561882019043
6.191900253295898
5.717136383056641
5.2832112312316895
4.866686820983887
4.4486403465271
4.028160095214844
3.630624771118164
3.276494026184082
2.953057289123535
2.644425392150879
2.3561978340148926
2.129396677017212
2.0664262771606445
2.0220463275909424
1.9744526147842407
1.9575650691986084
1.9499990940093994
1.9395899772644043
1.9119069576263428
1.8619203567504883
1.7906092405319214
1.6941096782684326
1.5735414028167725
1.4238972663879395
1.2676689624786377
1.1458410024642944
1.0805151462554932
1.0647355318069458
1.0905978679656982
1.1205576658248901
1.1235581636428833
1.0942109823226929
1.0385171175003052
0.972819983959198
0.9203624129295349
0.8895379304885864
0.8755067586898804
0.8738784193992615
0.8779351115226746
0.8774644732475281
0.8638479113578796
0.8421475291252136
0.8224188089370728
0.8099198341369629
0.8029534816741943
0.7992395162582397
0.7951165437698364
0.7885037660598755
0.7790162563323975
0.7699196338653564
0.763392448425293
0.7631051540374756
0.7621495723724365
0.7594612836837769
0.7579509019851685
0.7556602954864502
0.751105546951294
0.7480267882347107
0.7454645037651062
0.7427940964698792
0.7426462173461914
0.7417572736740112
0.7392637729644775
0.7395775318145752
0.7397184371948242
0.7400186061859131
0.7375509738922119
0.7349040508270264
0.7357316017150879
0.7363147735595703
0.7352486848831177
0.7326830625534058
0.7317322492599487
0.7350021600723267
0.7349103689193726
0.7318134307861328
0.7294454574584961
0.7308115363121033
0.7305799722671509
0.7287669777870178
0.729779839515686
0.7305529117584229
0.7286143898963928
0.7274872064590454
0.7288275957107544
0.7290879487991333
0.727532148361206
0.7276561260223389
0.7283855080604553
0.7265265583992004
0.7270376682281494
0.7270344495773315
0.7254238128662109
0.7260527610778809
0.7259879112243652
0.7258532643318176
0.7254184484481812
0.7261029481887817
0.7255258560180664
0.7261680364608765
0.7263163328170776
0.725975751876831
0.7255292534828186
0.7251263856887817
0.7254806756973267
0.724795937538147
0.7253431081771851
0.7252402305603027
0.7261976599693298
0.7254049181938171
0.7256783246994019
0.7256256341934204
0.7247473001480103
0.7247536182403564
0.7248526811599731
0.7254235744476318
0.7252312898635864
0.7249132394790649
0.7247235774993896
0.724489152431488
0.7242187857627869
0.7242687940597534
0.7245005965232849
0.7245368957519531
0.7243949174880981
0.7240926027297974
0.7238225936889648
0.7238836288452148
0.7240035533905029
0.7239786386489868
0.7237023711204529
0.7236893177032471
0.723869800567627
0.723857045173645
0.7236700057983398
0.7234820127487183
0.7235631942749023
0.723383903503418
0.7236330509185791
0.72372967004776
0.7236410975456238
0.7233936190605164
0.7235116362571716
0.7236354947090149
0.7235143184661865
0.7234398126602173
0.7233151197433472
0.7234660983085632
0.7235133647918701
0.7233841419219971
0.7231485843658447
0.7232933044433594
0.72323077917099
0.7231690883636475
0.7232016921043396
0.7231113910675049
0.7231255769729614
0.7230063676834106
0.7231814861297607
0.7232317924499512
0.7231051921844482
0.7230876684188843
0.7231518626213074
0.7231554985046387
0.7230695486068726
0.7229394912719727
0.7230716943740845
0.7231099605560303
0.72297203540802
0.722854733467102
0.7229022979736328
0.7227965593338013
0.7228375673294067
0.7227445840835571
0.7228513956069946
0.7228276133537292
0.7227509021759033
0.722855269908905
0.7228906154632568
0.722746729850769
0.7227892875671387
0.7228374481201172
0.7228789925575256
0.7227402329444885
0.7226042747497559
0.7226580381393433
0.7226899266242981
0.7225478887557983
0.7226676940917969
0.7227232456207275
0.7225630879402161
0.7225289344787598
0.7224342226982117
0.7224127650260925
0.7224735021591187
0.7225422263145447
0.7225434184074402
0.7224867939949036
0.7223854064941406
0.722496747970581
0.7224938869476318
0.7223234176635742
0.7223918437957764
0.7224761843681335
0.7223013639450073
0.7223230004310608
0.7224249839782715
0.722346305847168
0.7221033573150635
0.7224501371383667
0.7225761413574219
0.7224472165107727
0.7221803665161133
0.7222021818161011
0.7223063707351685
0.7222306132316589
0.7221001982688904
0.7221397161483765
0.72212153673172
0.7220519781112671
0.7219862937927246
0.722059428691864
0.7221779823303223
0.7220982909202576
0.722074031829834
0.7219804525375366
0.722021758556366
0.7220600843429565
0.7220832109451294
0.7220900654792786
0.7220818996429443
0.7221090793609619
0.7220456600189209
0.722010612487793
0.7220706939697266
0.7219586372375488
0.7222459316253662
0.7223084568977356
0.7221143841743469
0.722159743309021
0.7223038077354431
0.7222616076469421
0.722093939781189
0.7220437526702881
0.7220197319984436
0.7220372557640076
0.7220495343208313
0.7220426201820374
0.7220865488052368
0.7220696806907654
0.7220007181167603
0.7220706939697266
0.722038984298706
0.721993088722229
0.721977949142456
0.7220779061317444
0.7221082448959351
0.7220309972763062
0.7220348119735718
0.7219525575637817
0.7220863103866577
0.7221381664276123
0.722020149230957
0.7220947742462158
0.7221801280975342
0.7222001552581787
0.7221223711967468
0.7220074534416199
0.7222473621368408
0.7223342657089233
0.7222445011138916
0.7219997644424438
0.722159743309021
0.7223362922668457
0.7222516536712646
0.7219668626785278
0.7220847606658936
0.7221887707710266
0.7221219539642334
0.7218955755233765
0.7219702005386353
0.7218819260597229
0.7219732999801636
0.7219440937042236
0.7219145894050598
0.721966564655304
0.7219043970108032
0.722014307975769
0.7219942808151245
0.72198086977005
0.7220160961151123
0.7219900488853455
0.7219160795211792
0.7218967080116272
0.721957266330719
0.7219774723052979
0.7219914793968201
0.7219611406326294
0.721969723701477
0.7218862771987915
0.7219390869140625
0.7219299674034119
0.7218741178512573
0.7220214605331421
0.7219918966293335
0.7218706607818604
0.7221184968948364
0.722095787525177
0.7218434810638428
0.7220478057861328
0.7221142649650574
0.7219998240470886
0.7218796610832214
0.7219167947769165
0.7218540906906128
115.93022155761719
111.24322509765625
107.16657257080078
103.4481430053711
99.53780364990234
95.47392272949219
91.33486938476562
87.16802215576172
83.17252349853516
79.6003189086914
75.83557891845703
72.24818420410156
68.85009765625
65.53016662597656
62.322914123535156
59.216407775878906
56.650482177734375
54.151248931884766
51.46794509887695
48.6790885925293
46.04997253417969
43.876220703125
41.9041748046875
39.70021057128906
37.71149444580078
35.619319915771484
33.80546569824219
32.68118667602539
31.488977432250977
30.53562355041504
29.200965881347656
27.736122131347656
26.40110969543457
25.271543502807617
24.28447151184082
23.0872745513916
21.741182327270508
20.343595504760742
18.770652770996094
17.371238708496094
16.21454429626465
15.376264572143555
14.507363319396973
13.687542915344238
12.651266098022461
11.41706371307373
10.048105239868164
8.580667495727539
7.231339931488037
6.174673080444336
5.315357208251953
4.706712245941162
4.040262222290039
3.49293851852417
3.0206069946289062
2.83101224899292
2.9184446334838867
3.0199050903320312
3.103520631790161
3.1218271255493164
3.082023859024048
3.184904098510742
3.1592864990234375
3.232998847961426
3.062453031539917
2.9174342155456543
3.058671236038208
3.050095796585083
3.0105342864990234
2.9001545906066895
2.7351388931274414
2.6645090579986572
2.5683810710906982
2.4931204319000244
2.3351783752441406
2.2964682579040527
2.1758899688720703
2.1612982749938965
2.113154649734497
2.0899839401245117
2.031775951385498
2.0834803581237793
1.9837400913238525
1.694504976272583
1.9025959968566895
2.0390305519104004
2.0411245822906494
1.9014699459075928
1.838344693183899
1.7774558067321777
1.8086347579956055
1.7581528425216675
1.7765557765960693
1.780680537223816
1.7116925716400146
1.568084478378296
1.7029800415039062
1.728676438331604
1.581939697265625
1.5712826251983643
1.6716105937957764
1.580323576927185
1.5362746715545654
1.5748791694641113
1.6071197986602783
1.6762135028839111
1.5673506259918213
1.6266098022460938
1.6794930696487427
1.751471757888794
1.68935227394104
1.5201318264007568
1.7106568813323975
1.8252995014190674
1.7334043979644775
1.6514190435409546
1.607224464416504
1.619388222694397
1.6654568910598755
1.5013954639434814
1.6313385963439941
1.644330382347107
1.7148851156234741
1.7225606441497803
1.6091054677963257
1.6473472118377686
1.6373716592788696
1.5648493766784668
1.6095309257507324
1.570223093032837
1.5933605432510376
1.5918974876403809
1.4659473896026611
1.5669631958007812
1.550167202949524
1.578614592552185
1.613883137702942
1.7311491966247559
1.6047286987304688
1.500059962272644
1.6976580619812012
1.8198401927947998
1.8561906814575195
1.7506555318832397
1.6538747549057007
1.5321364402770996
1.612165927886963
1.7810791730880737
1.732345461845398
1.5051318407058716
20.837505340576172
20.79186248779297
20.7415771484375
20.679651260375977
20.607730865478516
20.5467586517334
20.480804443359375
20.463891983032227
20.389406204223633
20.31043243408203
20.223583221435547
20.140079498291016
20.07505989074707
20.042390823364258
20.013620376586914
19.997371673583984
19.982215881347656
19.95939064025879
19.93168067932129
19.912513732910156
19.890810012817383
19.86302375793457
19.83536148071289
19.798776626586914
19.766071319580078
19.725830078125
19.68328285217285
19.645917892456055
19.607378005981445
19.593793869018555
19.595977783203125
19.597320556640625
19.597137451171875
19.59031105041504
19.584815979003906
19.579498291015625
19.569643020629883
19.573692321777344
19.581708908081055
19.599510192871094
19.600019454956055
19.613412857055664
19.619726181030273
19.626962661743164
19.628097534179688
19.631105422973633
19.62710189819336
19.62009048461914
19.613924026489258
19.606632232666016
19.594717025756836
19.58660316467285
19.572772979736328
19.566905975341797
19.56468391418457
19.554500579833984
19.548845291137695
19.541038513183594
19.53738021850586
19.538965225219727
19.542600631713867
19.545879364013672
19.551366806030273
19.555524826049805
19.556032180786133
19.558170318603516
19.561416625976562
19.56400489807129
19.57706642150879
19.581562042236328
19.58380126953125
19.583118438720703
19.583528518676758
19.5875186920166
19.58563995361328
19.587535858154297
19.584016799926758
19.582286834716797
19.579235076904297
19.58039093017578
19.577573776245117
19.575435638427734
19.573205947875977
19.573312759399414
19.574968338012695
19.575592041015625
19.57333755493164
19.573747634887695
19.574382781982422
19.57363510131836
19.571659088134766
19.57147216796875
19.57136344909668
19.572044372558594
19.571208953857422
19.572206497192383
19.572010040283203
19.5718936920166
19.570262908935547
19.571170806884766
19.569194793701172
19.569080352783203
19.568504333496094
19.56838607788086
19.568004608154297
19.56634521484375
19.567138671875
19.567005157470703
19.567026138305664
19.566753387451172
19.566434860229492
19.566980361938477
19.565793991088867
19.56554412841797
19.565202713012695
19.565494537353516
19.5650577545166
19.56482696533203
19.56412696838379
19.563920974731445
19.563642501831055
19.563295364379883
19.561363220214844
19.561439514160156
19.562217712402344
19.56209945678711
19.56174659729004
19.56184959411621
19.561580657958984
19.561235427856445
19.560964584350586
19.560718536376953
19.560470581054688
19.560056686401367
19.55980682373047
19.5595645904541
19.55939292907715
19.55913543701172
19.55900001525879
19.558744430541992
19.558488845825195
19.558223724365234
19.557842254638672
19.557573318481445
19.55731201171875
19.557180404663086
19.556961059570312
19.55661392211914
19.556224822998047
19.55596351623535
19.55569076538086
19.078794479370117
18.62236785888672
18.163209915161133
17.700092315673828
17.221548080444336
16.727697372436523
16.236705780029297
15.726469039916992
15.218843460083008
14.71426010131836
14.21161937713623
13.698060989379883
13.164813041687012
12.62885570526123
12.10381031036377
11.628423690795898
11.17839241027832
10.796327590942383
10.502144813537598
10.27171802520752
10.081706047058105
9.934086799621582
9.815251350402832
9.711762428283691
9.606950759887695
9.485505104064941
9.369903564453125
9.235093116760254
9.074287414550781
8.899283409118652
8.721946716308594
8.525382041931152
8.313739776611328
8.099157333374023
7.8932929039001465
7.701648235321045
7.524960517883301
7.3579206466674805
7.205365180969238
7.071425914764404
6.9376702308654785
6.8129096031188965
6.686773777008057
6.576724529266357
6.488786697387695
6.4141154289245605
6.330847263336182
6.2354559898376465
6.121654510498047
6.013562202453613
5.916754722595215
5.8219523429870605
5.7592926025390625
5.722085475921631
5.680701732635498
5.648913860321045
5.611130237579346
5.5792155265808105
5.541904926300049
5.508273124694824
5.477480411529541
5.447691917419434
5.423733711242676
5.406068801879883
5.378077983856201
5.345139503479004
5.307989120483398
5.271173477172852
5.237423419952393
5.206337928771973
5.1755146980285645
5.142952919006348
5.112226486206055
5.081273555755615
5.05172061920166
5.018710613250732
4.986560821533203
4.953351974487305
4.917194843292236
4.879736423492432
4.84257698059082
4.803275108337402
4.764456748962402
4.727880954742432
4.693663120269775
4.6559343338012695
4.617463111877441
4.580104827880859
4.542002201080322
4.507744312286377
4.473191738128662
4.439386367797852
4.4074907302856445
4.369781017303467
4.33076286315918
4.287822723388672
4.246269226074219
4.204850196838379
4.162471294403076
4.118870735168457
4.0638604164123535
4.006194114685059
3.947852849960327
3.8908350467681885
3.85141921043396
3.823793649673462
3.804090976715088
3.7802367210388184
3.7505295276641846
3.71510648727417
3.6785049438476562
3.6397132873535156
3.6009764671325684
3.559231996536255
3.5155038833618164
3.470412254333496
3.433462381362915
3.3948862552642822
3.362297773361206
3.332427740097046
3.305968761444092
3.278122663497925
3.2464284896850586
3.211880683898926
3.1766607761383057
3.1428422927856445
3.1082098484039307
3.075328826904297
3.0488333702087402
3.0184459686279297
2.990516424179077
2.9637739658355713
2.9312069416046143
2.9028708934783936
2.8747916221618652
2.8489327430725098
2.8227102756500244
2.7966957092285156
2.7734408378601074
2.749876022338867
2.727353096008301
2.713587760925293
2.6978626251220703
2.6875052452087402
2.6809017658233643
2.676056385040283
2.671421766281128
2.671947717666626
2.6718873977661133
2.6718974113464355
2.671830177307129
2.673069477081299
2.6737606525421143
2.672980546951294
2.6728248596191406
2.6763923168182373
2.6771697998046875
2.6775248050689697
2.6762912273406982
2.677243709564209
2.6776113510131836
2.677846908569336
2.6764583587646484
2.675954580307007
2.6754775047302246
2.675539493560791
2.6752774715423584
2.6740591526031494
2.6740798950195312
2.6766257286071777
2.6749701499938965
2.67653489112854
2.674731731414795
2.674971580505371
2.674013614654541
2.672785997390747
2.6751394271850586
2.6748454570770264
2.676564931869507
2.673205852508545
2.673502206802368
2.6724185943603516
2.6736836433410645
2.6731739044189453
2.672283887863159
2.676584243774414
2.674220323562622
2.6751368045806885
2.674666166305542
2.673861503601074
2.6748547554016113
2.6749320030212402
2.67588472366333
2.6758410930633545
2.6762428283691406
2.677349328994751
2.6770517826080322
2.677119731903076
2.6760470867156982
2.6762776374816895
2.6774556636810303
2.678314685821533
2.6796016693115234
2.6792802810668945
2.678980588912964
2.6787779331207275
2.6805171966552734
2.6820409297943115
2.683929681777954
2.6839215755462646
2.6859397888183594
2.6862449645996094
2.6861672401428223
2.686110496520996
2.685018301010132
2.68460750579834
2.6829869747161865
2.6832194328308105
2.6830265522003174
2.682729482650757
2.682046413421631
2.6824731826782227
2.6821389198303223
2.678950071334839
2.67695689201355
2.6771204471588135
2.676086664199829
2.6762120723724365
2.6758079528808594
2.675945997238159
2.674651861190796
2.670694589614868
2.672543525695801
2.6703004837036133
2.6697776317596436
2.6693248748779297
2.6696135997772217
2.6694164276123047
2.670024871826172
2.6698384284973145
2.6706130504608154
2.670374631881714
2.6693100929260254
2.668966054916382
2.668567180633545
2.666438341140747
2.6657402515411377
2.6648237705230713
2.664247989654541
2.6648504734039307
2.664924144744873
2.6643600463867188
2.663325309753418
2.6651713848114014
2.66473388671875
2.6649279594421387
2.6646227836608887
2.6628475189208984
2.661116600036621
2.6613118648529053
2.6624488830566406
2.6640172004699707
2.6644389629364014
2.6652438640594482
2.6644515991210938
2.665559768676758
2.6647043228149414
2.664745569229126
2.6657168865203857
2.666557550430298
2.666358709335327
2.668752908706665
2.670896530151367
2.6703884601593018
2.6700243949890137
2.669706344604492
2.670475482940674
2.6730082035064697
2.675018548965454
2.674342393875122
2.673333168029785
2.6734721660614014
2.6735994815826416
2.6747210025787354
2.675633430480957
2.678652048110962
2.6774580478668213
2.6774234771728516
2.677528142929077
2.677494525909424
2.6774327754974365
2.676744222640991
2.676814317703247
2.6769654750823975
2.6769375801086426
2.6780011653900146
2.679536819458008
2.6796858310699463
2.679719924926758
2.6792941093444824
2.6806161403656006
2.680471897125244
2.680445671081543
2.6805684566497803
2.680556297302246
2.6807141304016113
2.6807196140289307
2.680142641067505
2.6801390647888184
2.6801328659057617
2.6801226139068604
2.6807024478912354
2.6807048320770264
2.6807010173797607
2.6800718307495117
2.6800665855407715
2.6801016330718994
2.6800971031188965
2.6802515983581543
2.6802492141723633
2.6797850131988525
2.6797800064086914
2.6795237064361572
2.679521083831787
2.6787543296813965
2.6787493228912354
2.6787467002868652
2.678744077682495
2.678741693496704
2.678738832473755
2.678736925125122
2.6782913208007812
2.67828631401062
2.678276300430298
2.6782684326171875
2.67826247215271
2.6797690391540527
2.679621696472168
2.679623603820801
2.6796255111694336
2.6793394088745117
2.6793360710144043
2.6779918670654297
2.6787400245666504
2.6787335872650146
2.6792328357696533
2.6793630123138428
2.6793482303619385
2.6793406009674072
2.6786348819732666
2.678635597229004
2.6779208183288574
2.6779229640960693
2.6779232025146484
2.677063465118408
2.6770617961883545
2.6770596504211426
2.6770565509796143
2.6773343086242676
2.678173303604126
2.6781604290008545
2.6781492233276367
2.678147077560425
2.678151845932007
2.6780178546905518
2.6780219078063965
2.67791485786438
2.6779098510742188
2.6780662536621094
2.6780576705932617
2.6780505180358887
2.6780450344085693
2.677199602127075
2.677196502685547
2.6771984100341797
2.677309274673462
2.677309036254883
2.677304983139038
2.6786201000213623
2.6786141395568848
2.678614854812622
2.678135871887207
2.6781344413757324
2.6781322956085205
2.678130626678467
2.6781342029571533
2.678133964538574
2.678133010864258
2.678133010864258
2.678133964538574
2.678140163421631
2.678138494491577
2.6781365871429443
2.678135633468628
2.6781344413757324
2.678133726119995
2.678034782409668
2.677189588546753
2.677189350128174
0.38939911127090454
0.3826274573802948
0.3759288191795349
0.3693215250968933
0.3628194332122803
0.35642582178115845
0.3502056896686554
0.3443644046783447
0.33906859159469604
0.3342735469341278
0.3299264907836914
0.3261503279209137
0.32318809628486633
0.321012943983078
0.31957972049713135
0.3188246488571167
0.31876829266548157
0.31929492950439453
0.3201964795589447
0.32066792249679565
0.32061296701431274
0.3201598525047302
0.31937259435653687
0.3184126615524292
0.31741172075271606
0.31649473309516907
0.3157123029232025
0.31501874327659607
0.31448009610176086
0.3142370879650116
0.31424811482429504
0.31427040696144104
0.3142686188220978
0.3141687512397766
0.3138759136199951
0.31353384256362915
0.3132518529891968
0.3130251467227936
0.3128304183483124
0.3126976490020752
0.31256505846977234
0.31246063113212585
0.3123462200164795
0.3122907876968384
0.3122394382953644
0.3121759295463562
0.3121015429496765
0.3119847774505615
0.31182169914245605
0.3116592764854431
0.3117213845252991
0.3117731809616089
0.311777263879776
0.3117312788963318
0.3116256296634674
0.3114950656890869
0.31141793727874756
0.3114819824695587
0.3115599751472473
0.31153160333633423
0.31142234802246094
0.31132298707962036
0.31130099296569824
0.31135353446006775
0.3114056885242462
0.3113901913166046
0.3113405108451843
0.3113109767436981
0.3113449811935425
0.3113657236099243
0.31129249930381775
0.3113046884536743
0.3113463819026947
0.3113493025302887
0.3113228678703308
0.3113097846508026
0.3113120198249817
0.31132346391677856
0.31133586168289185
0.3112911880016327
0.3112737536430359
0.3112429082393646
0.31124722957611084
0.31129220128059387
0.31124258041381836
0.31125399470329285
0.31126177310943604
0.3112463653087616
0.31128278374671936
0.3112625479698181
0.311197429895401
0.31119993329048157
0.31126734614372253
0.3112596273422241
0.3112497925758362
0.31130170822143555
0.31128209829330444
0.31124168634414673
0.31119200587272644
0.311175674200058
