2.341163158416748
2.4969472885131836
2.653207302093506
2.812223434448242
2.9705052375793457
3.127821445465088
3.2866148948669434
3.439946413040161
3.5958127975463867
3.7556040287017822
3.911391258239746
4.069198846817017
4.222019910812378
4.372334718704224
4.527663707733154
4.679984092712402
4.841524124145508
5.006335735321045
5.15566349029541
5.310449838638306
5.469843626022339
5.625270128250122
5.78159236907959
5.933913469314575
6.086203336715698
6.240000009536743
6.395841360092163
6.549840450286865
6.7033469676971436
6.856185436248779
7.020474195480347
7.17571759223938
7.334733009338379
7.489530324935913
7.644872665405273
7.807180166244507
7.9719507694244385
8.141249895095825
8.30506944656372
8.467859983444214
8.646607160568237
8.81089448928833
8.975189208984375
9.136014461517334
9.303320407867432
9.474615812301636
9.638942003250122
9.810698509216309
9.975010871887207
10.143782138824463
11.145473957061768
11.31829023361206
11.499388933181763
11.669222593307495
11.82982063293457
11.992658615112305
12.16111135482788
12.32343053817749
12.485265493392944
12.64590072631836
12.807201385498047
12.968043804168701
13.125854969024658
13.290176391601562
13.505500793457031
13.715994358062744
13.892849922180176
14.06541895866394
14.218748331069946
14.377534627914429
14.539329290390015
14.71060848236084
14.886387825012207
15.059216976165771
15.255470752716064
15.414897680282593
15.587908029556274
15.783143281936646
15.936210632324219
16.13646149635315
16.332719564437866
16.491499185562134
16.646846771240234
16.80669116973877
16.963473558425903
17.118287801742554
17.277631044387817
17.466118812561035
17.668848514556885
17.819165229797363
17.974933624267578
18.137250900268555
18.297058820724487
18.47624397277832
18.6535484790802
18.828331470489502
19.009109258651733
19.166428565979004
19.32177424430847
19.496887683868408
20.42851209640503
20.585336446762085
20.77488374710083
20.981651544570923
21.147454738616943
21.321712493896484
21.48800492286682
21.665237426757812
21.841524600982666
21.999300718307495
22.167088985443115
22.32690715789795
22.501150369644165
22.658429384231567
22.832712411880493
22.991023063659668
23.160311698913574
23.332584381103516
23.49787473678589
23.664650201797485
23.84037137031555
24.001107215881348
24.161378622055054
24.334643840789795
24.498652458190918
24.660428762435913
24.826788663864136
25.001099824905396
25.16894006729126
25.34122395515442
25.521032333374023
25.68150758743286
25.84480595588684
26.011218786239624
26.17152976989746
26.333332777023315
26.521605968475342
26.68688678741455
26.8521728515625
27.012990474700928
27.17879843711853
27.357646703720093
27.523462533950806
27.700236558914185
27.859524965286255
28.0258686542511
28.200146436691284
28.36495852470398
28.52613139152527
28.680440425872803
29.674819946289062
29.84558653831482
30.032323122024536
30.192111253738403
30.353404760360718
30.51674795150757
30.703508377075195
30.879308223724365
31.075061321258545
31.236361265182495
31.3961820602417
31.56044626235962
31.722230672836304
31.883597373962402
32.05194330215454
32.214919567108154
32.4117636680603
32.57283592224121
32.735116958618164
32.92489004135132
33.08551812171936
33.2423050403595
33.43259572982788
33.624860763549805
33.78765273094177
33.9429235458374
34.10372185707092
34.26248526573181
34.42526412010193
34.587319135665894
34.754626989364624
34.91238713264465
35.106120586395264
35.269423723220825
35.42919921875
35.63894057273865
35.80178236961365
36.00302982330322
36.2007782459259
36.36106729507446
36.51500988006592
36.67229914665222
36.82665252685547
36.98844242095947
37.154786348342896
37.31761050224304
37.48336172103882
37.650136947631836
37.81490683555603
38.00020742416382
38.97994637489319
39.15370845794678
39.320974349975586
39.481751441955566
39.636687994003296
39.79772734642029
39.956008195877075
40.12484908103943
40.300135374069214
40.462005376815796
40.640756130218506
40.79559373855591
40.95985698699951
41.125142335891724
41.27942991256714
41.44619965553284
41.60347819328308
41.76278614997864
41.930070638656616
42.09088110923767
42.258657693862915
42.4169487953186
42.57480525970459
42.74905800819397
42.904866218566895
43.065643548965454
43.232415437698364
43.392205476760864
43.55573558807373
43.718021631240845
43.87876772880554
44.0405056476593
44.20030355453491
44.3670654296875
44.53136873245239
44.69364619255066
44.85696029663086
45.01775527000427
45.18315577507019
45.34196877479553
45.50624704360962
45.682005643844604
45.85680890083313
46.01677680015564
46.18402886390686
46.34383988380432
46.51067352294922
46.667943477630615
46.82874321937561
46.995052099227905
47.97147464752197
48.13229036331177
48.29759979248047
48.45888018608093
48.61666560173035
48.789936780929565
48.94624471664429
49.11115074157715
49.27242875099182
49.435253620147705
49.60205554962158
49.8017635345459
49.96964359283447
50.14194965362549
50.31126046180725
50.472519636154175
50.657794713974
50.8565673828125
51.01534605026245
51.17866802215576
51.34044313430786
51.507739543914795
51.66803169250488
51.82733869552612
52.005171060562134
52.16343283653259
52.328394412994385
52.493152379989624
52.65046000480652
52.80825710296631
52.966041803359985
53.12329983711243
53.318047523498535
53.47635316848755
53.64125919342041
53.801512718200684
53.968355894088745
54.1596257686615
54.324912786483765
54.50566625595093
54.668445110321045
54.83873748779297
55.00504469871521
55.1693000793457
55.341620445251465
55.51939511299133
55.720253229141235
55.89250946044922
56.065438747406006
56.22824192047119
57.2395076751709
57.43636512756348
57.59914946556091
57.758464097976685
57.92778277397156
58.08123707771301
58.24251413345337
58.40884852409363
58.584640979766846
58.747997760772705
58.911805868148804
59.075780630111694
59.30119967460632
59.50576400756836
59.66996717453003
59.84471297264099
60.012476444244385
60.16078186035156
60.321985483169556
60.47876310348511
60.64194297790527
60.808212995529175
60.97799277305603
61.148282289505005
61.32301950454712
61.49278140068054
61.653212547302246
61.81399059295654
61.96833252906799
62.12491059303284
62.28087854385376
62.43317627906799
62.58700442314148
62.744789600372314
62.91360259056091
63.075401306152344
63.241196155548096
63.41022062301636
63.5650520324707
63.71634387969971
63.87762427330017
64.04004168510437
64.21684527397156
64.37626814842224
64.5411057472229
64.69717001914978
64.85696244239807
65.01325631141663
65.16758894920349
65.32639837265015
66.28677535057068
66.45059466362
66.60786628723145
66.81552219390869
66.97796607017517
67.13775825500488
67.30003499984741
67.45332670211792
67.61764669418335
67.77694177627563
67.9502341747284
68.11750531196594
68.28829789161682
68.4808144569397
68.65112376213074
68.8198766708374
69.04383397102356
69.26228260993958
69.42811512947083
69.59096550941467
69.7508008480072
69.91365694999695
70.07828760147095
70.24965405464172
70.41541743278503
70.56773233413696
70.73551559448242
70.88680601119995
71.04460287094116
71.19645619392395
71.34979796409607
71.49959325790405
71.65092539787292
71.80620813369751
71.9585702419281
72.11786890029907
72.27163863182068
72.42548108100891
72.57630157470703
72.7351131439209
72.88990473747253
73.04872703552246
73.203528881073
73.35734844207764
73.51462578773499
73.67295598983765
73.82899355888367
73.98290705680847
74.1607928276062
74.35683345794678
75.35131573677063
75.50326657295227
75.6569926738739
75.8370292186737
75.99329161643982
76.15200877189636
76.30529689788818
76.46768617630005
76.6233184337616
76.78240728378296
76.94948387145996
77.1074059009552
77.2659022808075
77.4268102645874
77.60961484909058
77.81799960136414
77.98491835594177
78.15866541862488
78.31837177276611
78.5205340385437
78.68273854255676
78.86082935333252
79.01894092559814
79.17152571678162
79.34261012077332
79.49572849273682
79.64896440505981
79.80680012702942
79.96238851547241
80.12802624702454
80.28239512443542
80.44643998146057
80.61128211021423
80.77681350708008
80.95782589912415
81.11485624313354
81.27064943313599
81.45346975326538
81.629967212677
81.81388211250305
81.9700014591217
82.1700530052185
82.34048533439636
82.51540303230286
82.68474626541138
82.873300075531
83.02705144882202
83.18977212905884
83.39029479026794
83.54239392280579
84.55094528198242
84.71987843513489
84.87540531158447
85.03783416748047
85.20130228996277
85.36312246322632
85.52842831611633
85.69773817062378
85.85929441452026
86.06330394744873
86.23484301567078
86.40201425552368
86.56099486351013
86.71879553794861
86.90034937858582
87.06827163696289
87.22949600219727
87.38738322257996
87.55104446411133
87.7478551864624
87.91739058494568
88.07937216758728
88.24143362045288
88.41136026382446
88.56739377975464
88.74992346763611
88.90542149543762
89.10140204429626
89.26082038879395
89.44209814071655
89.59830927848816
89.7608060836792
89.91594624519348
90.07978248596191
90.2388083934784
90.39175987243652
90.54604601860046
90.73779392242432
90.96060132980347
91.12475323677063
91.28645372390747
91.44349598884583
91.60124897956848
91.76123356819153
91.9208722114563
92.07726812362671
92.26706790924072
92.44199442863464
92.61655163764954
92.84142088890076
94.87350916862488
96.08539962768555
97.28394722938538
98.58230710029602
99.80905985832214
100.96539616584778
102.1549060344696
103.34477114677429
104.53494691848755
105.69732809066772
106.84675359725952
108.05496120452881
109.22290468215942
110.36607027053833
111.53031468391418
112.73403358459473
113.95344519615173
115.12866449356079
116.39202547073364
117.63143467903137
118.807368516922
120.00482034683228
121.17345380783081
122.38989067077637
123.5763156414032
124.75673484802246
125.91401052474976
127.06199336051941
128.29228377342224
129.45823693275452
130.6984338760376
131.85892868041992
132.98685026168823
134.10923314094543
135.330668926239
136.56353664398193
137.75634336471558
138.9899082183838
140.16695284843445
141.41800141334534
142.68533205986023
143.9430341720581
145.11737990379333
146.3000648021698
147.52305722236633
148.70348620414734
149.93734645843506
151.06627130508423
152.3280656337738
153.53696656227112
155.50123047828674
156.75195860862732
157.95821285247803
159.12056875228882
160.32325530052185
161.565842628479
162.6928572654724
163.8646376132965
165.02737760543823
166.207622051239
167.33391308784485
168.53979802131653
169.83716773986816
171.0912845134735
172.41963076591492
173.59847927093506
174.85707807540894
176.07720685005188
177.29468250274658
178.50501418113708
179.73493695259094
181.00346422195435
182.2213113307953
183.41333866119385
184.56561732292175
185.80857610702515
187.01234674453735
188.25099277496338
189.47569346427917
190.66849899291992
191.85580945014954
193.08145880699158
194.41117644309998
195.7034785747528
196.95333981513977
198.16898655891418
199.29210758209229
200.46883463859558
201.6533236503601
202.87931060791016
204.11183786392212
205.26775288581848
206.47013187408447
207.7080111503601
208.87786841392517
210.0584053993225
211.24081659317017
212.39629340171814
213.6164448261261
214.8246123790741
216.84007334709167
218.0649745464325
219.34469175338745
220.5659956932068
221.69038558006287
222.8601257801056
224.12794947624207
225.40142464637756
226.6284213066101
227.83708429336548
228.96163773536682
230.10704112052917
231.3162546157837
232.48270964622498
233.64681386947632
234.82334566116333
235.97273063659668
237.19025778770447
238.33924627304077
239.590017080307
240.75251150131226
242.00121593475342
243.1532678604126
244.3433060646057
245.56072664260864
246.74332237243652
247.96398258209229
249.15182185173035
250.40051579475403
251.54176902770996
252.75686240196228
253.98487257957458
255.21398067474365
256.44699263572693
257.7476952075958
259.11884927749634
260.347811460495
261.72182536125183
263.0020127296448
264.17224979400635
265.4572157859802
266.8039529323578
268.07638216018677
269.35032963752747
270.58638048171997
271.82255935668945
273.10197281837463
274.27164340019226
275.43595457077026
276.6672384738922
278.592294216156
279.8471848964691
281.0724642276764
282.27169609069824
283.5973777770996
284.8251316547394
286.01000332832336
287.1648769378662
288.3783028125763
289.57534074783325
290.75255513191223
291.92459988594055
293.128408908844
294.41800236701965
295.80313897132874
297.3856499195099
298.97602796554565
300.5894181728363
302.19766330718994
303.84466648101807
305.5069389343262
307.0858895778656
308.78291368484497
310.4422914981842
311.99526929855347
313.56706047058105
315.1450002193451
316.6816771030426
318.2592554092407
319.8393757343292
321.5017280578613
323.1060838699341
324.6793541908264
326.24460792541504
327.79358196258545
329.35251235961914
330.93693947792053
332.5454065799713
334.11866760253906
335.7339997291565
337.34462571144104
338.86265754699707
340.45128870010376
342.13848400115967
343.74199056625366
345.349328994751
346.9750380516052
348.5189263820648
350.04468727111816
351.6279077529907
354.4282965660095
356.03314876556396
357.6248164176941
359.2161765098572
360.76003885269165
362.4213478565216
364.095650434494
365.7404947280884
367.42390847206116
369.1423122882843
370.7428252696991
372.3563210964203
374.0139775276184
375.65980434417725
377.2973794937134
378.9460074901581
380.52227902412415
382.0799617767334
383.7032766342163
385.3067388534546
386.94143080711365
388.58352875709534
390.19656133651733
391.78926134109497
393.3080267906189
394.92238664627075
396.6910865306854
398.3500521183014
399.9869694709778
401.596883058548
403.1432774066925
404.73748087882996
406.28877329826355
407.8512418270111
409.4548451900482
411.02392840385437
412.660151720047
414.26933670043945
415.8690106868744
417.4192831516266
418.9771509170532
420.5371301174164
422.09703373908997
423.6815242767334
425.23410153388977
426.79003047943115
428.4039137363434
429.9738335609436
431.53696846961975
433.2212448120117
436.00298166275024
437.65133786201477
439.212197303772
440.773232460022
442.323353767395
443.88569355010986
445.4484977722168
447.0618350505829
448.6589870452881
450.22853660583496
451.7585506439209
453.33960795402527
454.9340705871582
456.52090668678284
458.1019506454468
459.7134585380554
461.28467321395874
462.8928542137146
464.4414086341858
466.03680300712585
467.6532075405121
469.2471706867218
470.83042907714844
472.4029233455658
473.96201181411743
475.4949357509613
477.07743859291077
478.69113063812256
480.28815150260925
481.86695408821106
483.4223804473877
484.9934878349304
486.5858633518219
488.1675124168396
489.70330786705017
491.25467014312744
492.8248915672302
494.4020655155182
495.98796701431274
497.559903383255
499.1128559112549
500.6379351615906
502.19504952430725
503.7194092273712
505.30202651023865
506.87843227386475
508.45027565956116
510.0384337902069
511.7099299430847
513.3241176605225
516.0560717582703
517.663645029068
519.3069033622742
520.8527488708496
522.3891050815582
523.9540429115295
525.520076751709
527.0733916759491
528.6272447109222
530.2580797672272
531.8730049133301
533.4620192050934
535.0589151382446
536.6114642620087
538.1670458316803
539.7548224925995
541.3188660144806
542.8700442314148
544.4410140514374
546.0808737277985
547.6499493122101
549.2381360530853
550.8709192276001
552.4068751335144
554.0020110607147
555.6254236698151
557.2668881416321
558.8670241832733
560.4861421585083
562.0583879947662
563.6200678348541
565.2465605735779
566.8610985279083
568.4537572860718
570.0516431331635
571.6279249191284
573.1600275039673
574.7041363716125
576.290700674057
577.8649671077728
579.4311566352844
580.9870357513428
582.569100856781
584.1871166229248
585.7995870113373
587.4381220340729
589.0369024276733
590.633947134018
592.2167720794678
593.7931509017944
596.5947136878967
598.155837059021
599.7630817890167
601.3062129020691
602.8728911876678
604.4773554801941
606.075896024704
607.6479232311249
609.2225935459137
610.7872512340546
612.3400609493256
613.9324362277985
615.5006306171417
617.1100540161133
618.7204225063324
620.3590662479401
621.9738616943359
623.5485553741455
625.1338992118835
626.7004430294037
628.261011838913
629.7471170425415
631.3254940509796
632.9201922416687
634.5264146327972
636.0960953235626
637.6635103225708
639.3582010269165
640.9105687141418
642.4981021881104
644.0574831962585
645.6140220165253
647.161149263382
648.7529375553131
650.3399784564972
651.9025728702545
653.4310488700867
655.0212545394897
656.5799713134766
658.1769640445709
659.7330899238586
661.3449444770813
662.9371523857117
664.5021123886108
666.0888888835907
667.6739323139191
669.259268283844
670.8522891998291
672.4039504528046
674.0061733722687
676.9330308437347
678.5090143680573
680.1087591648102
681.6717412471771
683.2209022045135
684.7748975753784
686.3270490169525
687.9440541267395
689.4950067996979
691.0949387550354
692.7129261493683
694.2889513969421
695.8630867004395
697.4872877597809
699.1289908885956
700.7124590873718
702.2875695228577
703.8924005031586
705.5490262508392
707.1790428161621
708.7492153644562
710.3547096252441
711.9290955066681
713.5101189613342
715.1594824790955
716.7241258621216
718.3329837322235
719.8961606025696
721.4570889472961
723.0494365692139
724.6450324058533
726.2102308273315
727.7820336818695
729.3484311103821
730.8982067108154
732.4660212993622
734.0379467010498
735.6339731216431
737.1934390068054
738.7920422554016
740.3591475486755
741.8881239891052
743.4701766967773
745.1221036911011
746.7039971351624
748.2702050209045
749.8319664001465
751.4036812782288
752.9602451324463
754.5301465988159
757.4487836360931
759.0431482791901
760.6258707046509
762.1962740421295
763.8089332580566
765.3874435424805
766.9791023731232
768.6036019325256
770.185795545578
771.7384793758392
773.297384262085
774.9960098266602
776.622704744339
778.2521395683289
779.8470978736877
781.4011595249176
782.9632227420807
784.5490679740906
786.1081926822662
787.6750338077545
789.2004978656769
790.7522201538086
792.354927778244
793.9849863052368
795.6120426654816
797.1988472938538
798.7758376598358
800.3157911300659
801.8711318969727
803.4691090583801
805.0194664001465
806.5908255577087
808.1901750564575
809.8127341270447
811.351940870285
812.9641349315643
814.533136844635
816.107916355133
817.7432773113251
819.3301668167114
820.9657447338104
822.5251049995422
824.1129977703094
825.7582204341888
827.3673605918884
828.9423847198486
830.5450217723846
832.1080477237701
833.6621749401093
835.2208940982819
837.991824388504
839.5766508579254
841.2302873134613
842.8359158039093
844.4605705738068
846.0270149707794
847.5972683429718
849.1519193649292
850.755033493042
852.3261153697968
853.873575925827
855.348105430603
856.9478437900543
858.5319638252258
860.1013472080231
861.6921243667603
863.2754447460175
864.887106180191
866.494796037674
868.1019911766052
869.7080512046814
871.2714154720306
872.83504986763
874.4571471214294
876.0280220508575
877.5894784927368
879.1216065883636
880.7392463684082
882.2886674404144
883.9131369590759
885.4983620643616
887.080480337143
888.6479525566101
890.2571382522583
891.84516954422
893.4169170856476
895.0030834674835
896.5865993499756
898.1468856334686
899.7818245887756
901.4151120185852
902.9666278362274
904.5475409030914
906.1435008049011
907.7112708091736
909.289112329483
910.9090793132782
912.3819718360901
913.9901056289673
915.5783612728119
918.46630859375
920.0115485191345
921.5784707069397
923.1851065158844
924.7333860397339
926.3726937770844
927.9533824920654
929.5370399951935
931.1542181968689
932.7115561962128
934.4386837482452
935.9905025959015
937.5450165271759
939.1591975688934
940.7329182624817
942.3160991668701
943.8974325656891
945.4986131191254
947.0785219669342
948.6929471492767
950.2625222206116
951.8504447937012
953.4140625
954.9990816116333
956.5731337070465
958.1500573158264
959.7229888439178
961.2895169258118
962.8751795291901
964.40403008461
965.9932334423065
967.5449779033661
969.1196060180664
970.7484362125397
972.3890097141266
974.0250563621521
975.633198261261
977.2049429416656
978.783210515976
980.379319190979
982.0129547119141
983.5699858665466
985.2083513736725
986.778548002243
988.3564991950989
989.9796290397644
991.5529546737671
993.1315941810608
994.6921992301941
996.2730510234833
999.1291308403015
1000.6815748214722
1002.2331068515778
1003.8425450325012
1005.4511911869049
1007.0692377090454
1008.6114161014557
1010.1761717796326
1011.7621850967407
1013.3357660770416
1014.8933370113373
1016.4872467517853
1018.0440125465393
1019.6627991199493
1021.2481846809387
1022.8065130710602
1024.4161088466644
1026.0265128612518
1027.5998899936676
1029.1912162303925
1030.7712128162384
1032.3025772571564
1033.9006652832031
1035.4399619102478
1037.0329492092133
1038.595003604889
1040.1322994232178
1041.6970794200897
1043.2563107013702
1044.8291125297546
1046.4040780067444
1047.9929852485657
1049.5658254623413
1051.1259334087372
1052.7313175201416
1054.2790608406067
1055.8335320949554
1057.4576444625854
1059.0636525154114
1060.6430144309998
1062.2284154891968
1063.7992041110992
1065.375498533249
1066.9151718616486
1068.4820399284363
1070.1092002391815
1071.6730484962463
1073.2821400165558
1074.8375673294067
1076.476967573166
1079.230124950409
1080.8479380607605
1082.3949928283691
1083.852034330368
1085.4221222400665
1087.0224759578705
1088.5935525894165
1090.1415135860443
1091.7100942134857
1093.2802662849426
1094.851024389267
1096.46803689003
1098.0584948062897
1099.6681444644928
1101.2417459487915
1102.8458330631256
1104.482474565506
1106.0672552585602
1107.7072517871857
1109.3440217971802
1110.922010421753
1112.5113203525543
1114.1020348072052
1115.6532521247864
1117.2254281044006
1118.7662365436554
1120.3921825885773
1121.9674384593964
1123.5265777111053
1125.1334779262543
1126.8070418834686
1128.4960095882416
1130.127779006958
1131.7203426361084
1133.2799954414368
1134.8394594192505
1136.4634070396423
1138.0172083377838
1139.555916070938
1141.0795452594757
1142.7490780353546
1144.3271453380585
1145.9585628509521
1147.5238058567047
1149.196093082428
1150.7515089511871
1152.342628479004
1153.9511907100677
1155.5329995155334
1157.2871313095093
1159.7730746269226
1159.8070533275604
1159.8419244289398
1159.8749415874481
1159.9100275039673
1159.946153640747
1159.9802985191345
1160.022560596466
1160.0579714775085
1160.095046043396
1160.1270852088928
1160.1606922149658
1160.1940939426422
1160.2280197143555
1160.260825395584
1160.2961559295654
1160.3305928707123
1160.3639636039734
1160.39790558815
1160.4354751110077
1160.4696218967438
1160.5122730731964
1160.5487740039825
1160.5833163261414
1160.6206185817719
1160.654158115387
1160.6895275115967
1160.7233173847198
1160.7572002410889
1160.7906575202942
1160.8231251239777
1160.8557934761047
1160.9120235443115
1160.9464015960693
1160.982076883316
1161.0180354118347
1161.0531437397003
1161.0850553512573
1161.1185421943665
1161.1507604122162
1161.1888618469238
1161.2215015888214
1161.257260799408
1161.293004989624
1161.3306670188904
1161.3631937503815
1161.398426771164
1161.430230140686
1161.4651625156403
1161.4982433319092
1162.7771172523499
1162.8121209144592
1162.845943927765
1162.8784425258636
1162.9128079414368
1162.9490835666656
1162.9870948791504
1163.0280604362488
1163.0658898353577
1163.1005067825317
1163.1351759433746
1163.1680948734283
1163.2053363323212
1163.2383470535278
1163.27046585083
1163.3036737442017
1163.3401148319244
1163.3749952316284
1163.409072637558
1163.4431924819946
1163.478407382965
1163.5128982067108
1163.5459864139557
1163.5781676769257
1163.6124558448792
1163.6461629867554
1163.6822576522827
1163.7156119346619
1163.7540729045868
1163.7932515144348
1163.826060295105
1163.8601276874542
1163.8958485126495
1163.933123588562
1163.9912073612213
1164.0251920223236
1164.0600979328156
1164.0939345359802
1164.1254482269287
1164.1589679718018
1164.191043138504
1164.2240390777588
1164.2602689266205
1164.2962310314178
1164.3305048942566
1164.3647224903107
1164.397183418274
1164.4326558113098
1164.4683151245117
1164.5070230960846
