15.579092025756836
15.03782844543457
14.496562004089355
13.95529842376709
13.414031028747559
12.872767448425293
12.331500053405762
11.79023265838623
11.248969078063965
10.7077054977417
10.166439056396484
9.625171661376953
9.083908081054688
8.542644500732422
8.00137710571289
7.460110664367676
6.918846607208252
6.377583026885986
5.836316108703613
5.995803356170654
5.86531400680542
5.430801868438721
4.769604682922363
4.218073844909668
4.040903568267822
3.824510335922241
3.573385715484619
3.2914540767669678
3.3883936405181885
3.2802858352661133
2.8607494831085205
2.9170446395874023
3.196852684020996
3.6189773082733154
3.7146382331848145
3.5628535747528076
3.5537831783294678
3.4903922080993652
3.378323554992676
3.2226243019104004
3.027790069580078
3.1155266761779785
3.1606667041778564
2.934450626373291
2.5452234745025635
2.720587730407715
2.7757623195648193
2.6423685550689697
2.733112096786499
2.76029634475708
2.7303404808044434
2.6490113735198975
2.5214977264404297
2.656059741973877
2.5809056758880615
2.6145808696746826
2.6958816051483154
2.6244752407073975
2.706944227218628
2.7616374492645264
2.7161457538604736
2.606720447540283
2.7231030464172363
2.758126735687256
2.5475897789001465
2.713961124420166
2.855550527572632
2.7468926906585693
2.556870222091675
2.6612021923065186
2.647160768508911
2.5204458236694336
2.7023873329162598
2.7180352210998535
2.5063328742980957
2.7422196865081787
2.888136386871338
2.7972095012664795
2.5535366535186768
2.589841842651367
2.7004785537719727
2.607754707336426
2.529934883117676
2.583038091659546
2.5095322132110596
2.627504587173462
2.5964789390563965
2.506499767303467
2.6466705799102783
2.5796196460723877
2.5297083854675293
2.5626845359802246
2.5238401889801025
2.67299485206604
2.657484292984009
2.493842601776123
2.5507428646087646
2.473280668258667
2.6413209438323975
2.6831023693084717
2.566195249557495
2.5597236156463623
2.548485279083252
2.5329596996307373
2.5135762691497803
2.4907150268554688
2.4918324947357178
2.501831293106079
2.489792585372925
2.4580798149108887
2.433274030685425
2.4659433364868164
2.4800798892974854
2.4718708992004395
2.4464526176452637
2.4568698406219482
2.4608306884765625
2.458981513977051
2.451906442642212
2.4401285648345947
2.424114227294922
2.4353749752044678
2.4437315464019775
2.449507236480713
2.4492926597595215
2.4585225582122803
2.455785036087036
2.4497978687286377
2.4495503902435303
2.443920850753784
2.433440923690796
2.4283149242401123
2.43576979637146
2.4475865364074707
2.452174663543701
2.4511940479278564
2.4448952674865723
2.441918134689331
2.4381167888641357
2.430567979812622
2.439300060272217
2.4330966472625732
2.4321906566619873
2.448319673538208
2.443929672241211
2.4352691173553467
2.4450340270996094
2.4490513801574707
2.431460380554199
2.441032886505127
26.780872344970703
26.204120635986328
25.429841995239258
24.516033172607422
23.51324462890625
22.439224243164062
21.316143035888672
20.155757904052734
18.96843147277832
17.791820526123047
16.786821365356445
15.834895133972168
14.943967819213867
14.281624794006348
13.709744453430176
13.158823013305664
12.616853713989258
12.072380065917969
11.520963668823242
10.969071388244629
10.454485893249512
9.986675262451172
9.525650024414062
9.062799453735352
8.589564323425293
8.133910179138184
7.7451581954956055
7.415526390075684
7.131270408630371
6.873594284057617
6.632711410522461
6.387316703796387
6.1335625648498535
5.863688945770264
5.584465026855469
5.320344924926758
5.111566066741943
4.9551920890808105
4.815148830413818
4.675279140472412
4.53050422668457
4.379460334777832
4.225790023803711
4.08014440536499
3.96219539642334
3.875044345855713
3.8176534175872803
3.7628884315490723
3.7010645866394043
3.625128746032715
3.543065309524536
3.4646029472351074
3.400341272354126
3.3547587394714355
3.319430351257324
3.293355941772461
3.2716431617736816
3.2507636547088623
3.2314529418945312
3.212986469268799
3.1952407360076904
3.180420398712158
3.1622486114501953
3.1433424949645996
3.126375913619995
3.1055445671081543
3.0825982093811035
3.0645275115966797
3.0495505332946777
3.036048173904419
3.0234906673431396
3.011584520339966
3.000596284866333
2.991107940673828
2.9836418628692627
2.9796957969665527
2.980564594268799
2.9842700958251953
2.9868154525756836
2.9867639541625977
2.9843413829803467
2.9804320335388184
2.9762911796569824
2.9770774841308594
2.9763407707214355
2.973057746887207
2.966970443725586
2.96589994430542
2.9651293754577637
2.96186900138855
2.95674467086792
2.9547603130340576
2.956310510635376
2.9557597637176514
2.953239679336548
2.9519553184509277
2.9531922340393066
2.9518680572509766
2.9519073963165283
2.9524805545806885
2.9506592750549316
2.951172351837158
2.951547384262085
2.9500670433044434
2.948995351791382
2.950090169906616
2.9497873783111572
2.947432518005371
2.9501893520355225
2.9515507221221924
2.9502100944519043
2.9464592933654785
2.950741767883301
2.953103542327881
2.95314359664917
2.9511525630950928
2.947486639022827
2.9487671852111816
2.9514474868774414
2.9511666297912598
2.9483330249786377
2.946272373199463
2.948117971420288
2.9477124214172363
2.946824073791504
2.9470815658569336
2.946793556213379
2.945993661880493
2.9451868534088135
2.946671485900879
2.9472243785858154
2.9472455978393555
2.9469456672668457
2.9473791122436523
2.9469120502471924
2.9458489418029785
2.946098566055298
2.945632219314575
2.9448249340057373
2.9461495876312256
2.9453539848327637
2.944704532623291
2.945932388305664
2.9456946849823
2.943958282470703
2.944064140319824
2.944002389907837
2.945035457611084
2.9446890354156494
2.944472551345825
2.9458742141723633
2.9457411766052246
2.9453816413879395
2.9448208808898926
2.944179058074951
2.943917989730835
2.9438185691833496
2.94419527053833
2.9443321228027344
2.9442555904388428
2.943988561630249
2.943558692932129
2.9435644149780273
2.943812131881714
2.9440016746520996
2.9439330101013184
2.9436426162719727
2.943284034729004
2.943450927734375
2.9436564445495605
2.9436542987823486
2.943453311920166
2.943085193634033
2.943439483642578
2.943690776824951
2.943690299987793
2.9434592723846436
2.9430248737335205
2.9433250427246094
2.9436089992523193
2.9436750411987305
2.9435391426086426
2.9432334899902344
2.942875623703003
2.943157911300659
2.9432485103607178
2.9431049823760986
2.942777156829834
2.94301438331604
2.943124294281006
2.94303035736084
2.942758083343506
2.9429731369018555
2.9431397914886475
2.9430668354034424
2.94277286529541
2.942816734313965
2.942997455596924
2.9429705142974854
2.9427592754364014
2.9425904750823975
2.9427027702331543
2.942579507827759
2.942594289779663
2.9426472187042236
2.942514181137085
2.942582130432129
2.942728042602539
2.942681312561035
2.9424943923950195
2.9424631595611572
2.942502021789551
2.942354679107666
2.9424867630004883
2.9425551891326904
2.9423863887786865
2.9423651695251465
2.942453145980835
2.942348003387451
2.942232847213745
2.9424004554748535
2.942333698272705
2.9421403408050537
2.9421584606170654
2.942145824432373
2.942058563232422
2.942274332046509
2.9423060417175293
2.9421474933624268
2.9421346187591553
2.9422008991241455
2.9420461654663086
2.9420058727264404
2.941974639892578
2.942028760910034
2.941991090774536
2.9419593811035156
2.9419562816619873
2.9418911933898926
2.9419524669647217
2.9418082237243652
2.9420621395111084
2.9421355724334717
2.942023754119873
2.941749095916748
2.942000150680542
2.942047119140625
2.9418678283691406
2.9417800903320312
2.9418716430664062
2.941784620285034
2.9417884349823
2.941816806793213
2.941758155822754
2.9417219161987305
2.941664934158325
2.941740036010742
2.9417009353637695
2.941714286804199
2.9417476654052734
2.9416661262512207
2.9417245388031006
2.9416816234588623
2.941709280014038
2.9416873455047607
2.9417355060577393
2.941647529602051
2.941821575164795
2.941866874694824
2.94168758392334
2.9418551921844482
2.941979169845581
2.9419186115264893
2.9416799545288086
2.9419174194335938
2.9420812129974365
2.9420173168182373
2.941749095916748
2.941835403442383
2.942028522491455
2.942023992538452
2.941840410232544
2.9416942596435547
2.9418928623199463
2.9419195652008057
2.941727638244629
2.941743850708008
2.9418785572052
2.9418249130249023
2.941650390625
2.9416773319244385
2.941716194152832
2.941572904586792
2.9418537616729736
2.9419641494750977
2.9418859481811523
2.94169545173645
2.9417662620544434
2.94181489944458
2.9416494369506836
2.941774368286133
2.9418845176696777
2.941814422607422
2.941610097885132
2.9416582584381104
2.941727638244629
2.9415903091430664
2.9417734146118164
2.9418725967407227
2.941784381866455
2.9415645599365234
2.941819667816162
2.9418747425079346
2.941713571548462
2.9416427612304688
2.9417502880096436
2.94166898727417
2.941742420196533
2.9417951107025146
2.9418087005615234
2.9417166709899902
2.941601037979126
2.9417197704315186
2.941740036010742
2.941660165786743
2.9416329860687256
2.941641092300415
2.9416258335113525
2.9416005611419678
2.9416606426239014
2.941575527191162
2.9416615962982178
2.9418115615844727
2.9417505264282227
2.941689968109131
2.9417121410369873
2.941781997680664
2.941667318344116
2.941685199737549
2.941730260848999
2.9417035579681396
2.9416003227233887
2.941704273223877
2.941762685775757
2.9416346549987793
2.9415993690490723
2.94167423248291
2.9415323734283447
2.941716432571411
2.9418179988861084
125.87517547607422
121.34490966796875
117.10284423828125
112.82815551757812
108.48650360107422
104.12124633789062
99.9793930053711
96.37467956542969
92.6825942993164
89.11959838867188
85.4371109008789
81.65467834472656
77.79679107666016
73.8812255859375
70.42961883544922
67.20377349853516
64.01493835449219
60.76497268676758
57.65229034423828
54.61663055419922
51.59955596923828
48.9234733581543
46.52981948852539
44.2757568359375
41.991294860839844
40.35896301269531
39.327632904052734
38.28385543823242
36.9201545715332
35.34267807006836
33.59755325317383
31.73834800720215
30.010828018188477
28.11856460571289
26.063405990600586
24.083667755126953
22.489988327026367
21.21778678894043
19.933801651000977
18.530452728271484
17.071922302246094
15.968658447265625
14.922372817993164
13.987060546875
13.170247077941895
12.272648811340332
11.310779571533203
10.276434898376465
9.50329303741455
9.142280578613281
8.602945327758789
7.909311294555664
7.21684455871582
6.656896591186523
6.816605567932129
6.531848907470703
6.312186241149902
6.200401782989502
6.329280376434326
6.292924404144287
6.303197860717773
6.301004409790039
6.344460487365723
6.46926736831665
6.410340785980225
6.292635917663574
6.218747138977051
6.081572532653809
5.964544773101807
5.810643196105957
5.683798313140869
5.568465232849121
5.470122814178467
5.317499160766602
5.263160705566406
5.188154697418213
5.037827968597412
4.966572284698486
4.88383150100708
4.8153157234191895
4.748962879180908
4.673330783843994
4.585054874420166
4.584145545959473
4.526976108551025
4.478653430938721
4.413052082061768
4.269694805145264
4.233366012573242
4.275089263916016
4.191368579864502
4.107004165649414
4.0957417488098145
3.987064838409424
3.947802782058716
3.8920748233795166
3.9214391708374023
3.7837839126586914
3.644282341003418
3.562462568283081
3.7236173152923584
3.7158374786376953
3.7574961185455322
3.6725642681121826
3.633842706680298
3.5870299339294434
3.534349203109741
3.4210076332092285
3.2667648792266846
3.290520668029785
3.2940549850463867
3.2148234844207764
3.112978458404541
3.0854108333587646
3.0921382904052734
3.0102953910827637
3.013214111328125
3.1384880542755127
3.1393935680389404
2.965646743774414
3.0126028060913086
3.083230972290039
3.0713117122650146
2.9784083366394043
3.0001001358032227
3.017507791519165
2.9773871898651123
2.9693758487701416
2.8737428188323975
2.9105918407440186
2.887247323989868
2.8426380157470703
2.6990654468536377
2.7721941471099854
2.924424409866333
2.9273791313171387
2.815553665161133
2.7645444869995117
2.8636696338653564
2.922626495361328
2.7760727405548096
2.73610782623291
2.8418056964874268
2.797668695449829
2.7562856674194336
2.748574733734131
2.7602388858795166
2.8260092735290527
2.777759552001953
2.9142394065856934
23.86572265625
23.757938385009766
23.63530731201172
23.50699234008789
23.376792907714844
23.26472282409668
23.16390037536621
23.084712982177734
23.024641036987305
22.973386764526367
22.929349899291992
22.886165618896484
22.850563049316406
22.821989059448242
22.79635238647461
22.781620025634766
22.772069931030273
22.775897979736328
22.780006408691406
22.777652740478516
22.77208137512207
22.761293411254883
22.75619888305664
22.75277328491211
22.749042510986328
22.749683380126953
22.749618530273438
22.75927734375
22.759403228759766
22.77048683166504
22.779964447021484
22.787649154663086
22.801631927490234
22.809736251831055
22.82044219970703
22.83278465270996
22.83627700805664
22.843618392944336
22.849328994750977
22.8529052734375
22.856351852416992
22.85885238647461
22.859399795532227
22.862003326416016
22.861305236816406
22.86543083190918
22.86797332763672
22.867488861083984
22.866943359375
22.871036529541016
22.871850967407227
22.872201919555664
22.8724308013916
22.877229690551758
22.881935119628906
22.883878707885742
22.884403228759766
22.885711669921875
22.888700485229492
22.89126968383789
22.89246940612793
22.891490936279297
22.893266677856445
22.89539909362793
22.89430046081543
22.89592170715332
22.89236831665039
22.88827896118164
22.883790969848633
22.88120460510254
22.87811279296875
22.87314796447754
22.870973587036133
22.868999481201172
22.86835289001465
22.867395401000977
22.864301681518555
22.858823776245117
22.859224319458008
22.85797882080078
22.85795783996582
22.856260299682617
22.85148048400879
22.849931716918945
22.844879150390625
22.845338821411133
22.84482192993164
22.84263801574707
22.839845657348633
22.839691162109375
22.83739471435547
22.836360931396484
22.838088989257812
22.83795928955078
22.837724685668945
22.837635040283203
22.838512420654297
22.838176727294922
22.839473724365234
22.838727951049805
22.83941650390625
22.84095573425293
22.84239959716797
22.840774536132812
22.8409481048584
22.841184616088867
22.842126846313477
22.842021942138672
22.841272354125977
22.839805603027344
22.839675903320312
22.83949851989746
22.839216232299805
22.838926315307617
22.837596893310547
22.836326599121094
22.835147857666016
22.833223342895508
22.832839965820312
22.83266258239746
22.83176040649414
22.83161735534668
22.83271598815918
22.83245849609375
22.830026626586914
22.831544876098633
22.831018447875977
22.830610275268555
22.831090927124023
22.83083724975586
22.829755783081055
22.82951545715332
22.82920265197754
22.828859329223633
22.82843017578125
22.82817840576172
22.82793426513672
22.827686309814453
22.827434539794922
22.827070236206055
22.82677459716797
22.826520919799805
22.826343536376953
22.825754165649414
22.826278686523438
22.82602882385254
22.825714111328125
22.82547378540039
22.825578689575195
22.82480812072754
22.82509422302246
21.623014450073242
20.44407081604004
19.307851791381836
18.222719192504883
17.221683502197266
16.341936111450195
15.622940063476562
15.037036895751953
14.485601425170898
13.933735847473145
13.37028980255127
12.797811508178711
12.225728988647461
11.67337417602539
11.162837982177734
10.681547164916992
10.262016296386719
9.926687240600586
9.642949104309082
9.361424446105957
9.055557250976562
8.724859237670898
8.35791301727295
7.984125137329102
7.697673797607422
7.424126148223877
7.147180080413818
6.927342891693115
6.742340564727783
6.582698345184326
6.475479602813721
6.449188232421875
6.474513053894043
6.476369857788086
6.431609153747559
6.333207130432129
6.195023059844971
6.032467842102051
5.872564792633057
5.739477157592773
5.640382766723633
5.562200546264648
5.492226600646973
5.437833786010742
5.407079696655273
5.382228851318359
5.34171199798584
5.296341419219971
5.262029647827148
5.2328410148620605
5.197725296020508
5.169910907745361
5.162780284881592
5.153663158416748
5.141368389129639
5.128201484680176
5.113105773925781
5.098996639251709
5.0875678062438965
5.073838710784912
5.053699970245361
5.032671928405762
5.017282485961914
5.010609149932861
5.010568141937256
5.002361297607422
4.989437103271484
4.9752020835876465
4.967491149902344
4.9694013595581055
4.971746444702148
4.972715854644775
4.9690399169921875
4.961734294891357
4.953976154327393
4.947718620300293
4.948223114013672
4.950709342956543
4.952160835266113
4.951237678527832
4.945425987243652
4.940051555633545
4.938485622406006
4.9381585121154785
4.9390363693237305
4.9390549659729
4.937130451202393
4.9345808029174805
4.932028770446777
4.9332990646362305
4.935296535491943
4.935239791870117
4.933332920074463
4.9313530921936035
4.930339336395264
4.930766582489014
4.9303789138793945
4.930543422698975
4.930235385894775
4.929866313934326
4.927734851837158
4.928842544555664
4.9299139976501465
4.927100658416748
4.926319122314453
4.927181243896484
4.92666482925415
4.925940990447998
4.925334930419922
4.925203323364258
4.924506187438965
4.924699306488037
4.924281120300293
4.923434734344482
4.923664093017578
4.923501968383789
4.9231462478637695
4.922747611999512
4.92307710647583
4.923028945922852
4.922632217407227
4.9231858253479
4.923062324523926
4.923356056213379
4.92257833480835
4.922676086425781
4.922670364379883
4.922642230987549
4.922510147094727
4.9224700927734375
4.923494815826416
4.923283100128174
4.923198699951172
4.9231276512146
4.9232940673828125
4.923218727111816
4.923168182373047
4.923129081726074
4.923043727874756
4.923264026641846
4.923038482666016
4.922998905181885
4.922975540161133
4.9229512214660645
4.922945499420166
4.922883033752441
4.92321252822876
4.922897815704346
4.922841548919678
4.922808647155762
4.922752380371094
4.922727584838867
4.922698020935059
4.922672748565674
4.922684192657471
4.922688007354736
4.922662258148193
4.922456741333008
4.922435283660889
4.92259407043457
4.922573089599609
4.922556400299072
4.922502517700195
4.922485828399658
4.923809051513672
4.9237799644470215
4.923762321472168
4.923744201660156
4.92372989654541
4.923709869384766
4.923694133758545
4.923677921295166
4.923661708831787
4.923645496368408
4.923628807067871
4.923615455627441
4.923599720001221
4.923583984375
4.9235711097717285
4.923556327819824
4.923542499542236
4.923526287078857
4.923513889312744
4.92349910736084
4.923486709594727
4.9234747886657715
4.923460483551025
4.9234490394592285
4.923437118530273
4.923424243927002
4.923411846160889
4.92340087890625
4.923388957977295
4.924787998199463
4.92477560043335
4.924765586853027
4.9247541427612305
4.92474365234375
4.924731731414795
4.924721717834473
4.924715042114258
4.924711227416992
4.924706935882568
4.92470121383667
4.924695014953613
4.924691200256348
4.924685955047607
4.924679756164551
4.924675464630127
4.924671649932861
4.9246673583984375
4.9246625900268555
4.924656867980957
4.924653053283691
4.924647331237793
4.92464542388916
4.924640655517578
4.9246368408203125
4.924633026123047
4.924630641937256
4.924625873565674
4.92462158203125
4.924618244171143
4.924615383148193
4.9246110916137695
4.924607753753662
4.924604415893555
4.924601078033447
4.92459774017334
4.924593925476074
4.924591064453125
4.924587726593018
4.924586296081543
4.924582481384277
4.92457914352417
4.924576759338379
4.92457389831543
4.924571990966797
4.924568176269531
4.92456579208374
4.924056053161621
4.924560546875
4.924557685852051
4.924557209014893
4.924553394317627
4.924551963806152
4.924549579620361
4.9245476722717285
4.924544811248779
4.924542427062988
4.9245405197143555
4.9245381355285645
4.924536228179932
4.924533367156982
4.924532413482666
4.924530506134033
4.924022674560547
4.924527645111084
4.924525260925293
4.924522876739502
4.924521446228027
4.9245195388793945
4.92451810836792
4.924516677856445
4.924515247344971
4.924514293670654
4.924511909484863
4.924510478973389
4.924508094787598
4.9240007400512695
4.924505233764648
4.924503803253174
4.924502849578857
4.924500465393066
4.92449951171875
4.924498081207275
4.924496650695801
4.924494743347168
4.924495220184326
4.924493312835693
4.923985481262207
4.924490928649902
4.924488544464111
4.924487113952637
4.924488067626953
4.9244866371154785
4.9244842529296875
4.924483299255371
4.924483299255371
4.924482345581055
4.924480438232422
4.923973083496094
4.924477577209473
4.924478054046631
4.924476146697998
4.924475193023682
4.924473285675049
4.924471855163574
4.924471378326416
4.924470901489258
4.9244704246521
4.923962593078613
4.92446756362915
4.924468040466309
4.92446756362915
4.924465656280518
4.924463272094727
4.924463748931885
4.92446231842041
4.924461841583252
4.924460411071777
4.9239630699157715
4.924468517303467
4.924468517303467
4.924466609954834
4.9239583015441895
4.925760746002197
4.925760746002197
4.925253391265869
4.925251483917236
4.92525053024292
4.925251007080078
4.925249099731445
4.925248622894287
4.9252471923828125
4.925246715545654
4.925751686096191
4.925751209259033
4.9252448081970215
4.925243854522705
4.9252424240112305
4.925242900848389
4.9252400398254395
4.925747394561768
4.925239562988281
4.925238132476807
4.925238132476807
4.925238609313965
4.925743103027344
4.925235748291016
4.925235748291016
4.925233840942383
4.9257402420043945
4.925232887268066
4.925232410430908
4.925232410430908
4.925230026245117
4.925229072570801
4.925230026245117
4.925228118896484
4.925734043121338
4.925734043121338
4.925226211547852
4.925224781036377
4.925224304199219
4.9252238273620605
4.925224304199219
4.925223350524902
4.925222396850586
4.925222396850586
4.925220966339111
4.925726413726807
4.92572546005249
4.925724983215332
4.925218105316162
4.925217151641846
4.9252166748046875
4.925216197967529
4.925216197967529
4.925214767456055
4.925213813781738
4.92521333694458
4.925212383270264
4.925212383270264
4.925210475921631
4.925717830657959
4.925716400146484
4.925715446472168
4.925208568572998
4.925208568572998
4.926577091217041
4.926576137542725
4.926575183868408
4.92657470703125
4.926574230194092
4.926573276519775
4.9270806312561035
4.927079200744629
4.927078723907471
4.927077293395996
4.926571369171143
4.926568984985352
4.926567554473877
4.926568508148193
4.926568031311035
4.9265666007995605
4.926565647125244
4.926566123962402
4.92726993560791
0.6235311031341553
0.6124865412712097
0.6015925407409668
0.5908182263374329
0.5802409052848816
0.5697458386421204
0.55938321352005
0.5492273569107056
0.5393044352531433
0.5296176671981812
0.5201651453971863
0.5112263560295105
0.503302812576294
0.496969997882843
0.4926657974720001
0.49045196175575256
0.48940593004226685
0.4888456165790558
0.48929789662361145
0.49188315868377686
0.4931105971336365
0.49319159984588623
0.4923098385334015
0.49070918560028076
0.4887292683124542
0.48681262135505676
0.48520588874816895
0.48395147919654846
0.48301875591278076
0.4824535846710205
0.48198097944259644
0.4821252226829529
0.4825136661529541
0.4825177490711212
0.4821764826774597
0.4816913604736328
0.4811616539955139
0.4806438386440277
0.4800848364830017
0.4794376492500305
0.47915565967559814
0.47919386625289917
0.4791792035102844
0.47920408844947815
0.47908705472946167
0.4788094758987427
0.4783862829208374
0.478218674659729
0.4781615138053894
0.47802287340164185
0.47811487317085266
0.4780506193637848
0.477785587310791
0.47780734300613403
0.4777924418449402
0.4776892364025116
0.47757190465927124
0.47752106189727783
0.4773976802825928
0.477553129196167
0.47750726342201233
0.4773809611797333
0.47732898592948914
0.4772898852825165
0.4772017002105713
0.4771351218223572
0.47727152705192566
0.4773123562335968
0.4773167073726654
0.47720813751220703
0.4769607484340668
0.47707244753837585
0.4770532250404358
0.4770120680332184
0.4770829379558563
0.4770932197570801
0.4770667552947998
0.4770164489746094
0.4770629107952118
0.477041095495224
0.47707632184028625
0.47698572278022766
0.4769762456417084
0.477022647857666
0.47701287269592285
0.47697579860687256
0.4770631194114685
0.47706708312034607
0.4770737588405609
0.47701799869537354
0.4768555462360382
0.4768803119659424
0.47692519426345825
0.47684401273727417
0.4768405258655548
0.4769662916660309
0.4769120216369629
0.47683265805244446
0.47690367698669434
0.47689181566238403
