2.121527671813965
2.276690721511841
2.433786392211914
2.588405132293701
2.7410190105438232
2.89412260055542
3.053719997406006
3.210827589035034
3.361448287963867
3.517544984817505
3.6771481037139893
3.8332443237304688
3.985858678817749
4.142471790313721
4.297573566436768
4.458167314529419
4.61726713180542
4.777867794036865
4.937958002090454
5.09557318687439
5.249183893203735
5.4042809009552
5.56088924407959
5.715985059738159
5.874697208404541
6.030790328979492
6.188400506973267
6.341512680053711
6.5001137256622314
6.650742530822754
6.807837009429932
6.962445974349976
7.1205363273620605
7.285122871398926
7.4596898555755615
7.621767044067383
7.77842116355896
7.9344823360443115
8.095077991485596
8.262660264968872
8.42075252532959
8.582340717315674
8.749409914016724
8.91499400138855
9.0755934715271
9.238676309585571
9.439239025115967
9.597814559936523
9.757431030273438
9.916633129119873
10.709678649902344
10.868278980255127
11.028363704681396
11.188961029052734
11.350045680999756
11.51163935661316
11.68420696258545
11.851270914077759
12.017849683761597
12.186426877975464
12.351500988006592
12.52406620979309
12.69064474105835
12.85073208808899
13.016321659088135
13.223793506622314
13.43026876449585
13.622781991958618
13.819288969039917
13.991847038269043
14.16740369796753
14.352423429489136
14.528975009918213
14.696549892425537
14.876093626022339
15.032190561294556
15.191790580749512
15.364841222763062
15.52743148803711
15.711965560913086
15.910458087921143
16.098978757858276
16.261059999465942
16.42963480949402
16.59521985054016
16.75730323791504
16.92387890815735
17.109410285949707
17.300928354263306
17.473500728607178
17.642561197280884
17.87198543548584
18.059515476226807
18.232081413269043
18.398667573928833
18.576220989227295
18.766230583190918
18.932806968688965
19.114360570907593
19.276963472366333
20.039379835128784
20.195984840393066
20.397472381591797
20.554568767547607
20.749077558517456
20.912667751312256
21.073784351348877
21.22742795944214
21.389988660812378
21.56703019142151
21.726638317108154
21.87775182723999
22.029369592666626
22.181475400924683
22.34007477760315
22.49768376350403
22.663753747940063
22.82538652420044
22.984487056732178
23.1440851688385
23.304682731628418
23.466759204864502
23.630350589752197
23.788958311080933
23.95103693008423
24.10965061187744
24.29018759727478
24.45127272605896
24.613863468170166
24.817349195480347
24.97746467590332
25.13503360748291
25.302624940872192
25.47574520111084
25.642324209213257
25.820905923843384
25.990965604782104
26.1505765914917
26.316170930862427
26.482242107391357
26.63587498664856
26.80146551132202
26.97052788734436
27.132124423980713
27.29774236679077
27.46085786819458
27.64339566230774
27.805988550186157
27.96706986427307
28.148649215698242
28.925312280654907
29.08936095237732
29.247965335845947
29.42951202392578
29.591623783111572
29.788120985031128
29.94772958755493
30.110321044921875
30.2664532661438
30.42605233192444
30.585141897201538
30.74274754524231
30.937247276306152
31.114795684814453
31.273883819580078
31.43448233604431
31.62998628616333
31.79007601737976
31.950672149658203
32.14518189430237
32.305269956588745
32.46487355232239
32.62646698951721
32.784555196762085
32.95512771606445
33.119709491729736
33.28478264808655
33.44238209724426
33.60346221923828
33.759068727493286
33.9575629234314
34.11716318130493
34.274253129959106
34.43490982055664
34.59798860549927
34.75658655166626
34.93414497375488
35.09522724151611
35.2508385181427
35.41192889213562
35.57358431816101
35.737175703048706
35.89725875854492
36.05187726020813
36.22344350814819
36.39549946784973
36.55424785614014
36.717324018478394
36.88387870788574
37.05345678329468
37.84704351425171
38.04753351211548
38.210615396499634
38.3702130317688
38.52889370918274
38.70194363594055
38.86254835128784
39.028130292892456
39.18821716308594
39.3518328666687
39.548330545425415
39.7134063243866
39.87902116775513
40.0466046333313
40.208685636520386
40.36738896369934
40.53796982765198
40.69805645942688
40.85870027542114
41.02177357673645
41.17738080024719
41.3469614982605
41.513028621673584
41.67865204811096
41.84627151489258
42.00935435295105
42.16498565673828
42.32906150817871
42.492645263671875
42.65524172782898
42.813329219818115
42.98002076148987
43.14262676239014
43.30570340156555
43.46729803085327
43.62639141082764
43.79198145866394
43.95464825630188
44.12471079826355
44.28929901123047
44.44989848136902
44.60998249053955
44.769601583480835
44.93367791175842
45.09530711174011
45.25690317153931
45.413992166519165
45.57359313964844
45.732693910598755
45.892295837402344
46.67888259887695
46.84395623207092
47.00554895401001
47.19008016586304
47.3506863117218
47.52174401283264
47.681342124938965
47.84352397918701
48.010174036026
48.173765659332275
48.33584713935852
48.51339602470398
48.67798733711243
48.84011459350586
48.99871850013733
49.15931582450867
49.356823444366455
49.51990008354187
49.680501222610474
49.845643043518066
50.0431489944458
50.20773124694824
50.36839842796326
50.52449607849121
50.694080114364624
50.89157581329346
51.09705114364624
51.2915575504303
51.457138776779175
51.62320923805237
51.80784821510315
51.98740315437317
52.15048098564148
52.32703185081482
52.48762583732605
52.64971303939819
52.81530404090881
52.975932598114014
53.13797926902771
53.33051872253418
53.49011731147766
53.65519094467163
53.83074903488159
53.99334502220154
54.15841817855835
54.329020738601685
54.527491331100464
54.687103509902954
54.856170654296875
55.016767501831055
55.798383712768555
55.9574716091156
56.16593956947327
56.32457399368286
56.49116849899292
56.65125823020935
56.813862562179565
56.979532957077026
57.160571575164795
57.327152967453
57.48475670814514
57.659804821014404
57.8263840675354
58.027910470962524
58.21044874191284
58.37503933906555
58.550082206726074
58.71566390991211
58.90518379211426
59.09372115135193
59.258827447891235
59.42148542404175
59.60505270957947
59.77112293243408
59.9356746673584
60.0962700843811
60.25639033317566
60.43294382095337
60.602518796920776
60.76160478591919
60.923205614089966
61.08984088897705
61.25096011161804
61.42653560638428
61.58912515640259
61.825522661209106
61.98329782485962
62.15132713317871
62.307934284210205
62.4885139465332
62.649598598480225
62.817176818847656
63.00370240211487
63.1678512096405
63.3284478187561
63.48705458641052
63.658111333847046
63.81970739364624
63.975810289382935
64.15436959266663
64.94342947006226
65.10904908180237
65.27213048934937
65.43468880653381
65.59927868843079
65.7603600025177
65.9279396533966
66.09101843833923
66.24961924552917
66.43718791007996
66.59478998184204
66.76085996627808
66.93641638755798
67.09701299667358
67.2571325302124
67.42168831825256
67.60422468185425
67.76331067085266
67.92494201660156
68.09001541137695
68.25060772895813
68.41320657730103
68.57628297805786
68.73488306999207
68.889981508255
69.05357122421265
69.21018600463867
69.37326335906982
69.53485608100891
69.70443391799927
69.87153458595276
70.05404210090637
70.23059034347534
70.42809057235718
70.59018468856812
70.74678611755371
70.90738105773926
71.0874171257019
71.24601817131042
71.40012097358704
71.55875968933105
71.71632981300354
71.87142992019653
72.0300362110138
72.19511008262634
72.35670161247253
72.55719518661499
72.72976064682007
72.89084672927856
73.04944586753845
73.86705470085144
74.04460453987122
74.20469117164612
74.3662838935852
74.5248863697052
74.68895769119263
74.84656190872192
75.00564813613892
75.21862244606018
75.3777129650116
75.54130363464355
75.69939303398132
75.85999178886414
76.02956938743591
76.19265103340149
76.35623908042908
76.51632809638977
76.67792272567749
76.84549975395203
77.00957655906677
77.201092004776
77.37964057922363
77.54323244094849
77.71129846572876
77.8868579864502
78.05643224716187
78.21951246261597
78.37911224365234
78.54370164871216
78.70678091049194
78.86239361763
79.01749300956726
79.17509818077087
79.33070921897888
79.48281407356262
79.6374306678772
79.79551982879639
79.95512104034424
80.11221718788147
80.27381539344788
80.438401222229
80.59948563575745
80.7610809803009
80.92415857315063
81.09273147583008
81.25432705879211
81.41640734672546
81.60891699790955
81.7695107460022
81.93409848213196
82.73534488677979
82.90839147567749
83.06897759437561
83.22877216339111
83.39135265350342
83.55551171302795
83.71958136558533
83.88714838027954
84.04675388336182
84.20882773399353
84.37542963027954
84.54296135902405
84.70604228973389
84.86013531684875
85.0222156047821
85.18481063842773
85.350412607193
85.5164806842804
85.68206000328064
85.84265661239624
86.00074410438538
86.16333603858948
86.33538961410522
86.49199557304382
86.6505970954895
86.84510231018066
87.00518655776978
87.16681718826294
87.33887982368469
87.5054624080658
87.66805410385132
87.83013939857483
88.0316252708435
88.19421362876892
88.35480952262878
88.51987981796265
88.6854636669159
88.84805297851562
89.01112914085388
89.17870569229126
89.34078621864319
89.51135230064392
89.69588708877563
89.85249328613281
90.00759053230286
90.1731743812561
90.33026790618896
90.49286532402039
90.66243600845337
90.82152199745178
92.33189487457275
93.14384198188782
94.04407119750977
94.92535996437073
95.76124930381775
96.65249466896057
97.47392630577087
98.29983854293823
99.14568042755127
99.9685926437378
100.80598616600037
101.61393761634827
102.41856265068054
103.21953201293945
104.0324718952179
104.889808177948
105.747633934021
106.59799027442932
107.408940076828
108.24381971359253
109.03482294082642
109.84377527236938
110.65871071815491
111.46866250038147
112.24669337272644
113.04866075515747
113.82869029045105
114.65460395812988
115.44261264801025
116.21366167068481
116.99018001556396
117.77619409561157
118.58415675163269
119.38314247131348
120.18012738227844
121.01002168655396
121.78007698059082
122.54812860488892
123.3216621875763
124.11366057395935
124.90165996551514
125.65674805641174
126.42329430580139
127.21429753303528
128.01626658439636
128.80527114868164
129.6212100982666
130.48952388763428
131.31942534446716
132.15282320976257
133.54370307922363
134.4624810218811
135.32333040237427
136.14929461479187
136.99666810035706
137.77933144569397
138.5903034210205
139.43919038772583
140.2710862159729
141.11547303199768
141.92350220680237
142.7573812007904
143.54746294021606
144.34744453430176
145.13646578788757
145.97740197181702
146.8038649559021
147.5864052772522
148.3853952884674
149.1684124469757
149.94751572608948
150.73955464363098
151.54658269882202
152.34355211257935
153.12166738510132
153.91873025894165
154.77659130096436
155.57816076278687
156.3521966934204
157.14118075370789
157.93135166168213
158.75634050369263
159.563307762146
160.4222948551178
161.19283080101013
161.986829996109
162.80679440498352
163.60477328300476
164.41280388832092
165.2088279724121
165.99091029167175
166.7699329853058
167.590922832489
168.46123385429382
169.29473567008972
170.1457381248474
171.01306557655334
171.78617978096008
172.590350151062
173.46767234802246
174.90572357177734
175.7485716342926
176.57298874855042
177.39190864562988
178.16043853759766
178.9284908771515
179.7364330291748
180.56632375717163
181.36429476737976
182.1393256187439
182.9856834411621
183.78864097595215
184.57114362716675
185.36512112617493
186.21944761276245
187.00345158576965
187.8173758983612
188.62631249427795
189.44423031806946
190.24020266532898
191.07806587219238
191.89200949668884
192.70248985290527
193.5184202194214
194.36726641654968
195.1891806125641
195.9781789779663
196.76717829704285
197.60005235671997
198.38007950782776
199.2284324169159
200.05133771896362
200.8353395462036
201.62138557434082
202.42733907699585
203.22532415390015
204.03626203536987
204.81876397132874
205.6147449016571
206.42568707466125
207.22964310646057
208.0216348171234
208.87296986579895
209.73480463027954
210.51881670951843
211.36317253112793
212.1307110786438
212.90274333953857
213.7046992778778
214.53059697151184
215.9141218662262
216.72405767440796
217.5240285396576
218.35790753364563
219.18630814552307
219.98827171325684
220.86654567718506
221.6824758052826
222.4944167137146
223.30437517166138
224.12231159210205
224.8893632888794
225.67834877967834
226.45686793327332
227.27478408813477
228.1231348514557
228.94005036354065
229.74606442451477
230.56600999832153
231.36796379089355
232.22329449653625
233.0162844657898
233.8421893119812
234.63119077682495
235.42716670036316
236.25006365776062
237.0340714454651
237.85099339485168
238.6025824546814
239.37561559677124
240.2045123577118
241.0259656906128
241.79450678825378
242.59646439552307
243.42884969711304
244.31857228279114
245.15596532821655
245.9688971042633
246.78781032562256
247.59275484085083
248.38075375556946
249.18371081352234
250.01459169387817
250.79461288452148
251.56864166259766
252.3875653743744
253.22244358062744
253.98451256752014
254.78148579597473
255.59641313552856
256.9730529785156
257.78099727630615
258.58895564079285
259.4108633995056
260.1799087524414
261.0008134841919
261.8691174983978
262.68604159355164
263.4959931373596
264.37925696372986
265.1892077922821
266.00213503837585
266.80612874031067
267.63602590560913
268.4599361419678
269.2449321746826
270.09528279304504
270.93813467025757
271.74907422065735
272.52908992767334
273.29363775253296
274.09810495376587
274.90804171562195
275.6965310573578
276.4915099143982
277.32090306282043
278.1218831539154
278.96772742271423
279.82106280326843
280.635999917984
281.4469401836395
282.2967720031738
283.11770486831665
283.90370512008667
284.6986846923828
285.48468947410583
286.27866435050964
287.1105418205261
287.91848397254944
288.75091671943665
289.57683181762695
290.4196808338165
291.2056894302368
292.02260971069336
292.8415312767029
293.6689293384552
294.4519610404968
295.250923871994
296.04340171813965
296.86084508895874
298.2345221042633
299.0494475364685
299.8464150428772
300.6868019104004
301.5077095031738
302.35856437683105
303.2148995399475
304.0258643627167
304.876252412796
305.70913672447205
306.53005838394165
307.33002042770386
308.1833691596985
309.03720021247864
309.88105297088623
310.6840271949768
311.5015506744385
312.3254475593567
313.13244223594666
313.9224407672882
314.708447933197
315.56032395362854
316.3612985610962
317.19517850875854
317.9941666126251
318.8405132293701
319.6564509868622
320.57466101646423
321.41406774520874
322.17164158821106
322.9995439052582
323.86489248275757
324.6548969745636
325.4369282722473
326.20349168777466
326.9775400161743
327.7855062484741
328.6064178943634
329.42833375930786
330.27369832992554
331.0936098098755
331.93051171302795
332.7470190525055
333.5928816795349
334.42677664756775
335.2347249984741
336.0760931968689
336.8790557384491
337.703950881958
338.53685545921326
339.91143703460693
340.7667624950409
341.5492775440216
342.45846939086914
343.24347853660583
344.05542969703674
344.84243297576904
345.6114854812622
346.39550590515137
347.22938442230225
348.0533080101013
348.8393135070801
349.67021346092224
350.45022892951965
351.3125367164612
352.14242148399353
353.00477361679077
353.8735680580139
354.7200336456299
355.5459473133087
356.42124581336975
357.2720868587494
358.1523699760437
358.99622917175293
359.8116657733917
360.6041829586029
361.48056292533875
362.29052329063416
363.07056283950806
363.8825194835663
364.6845271587372
365.47949862480164
366.27348160743713
367.08640909194946
367.90542244911194
368.75972032546997
369.56467032432556
370.33472299575806
371.11822390556335
371.93765354156494
372.8064544200897
373.58647298812866
374.35253286361694
375.2143461704254
375.99738073349
376.77839636802673
377.54893255233765
378.3703830242157
379.1753339767456
379.95286321640015
381.32247042655945
382.09651160240173
382.85508608818054
383.64407896995544
384.45602917671204
385.26899433135986
386.08744716644287
386.86994647979736
387.67847084999084
388.5134308338165
389.371248960495
390.1652798652649
390.93632555007935
391.78417468070984
392.5886378288269
393.4145350456238
394.25740122795105
395.1177830696106
395.96764159202576
396.7945411205292
397.5994920730591
398.4449644088745
399.23595929145813
400.0927984714508
400.9027307033539
401.7211582660675
402.50666522979736
403.3026623725891
404.12906432151794
404.92603945732117
405.7270267009735
406.5184998512268
407.34297704696655
408.1499526500702
408.9898204803467
409.80575489997864
410.6137135028839
411.4047284126282
412.24222469329834
413.0941309928894
413.92603039741516
414.713027715683
415.5109968185425
416.3059878349304
417.1722881793976
417.9772562980652
418.7981641292572
419.64999413490295
420.43101811408997
421.2120521068573
422.57646775245667
423.3500213623047
424.1110918521881
424.94697427749634
425.7569270133972
426.5723702907562
427.3744103908539
428.2192621231079
428.98335695266724
429.80227494239807
430.6401529312134
431.41120195388794
432.239138841629
433.0441691875458
433.8511621952057
434.69959139823914
435.5969111919403
436.473669052124
437.3040599822998
438.15389490127563
439.0222644805908
439.78383779525757
440.61325573921204
441.4451513290405
442.2620782852173
443.10294485092163
443.9274082183838
444.8002016544342
445.6336123943329
446.443550825119
447.23166131973267
448.03362250328064
448.863516330719
449.68043279647827
450.4824073314667
451.3427474498749
452.20056557655334
452.9965431690216
453.79352593421936
454.55364418029785
455.37356638908386
456.157586812973
456.95260739326477
457.79945492744446
458.60043692588806
459.38244581222534
460.19840240478516
460.9664628505707
461.7559757232666
462.5459713935852
463.85219264030457
464.70163917541504
465.5255479812622
466.3005871772766
467.1065607070923
467.9474093914032
468.8457052707672
469.65763688087463
470.5169653892517
471.3299071788788
472.13885736465454
472.9507882595062
473.7497704029083
474.55972719192505
475.3716757297516
476.1676592826843
476.96265292167664
477.7596344947815
478.5556287765503
479.4039852619171
480.24591517448425
481.075811624527
481.90921092033386
482.73410820961
483.5570168495178
484.4462697505951
485.29321241378784
486.1365900039673
486.95453572273254
487.8014032840729
488.65280842781067
489.5046319961548
490.3400249481201
491.1155700683594
491.92252230644226
492.72052216529846
493.52248072624207
494.34893131256104
495.1668543815613
495.9709093570709
496.7818534374237
497.59778094291687
498.40878319740295
499.1997811794281
500.0206859111786
500.79472732543945
501.60069012641907
502.40666007995605
503.2136642932892
504.0106472969055
505.4002511501312
506.1812777519226
507.0400927066803
507.9044303894043
508.733366727829
509.59166622161865
510.41658186912537
511.23449778556824
512.0414533615112
512.862377166748
513.6967635154724
514.4823176860809
515.2543516159058
516.043347120285
516.8344702720642
517.636429309845
518.4912824630737
519.3127069473267
520.1057116985321
520.8722589015961
521.6632540225983
522.4692189693451
523.2981126308441
524.1255357265472
524.9474601745605
525.7834434509277
526.67165350914
527.4885923862457
528.2895574569702
529.1035146713257
529.9468882083893
530.758837223053
531.5518355369568
532.3323905467987
533.1094357967377
533.9193773269653
534.7123811244965
535.4874188899994
536.2784554958344
537.0823831558228
537.8873484134674
538.6853256225586
539.5022759437561
540.3491356372833
541.1826255321503
541.9596703052521
542.7182323932648
543.55912733078
544.3735756874084
545.2463757991791
546.6578695774078
547.5052394866943
548.3141989707947
549.1490879058838
549.9311068058014
550.739063501358
551.5649938583374
552.4123466014862
553.2522192001343
554.0402159690857
554.8162608146667
555.654139995575
556.4630880355835
557.3045492172241
558.120481967926
558.9583697319031
559.8108417987823
560.5963363647461
561.3783493041992
562.2227246761322
563.0032906532288
563.7962880134583
564.6042544841766
565.4082236289978
566.228654384613
567.1034150123596
567.9388098716736
568.7587199211121
569.5507309436798
570.4045786857605
571.200558423996
572.0997824668884
572.906735420227
573.701730966568
574.6257336139679
575.4286942481995
576.2376401424408
577.0610520839691
577.9573006629944
578.7941627502441
579.6330308914185
580.4389882087708
581.2369570732117
582.1182234287262
582.9605991840363
583.8014707565308
584.6657767295837
585.4737286567688
586.2642135620117
587.0916173458099
588.5021252632141
589.3774094581604
590.1913273334503
590.9882950782776
591.8780152797699
592.6974318027496
593.6425142288208
594.4185373783112
595.231467962265
596.0304300785065
596.8274109363556
597.6493120193481
598.5754537582397
599.4247899055481
600.2716298103333
601.142915725708
601.9668073654175
602.7837226390839
603.6200914382935
604.4489724636078
605.2469456195831
606.0578739643097
606.9341440200806
607.7410881519318
608.6168673038483
609.5120933055878
610.3544433116913
611.188312292099
612.1044754981995
612.9318704605103
613.8679869174957
614.6898865699768
615.5267667770386
616.3800885677338
617.2454121112823
618.1401181221008
619.0014312267303
619.8283257484436
620.6183044910431
621.4103050231934
622.2626647949219
623.0775783061981
623.9343867301941
624.7607891559601
625.5592489242554
626.361216545105
627.1591849327087
627.9362077713013
628.7212097644806
629.4982461929321
630.8361036777496
631.6291058063507
632.416736125946
633.2038111686707
634.0247714519501
634.7889277935028
635.6098396778107
636.3998830318451
637.1669642925262
637.9440243244171
638.7141125202179
639.5570073127747
640.3599936962128
641.1720116138458
641.9550971984863
642.757134437561
643.5398209095001
644.3078112602234
645.0759110450745
645.891854763031
646.696802854538
647.4498872756958
648.2220096588135
649.0105254650116
649.8094894886017
650.619443655014
651.4438719749451
652.306788444519
653.1680970191956
653.9511911869049
654.7762100696564
655.6363387107849
656.4524743556976
657.3093464374542
658.1073884963989
658.9214699268341
659.7509100437164
660.5315401554108
661.3465023040771
662.143961429596
662.99929022789
663.8462266921997
664.7035706043243
665.5484504699707
666.3868350982666
667.188882112503
668.0547797679901
668.8477597236633
669.6892445087433
670.5061719417572
671.7107260227203
671.7416431903839
671.7710785865784
671.7972791194916
671.8272013664246
671.857090473175
671.8865942955017
671.9095597267151
671.9285078048706
671.9474608898163
671.9674165248871
671.9879574775696
672.0069105625153
672.024852514267
672.0428047180176
672.061799287796
672.0813233852386
672.1002478599548
672.1192443370819
672.14013671875
672.1621770858765
672.181679725647
672.2026116847992
672.2225947380066
672.241542339325
672.2605164051056
672.2800986766815
672.2990238666534
672.3169767856598
672.3369216918945
672.3559076786041
672.3744423389435
672.392392873764
672.411345243454
672.4292922019958
672.447247505188
672.4661753177643
672.4856626987457
672.5046374797821
672.5225641727448
672.541517496109
672.5605008602142
672.5790543556213
672.5979993343353
672.6159086227417
672.6338601112366
672.65283370018
672.6713857650757
672.6903831958771
672.7082920074463
673.2828431129456
673.3007969856262
673.3197405338287
673.3386931419373
673.3576426506042
673.3771071434021
673.39506316185
673.4130172729492
673.430967092514
673.448920249939
673.4698610305786
673.4883267879486
673.507276058197
673.5265588760376
673.5454640388489
673.5644245147705
673.5829608440399
673.6029181480408
673.6218593120575
673.6408083438873
673.6588132381439
673.6773254871368
673.6952736377716
673.7142279148102
673.7321329116821
673.7520973682404
673.7700819969177
673.7886774539948
673.8076243400574
673.8265759944916
673.8455309867859
673.8634643554688
673.8810110092163
673.8999364376068
673.9198818206787
673.9378669261932
673.9558126926422
673.9743585586548
673.9933323860168
674.0112843513489
674.0282683372498
674.0472121238708
674.0661404132843
674.0846674442291
674.1036639213562
674.1215965747833
674.140543460846
674.1595387458801
674.1780927181244
674.1960344314575
