16.388412475585938
15.847148895263672
15.30588150024414
14.764617919921875
14.22335147857666
13.682086944580078
13.140819549560547
12.599553108215332
12.058289527893066
11.517024993896484
10.97575855255127
10.434492111206055
10.448504447937012
10.322851181030273
9.893939971923828
9.24218463897705
8.966390609741211
8.827240943908691
8.640776634216309
8.413290977478027
8.150087356567383
7.855659484863281
7.533849716186523
7.187960624694824
6.820843696594238
6.43496036529541
6.032468795776367
5.849549293518066
5.6334733963012695
5.1681623458862305
4.927068710327148
4.739995002746582
4.516245365142822
4.259729385375977
4.442036151885986
4.376761436462402
4.032088756561279
4.322840213775635
4.587866306304932
4.7709150314331055
4.9427595138549805
4.924023628234863
4.908405303955078
4.839653015136719
4.723183631896973
4.563861846923828
4.366041660308838
4.133632659912109
3.8701400756835938
4.079842567443848
4.093235969543457
4.0543212890625
4.119144439697266
4.123127460479736
4.388411521911621
4.417032241821289
4.178452491760254
4.2532219886779785
4.298041820526123
4.284135818481445
4.43890380859375
4.356250286102295
4.026544094085693
3.8108303546905518
4.047934532165527
4.015559196472168
3.746689796447754
4.022729396820068
4.210776329040527
4.144576072692871
3.8542284965515137
3.967228651046753
4.313992023468018
4.431377410888672
4.309934616088867
3.977085590362549
3.835749626159668
4.079434394836426
4.077787399291992
3.8582892417907715
3.875790596008301
4.166901111602783
4.235831260681152
4.082038879394531
3.7301719188690186
4.0906758308410645
4.351894378662109
4.375295639038086
4.186713695526123
3.8091704845428467
4.0296196937561035
4.311895370483398
4.358767032623291
4.195494651794434
3.8446247577667236
3.9665207862854004
4.22843074798584
4.261151313781738
4.088996410369873
3.877824544906616
3.9342269897460938
3.947795867919922
3.9399430751800537
3.9129347801208496
3.86879301071167
3.8093268871307373
3.783334732055664
3.7943198680877686
3.798793315887451
3.7974133491516113
3.790752649307251
3.7793471813201904
3.7723288536071777
3.7649989128112793
3.7382469177246094
3.695066213607788
3.666163921356201
3.6900312900543213
3.7113890647888184
3.710538148880005
3.7043557167053223
3.70635986328125
3.702749252319336
3.694087266921997
3.717090129852295
3.7261009216308594
3.714034080505371
3.683100700378418
3.688971757888794
3.695312261581421
3.7091240882873535
3.701484203338623
3.674635410308838
3.6622390747070312
3.68192195892334
3.6797733306884766
3.658057689666748
3.6740095615386963
3.68953800201416
3.6838085651397705
3.6590323448181152
3.675642728805542
3.6936850547790527
3.6903858184814453
3.6679491996765137
3.664468288421631
3.680628538131714
3.6757752895355225
3.6631927490234375
3.6645426750183105
37.11078643798828
36.60763168334961
35.88496398925781
35.02432632446289
34.068450927734375
33.041568756103516
31.96139144897461
30.842058181762695
29.694658279418945
28.527372360229492
27.344093322753906
26.151369094848633
24.953678131103516
23.751754760742188
22.549625396728516
21.353246688842773
20.21311378479004
19.164676666259766
18.16794776916504
17.205608367919922
16.346439361572266
15.67264175415039
15.106525421142578
14.585140228271484
14.077333450317383
13.575370788574219
13.077604293823242
12.572906494140625
12.062846183776855
11.554288864135742
11.062023162841797
10.578971862792969
10.09542465209961
9.611772537231445
9.146585464477539
8.74828815460205
8.418493270874023
8.126802444458008
7.858211517333984
7.625452041625977
7.453391075134277
7.312382698059082
7.155844688415527
6.973752975463867
6.770532608032227
6.569998741149902
6.402497291564941
6.270778656005859
6.161952972412109
6.0597076416015625
5.948740005493164
5.827548027038574
5.692296981811523
5.552794933319092
5.426974773406982
5.333648681640625
5.260251998901367
5.202143669128418
5.171596050262451
5.151939392089844
5.120169162750244
5.080839157104492
5.047178268432617
5.033849716186523
5.029695510864258
5.024974346160889
5.014587879180908
4.996034622192383
4.970902442932129
4.942074775695801
4.917450904846191
4.895920753479004
4.877784729003906
4.8682122230529785
4.863309860229492
4.856005668640137
4.846493721008301
4.836511611938477
4.832693099975586
4.829710006713867
4.826135158538818
4.821366786956787
4.815455913543701
4.809105396270752
4.803091049194336
4.798098564147949
4.7964863777160645
4.7969465255737305
4.796586513519287
4.795090675354004
4.791343688964844
4.787158012390137
4.782709121704102
4.778611660003662
4.776190280914307
4.7753400802612305
4.775321960449219
4.77516508102417
4.777244567871094
4.777392387390137
4.775331974029541
4.776614189147949
4.776310920715332
4.773076057434082
4.7710418701171875
4.771509647369385
4.7704315185546875
4.771049499511719
4.771625518798828
4.771478176116943
4.770650863647461
4.769603252410889
4.767856597900391
4.768226623535156
4.7671637535095215
4.767470359802246
4.767404079437256
4.7675251960754395
4.766958713531494
4.7666401863098145
4.766740798950195
4.766506195068359
4.7657880783081055
4.766867637634277
4.766653060913086
4.766343116760254
4.766196250915527
4.765739917755127
4.7656331062316895
4.765591621398926
4.766081809997559
4.765617847442627
4.765466690063477
4.766262531280518
4.765069007873535
4.766408920288086
4.766848564147949
4.765308856964111
4.765275955200195
4.765329360961914
4.7646918296813965
4.765344142913818
4.764116287231445
4.765464782714844
4.765113830566406
4.7649431228637695
4.7647552490234375
4.765110969543457
4.765148639678955
4.764105796813965
4.76593017578125
4.765844821929932
4.765517234802246
4.76497745513916
4.764252185821533
4.763623237609863
4.763557434082031
4.763999938964844
4.7642035484313965
4.764188289642334
4.763978004455566
4.76359748840332
4.763532638549805
4.763656139373779
4.76371955871582
4.763724327087402
4.763680458068848
4.763588905334473
4.763453483581543
4.763297080993652
4.7630534172058105
4.762859344482422
4.762978553771973
4.762897491455078
4.762826442718506
4.763059616088867
4.763079643249512
4.762857437133789
4.762775421142578
4.763011932373047
4.763038158416748
4.762875556945801
4.762537956237793
4.762672424316406
4.762874603271484
4.762839317321777
4.762652397155762
4.7625346183776855
4.762573719024658
4.762638092041016
4.762500762939453
4.762388706207275
4.762404918670654
4.762499809265137
4.762363433837891
4.762239456176758
4.762307643890381
4.762180328369141
4.762260913848877
4.7622809410095215
4.762065887451172
4.762267589569092
4.7623701095581055
4.76227331161499
4.762004852294922
4.762040615081787
4.762022495269775
4.76195764541626
4.761849880218506
4.761902332305908
4.761945724487305
4.761921405792236
4.761986255645752
4.761861324310303
4.7618207931518555
4.761855125427246
4.761690139770508
4.761801242828369
4.761832237243652
4.761741638183594
4.761666297912598
4.761762619018555
4.761777877807617
4.761599540710449
4.7616472244262695
4.761707305908203
4.761677265167236
4.761566162109375
4.761431694030762
4.761698246002197
4.761763572692871
4.761634826660156
4.761331558227539
4.761540412902832
4.761728286743164
4.761663436889648
4.761367321014404
4.761255264282227
4.761416435241699
4.76137113571167
4.761178970336914
4.761199951171875
4.76116943359375
4.761091709136963
4.761071681976318
4.76096773147583
4.761116981506348
4.761144638061523
4.760934829711914
4.761115074157715
4.761233329772949
4.761166572570801
4.760926723480225
4.761078834533691
4.761234283447266
4.761150360107422
4.760909557342529
4.760974884033203
4.76106071472168
4.760951042175293
4.760956287384033
4.761015892028809
4.761101722717285
4.760973930358887
4.760840892791748
4.761169910430908
4.761299133300781
4.761231422424316
4.760984897613525
4.760918617248535
4.761087417602539
4.761017322540283
4.760838508605957
4.761009216308594
4.7610883712768555
4.760977745056152
4.760856628417969
4.760915279388428
4.760892868041992
4.760830879211426
4.760812759399414
4.760776996612549
4.760917663574219
4.760918617248535
4.760807991027832
4.760903358459473
4.76084041595459
4.760805606842041
4.760956764221191
4.760863304138184
4.760776996612549
4.760951995849609
4.760930061340332
4.760835647583008
4.760867118835449
4.7608537673950195
4.760790824890137
4.760740756988525
4.760745048522949
4.76082706451416
4.760834693908691
4.760789394378662
4.760854721069336
4.760766506195068
4.7608113288879395
4.760843276977539
4.760824203491211
4.760868072509766
4.760860443115234
4.760805130004883
4.760860443115234
4.760807514190674
4.760746955871582
4.760875701904297
4.760807991027832
4.760775566101074
4.760834217071533
4.760735988616943
4.7607741355896
4.760697841644287
4.7608137130737305
4.76084041595459
4.760739326477051
4.760776519775391
4.760764122009277
4.760707855224609
4.760723114013672
4.760695457458496
4.760761737823486
4.760650157928467
4.760666370391846
4.760695934295654
4.7606201171875
4.760684013366699
4.760653018951416
4.760776519775391
4.760740280151367
4.76069974899292
4.760758876800537
4.76069450378418
4.7606401443481445
4.7606120109558105
4.760622978210449
4.760733604431152
4.760673522949219
4.760773658752441
4.7608184814453125
4.760685920715332
4.7606706619262695
4.760610103607178
138.35203552246094
123.53874969482422
108.33070373535156
92.9803466796875
78.96015167236328
68.6749038696289
62.804466247558594
55.528167724609375
49.4713249206543
45.678375244140625
40.860107421875
34.99440383911133
31.455936431884766
29.224796295166016
25.409523010253906
19.669172286987305
14.835204124450684
11.84657096862793
11.225177764892578
11.857065200805664
13.457493782043457
14.418505668640137
15.147953033447266
15.0556001663208
13.953304290771484
13.923921585083008
14.189352989196777
13.438283920288086
11.774967193603516
9.517664909362793
8.822948455810547
9.35948371887207
9.860515594482422
9.705465316772461
8.93092155456543
8.572620391845703
8.70672607421875
8.478456497192383
8.191518783569336
7.891262054443359
8.064428329467773
8.363086700439453
8.521982192993164
8.071598052978516
7.485622406005859
7.1486897468566895
7.346643447875977
7.598535537719727
7.73371696472168
7.0242600440979
6.558548927307129
6.918517112731934
7.369028568267822
7.407266616821289
6.902663707733154
6.897583961486816
6.41764497756958
6.667213439941406
6.779796600341797
6.055905342102051
6.0836501121521
6.474174499511719
6.478986740112305
6.23867130279541
6.176513671875
6.463963508605957
6.272305488586426
6.3317718505859375
6.046669960021973
6.152313232421875
6.421211242675781
6.14494514465332
6.209034442901611
6.193909645080566
6.15452241897583
6.230283260345459
5.982355117797852
6.204388618469238
6.293225288391113
6.207128524780273
5.839921474456787
6.2024312019348145
6.258640289306641
6.17069149017334
6.234301567077637
6.156325817108154
6.1898298263549805
6.539463043212891
6.571285247802734
6.123108863830566
6.335450649261475
6.523968696594238
6.363927841186523
6.305876731872559
6.34985876083374
6.562350273132324
6.427437782287598
6.4437479972839355
6.394062042236328
6.591001510620117
6.784699440002441
6.763249397277832
6.831610202789307
6.395671367645264
6.297098159790039
6.694015026092529
7.0988569259643555
6.689530372619629
6.654165267944336
6.647497177124023
6.846055030822754
6.810911655426025
6.7175421714782715
6.413593292236328
6.572322845458984
6.764486312866211
6.683625221252441
6.503460884094238
6.453807353973389
6.356827259063721
6.084733963012695
6.45175838470459
6.470355987548828
6.164149284362793
6.053696155548096
6.095444202423096
6.531299114227295
6.293997764587402
6.25480842590332
6.6606903076171875
6.743418216705322
6.171890735626221
6.190304279327393
6.24075984954834
6.2366414070129395
6.398959636688232
6.374792098999023
6.375552654266357
6.673850059509277
6.695922374725342
6.179401874542236
6.79729700088501
6.815881252288818
6.25343132019043
6.036332130432129
6.621229648590088
6.55577278137207
6.616181373596191
6.805503845214844
6.551565170288086
10.992433547973633
10.804919242858887
10.488225936889648
10.143570899963379
9.855546951293945
9.566967964172363
9.485211372375488
9.53222942352295
9.548715591430664
9.540535926818848
9.447154998779297
9.384474754333496
9.415947914123535
9.40592098236084
9.363808631896973
9.263077735900879
9.149518966674805
9.189098358154297
9.203381538391113
9.213188171386719
9.19374942779541
9.155904769897461
9.110605239868164
9.038966178894043
8.983717918395996
8.990026473999023
8.99502944946289
8.997383117675781
8.972290992736816
8.962450981140137
8.94090747833252
8.904358863830566
8.874141693115234
8.869769096374512
8.93501091003418
8.958250045776367
8.923944473266602
8.914093971252441
8.873146057128906
8.885007858276367
8.905710220336914
8.900036811828613
8.896418571472168
8.877996444702148
8.866640090942383
8.87433910369873
8.891201972961426
8.883774757385254
8.856090545654297
8.825420379638672
10.05516529083252
10.647619247436523
10.34954833984375
9.922943115234375
9.820353507995605
9.780786514282227
9.66987133026123
9.520354270935059
9.38161849975586
9.204965591430664
9.070760726928711
9.093035697937012
9.130270957946777
9.149150848388672
9.158530235290527
9.130151748657227
9.117242813110352
9.092041969299316
9.080780982971191
9.054211616516113
8.976606369018555
8.945856094360352
8.969029426574707
8.928825378417969
8.891289710998535
8.944701194763184
8.966775894165039
8.929862976074219
8.905226707458496
8.94157600402832
8.939563751220703
8.918910026550293
8.925925254821777
8.923236846923828
8.870810508728027
8.86535930633545
8.919599533081055
8.88202953338623
8.865764617919922
8.841856002807617
8.876137733459473
8.900779724121094
8.886307716369629
8.894661903381348
8.860860824584961
8.881272315979004
8.910143852233887
8.930596351623535
8.879548072814941
8.852701187133789
8.904449462890625
8.939236640930176
8.921340942382812
8.866944313049316
8.881728172302246
8.893852233886719
8.864836692810059
8.857270240783691
8.871077537536621
8.905525207519531
8.922430992126465
8.868370056152344
8.87601089477539
8.883955955505371
8.904716491699219
8.882099151611328
8.917991638183594
8.919367790222168
8.888622283935547
8.887616157531738
8.906072616577148
8.950614929199219
8.912317276000977
8.91943073272705
8.889850616455078
8.887031555175781
8.876177787780762
8.8704252243042
8.938470840454102
8.936554908752441
8.900956153869629
8.906578063964844
8.897781372070312
8.946733474731445
8.930347442626953
8.933426856994629
8.897668838500977
8.858448028564453
8.907028198242188
8.957674026489258
8.940253257751465
8.873026847839355
8.849711418151855
8.857250213623047
8.870572090148926
8.895990371704102
8.853935241699219
8.853569030761719
8.87208080291748
8.833541870117188
8.856250762939453
8.227380752563477
7.918021202087402
7.687880516052246
7.595865249633789
7.61236047744751
7.666825771331787
7.73056697845459
7.866493225097656
7.9994096755981445
8.063627243041992
8.040069580078125
7.95623779296875
7.839354515075684
7.709434986114502
7.559709548950195
7.390860557556152
7.19895076751709
7.008909225463867
6.842315673828125
6.819271087646484
6.920845985412598
7.021106719970703
7.0823869705200195
7.063728332519531
6.981671333312988
6.869314670562744
6.767980098724365
6.676838397979736
6.651762962341309
6.6868486404418945
6.712392807006836
6.716130256652832
6.683675765991211
6.6397552490234375
6.584070205688477
6.534509658813477
6.537459373474121
6.567763328552246
6.5625762939453125
6.535618782043457
6.501309394836426
6.4590935707092285
6.4421000480651855
6.456157684326172
6.453275680541992
6.437443733215332
6.412534236907959
6.3980889320373535
6.404025077819824
6.404542922973633
6.39066743850708
6.377174377441406
6.362804412841797
6.355853080749512
6.352115154266357
6.351842403411865
6.349036693572998
6.343173980712891
6.337418556213379
6.336030006408691
6.328320503234863
6.325939655303955
6.320913314819336
6.31208610534668
6.307537078857422
6.306981086730957
6.307678699493408
6.308866500854492
6.310201644897461
6.310868263244629
6.305492401123047
6.305562973022461
6.3039398193359375
6.301835060119629
6.302069664001465
6.3041672706604
6.306781768798828
6.302994728088379
6.30482292175293
6.307624816894531
6.30631685256958
6.309718132019043
6.312628746032715
6.316005229949951
6.31657075881958
6.316720485687256
6.316300868988037
6.314818382263184
6.313897609710693
6.310645580291748
6.308520317077637
6.307651519775391
6.306960582733154
6.306416034698486
6.305402755737305
6.306519985198975
6.304977893829346
6.306660175323486
6.309139251708984
6.307480812072754
6.305624961853027
6.305063247680664
6.302730560302734
6.305371284484863
6.30467414855957
6.305926322937012
6.30576229095459
6.3051958084106445
6.307389259338379
6.3056745529174805
6.308599948883057
6.308116436004639
6.307419776916504
6.307321548461914
6.308524131774902
6.308365821838379
6.308417320251465
6.309103012084961
6.3099470138549805
6.309038162231445
6.308878421783447
6.309028148651123
6.308576583862305
6.309029579162598
6.309953689575195
6.307361125946045
6.307697296142578
6.306539058685303
6.30586051940918
6.3064374923706055
6.3058977127075195
6.306799411773682
6.3053388595581055
6.303788661956787
6.303584098815918
6.303866386413574
6.301496505737305
6.302175998687744
6.303192138671875
6.302137851715088
6.300864219665527
6.301852703094482
6.303061485290527
6.303719997406006
6.302559852600098
6.302901268005371
6.304442882537842
6.3048224449157715
6.304505825042725
6.305112838745117
6.306107044219971
6.307987689971924
6.307873725891113
6.307399749755859
6.309056758880615
6.310193061828613
6.307039737701416
6.307743072509766
6.306646347045898
6.3065505027771
6.304006576538086
6.306327819824219
6.304502487182617
6.303677558898926
6.304294586181641
6.304283142089844
6.3047895431518555
6.3053388595581055
6.307448863983154
6.307916164398193
6.308838844299316
6.307773113250732
6.306423187255859
6.306475639343262
6.308807373046875
6.307765007019043
6.309017181396484
6.3078508377075195
6.310103416442871
6.309825897216797
6.308297634124756
6.308067321777344
6.307150840759277
6.307218551635742
6.306061744689941
6.30483865737915
6.3038506507873535
6.304992198944092
6.305306911468506
6.3047685623168945
6.304914474487305
6.303535461425781
6.302928924560547
6.3052873611450195
6.305757522583008
6.3069233894348145
6.308001518249512
6.306748390197754
6.308424949645996
6.309030532836914
6.307895183563232
6.30746603012085
6.306382179260254
6.306978702545166
6.306288719177246
6.304714202880859
6.305537223815918
6.305124282836914
6.304324626922607
6.30415678024292
6.304253578186035
6.302939414978027
6.306801795959473
6.307361125946045
6.307477951049805
6.307407855987549
6.30728816986084
6.310311317443848
6.308570861816406
6.308535575866699
6.3103508949279785
6.309144496917725
6.30881404876709
6.304384231567383
6.302441120147705
6.302821159362793
6.301666259765625
6.300772190093994
6.30096435546875
6.304091453552246
6.304718971252441
6.304169178009033
6.3033671379089355
6.304075241088867
6.306851387023926
6.307300090789795
6.308842658996582
6.310015678405762
6.309353828430176
6.309454917907715
6.3100266456604
6.308372497558594
6.309004783630371
6.309121608734131
6.3081769943237305
6.307749271392822
6.308259963989258
6.308416366577148
6.30751895904541
6.305734634399414
6.303979873657227
6.303366184234619
6.305802822113037
6.30583381652832
6.306434631347656
6.30776834487915
6.308262825012207
6.309410095214844
6.310308456420898
6.310998916625977
6.312014102935791
6.311617851257324
6.311459541320801
6.309969902038574
6.308703422546387
6.3078460693359375
6.307710647583008
6.305479049682617
6.304467678070068
6.304409027099609
6.303918838500977
6.304777145385742
6.305940628051758
6.306007385253906
6.307304859161377
6.308072090148926
6.308965682983398
6.308396339416504
6.3083391189575195
6.3104963302612305
6.31006383895874
6.310057640075684
6.309839725494385
6.310140132904053
6.310709476470947
6.308837890625
6.309635162353516
6.310173988342285
6.30970573425293
6.310481548309326
6.311140537261963
6.311812877655029
6.311742305755615
6.3107476234436035
6.3109235763549805
6.311233043670654
6.311689376831055
6.311947822570801
6.311542987823486
0.5869950652122498
0.5790566802024841
0.5714112520217896
0.5642986297607422
0.55784672498703
0.5519880652427673
0.5466514825820923
0.5417751669883728
0.5373144149780273
0.5332788825035095
0.5296069383621216
0.5263839960098267
0.5235743522644043
0.5212174654006958
0.5193051099777222
0.5178369879722595
0.5169225931167603
0.5164915919303894
0.516615629196167
0.5170000195503235
0.5173102021217346
0.5172321796417236
0.5167809724807739
0.5161918997764587
0.5154897570610046
0.514768660068512
0.5140647292137146
0.5133860111236572
0.5128157734870911
0.512424647808075
0.5122547149658203
0.5122380256652832
0.5123629570007324
0.5124140977859497
0.5122992396354675
0.5120894312858582
0.5118418335914612
0.5115591287612915
0.511297881603241
0.5111356973648071
0.5110608339309692
0.5110374689102173
0.51105797290802
0.5110340118408203
0.5109326243400574
0.5108156204223633
0.5107443928718567
0.5106502771377563
0.5105800032615662
0.5105156898498535
0.5105192065238953
0.5105358362197876
0.5105024576187134
0.5104681253433228
0.51039057970047
0.5103037357330322
0.5102692246437073
0.5103036165237427
0.5103245377540588
0.510320246219635
0.5102623701095581
0.5102012157440186
0.5101923942565918
0.5102284550666809
0.5102379322052002
0.5102145075798035
0.5101938843727112
0.5101807117462158
0.5101873874664307
0.5101785063743591
0.5101469159126282
0.5101457834243774
0.5101611614227295
0.5101551413536072
0.5101370811462402
0.510116457939148
0.5101069211959839
0.510118842124939
0.5101261138916016
0.5101175904273987
0.5100982189178467
0.5100922584533691
0.5100842118263245
0.510108470916748
0.510120153427124
0.5101158618927002
0.5101163387298584
0.5101003646850586
0.5101290941238403
0.5101312398910522
0.5101075172424316
0.5101104974746704
0.5101302266120911
0.5101288557052612
0.5101207494735718
0.5101093649864197
0.5101022720336914
0.5100917816162109
0.5100979804992676
0.5100868344306946
