15.075443267822266
14.5341796875
13.992913246154785
13.45164966583252
12.910382270812988
12.369118690490723
11.827852249145508
11.286584854125977
10.745321273803711
10.204057693481445
9.662790298461914
9.1215238571167
8.580260276794434
8.038995742797852
7.497729301452637
6.956462383270264
6.415198802947998
5.873934745788574
5.332668304443359
5.4828033447265625
5.352313995361328
4.917801856994629
4.2566046714782715
3.714425802230835
3.5372555255889893
3.320862293243408
3.069737434387207
2.969609260559082
2.937781810760498
2.5861456394195557
2.416555643081665
2.711580753326416
2.8598620891571045
2.962174892425537
3.0003368854522705
2.9790685176849365
2.904604434967041
2.782493829727173
2.736642837524414
2.7424187660217285
2.4960293769836426
2.415437936782837
2.288219451904297
2.1552205085754395
2.3485004901885986
2.3489489555358887
2.5087878704071045
2.6182680130004883
2.662254810333252
2.6473805904388428
2.5795936584472656
2.4642422199249268
2.3061156272888184
2.1432175636291504
2.2191152572631836
2.338176965713501
2.3797049522399902
2.419583559036255
2.4012162685394287
2.330458164215088
2.3481204509735107
2.187620162963867
2.4137139320373535
2.5117902755737305
2.3504064083099365
2.32352614402771
2.5409414768218994
2.5625691413879395
2.364316463470459
2.2707552909851074
2.4007797241210938
2.41436505317688
2.1902055740356445
2.449622631072998
2.603203058242798
2.509279489517212
2.2991509437561035
2.346949338912964
2.390591859817505
2.2974462509155273
2.219305992126465
2.271744728088379
2.125509023666382
2.216750383377075
2.2166430950164795
2.246150493621826
2.2185728549957275
2.139620542526245
2.1916656494140625
2.2502050399780273
2.2487566471099854
2.193319797515869
2.2098212242126465
2.156291961669922
2.2822275161743164
2.1997392177581787
2.30794095993042
2.3515090942382812
2.2560253143310547
2.2624433040618896
2.2369041442871094
2.2123231887817383
2.1681487560272217
2.1784589290618896
2.184915542602539
2.189807653427124
2.2034451961517334
2.193596839904785
2.1628305912017822
2.1375701427459717
2.142664909362793
2.165736198425293
2.164776563644409
2.1423771381378174
2.109360694885254
2.148197650909424
2.1652088165283203
2.159061908721924
2.132239818572998
2.1205930709838867
2.154606580734253
2.1651804447174072
2.1535143852233887
2.1219804286956787
2.1334052085876465
2.156698703765869
2.1567537784576416
2.1360232830047607
2.1093873977661133
2.1240010261535645
2.116513252258301
2.116849899291992
2.120840549468994
2.1137893199920654
2.1227166652679443
2.1208019256591797
2.107381820678711
2.1068737506866455
2.119959831237793
2.118363857269287
2.109339714050293
2.109654188156128
2.1133646965026855
2.108593225479126
2.1041364669799805
2.1140620708465576
2.113077163696289
2.117396831512451
2.1123290061950684
2.1099953651428223
26.125362396240234
25.5523681640625
24.782798767089844
23.87441635131836
22.880910873413086
21.818452835083008
20.703216552734375
19.549022674560547
18.368011474609375
17.19780158996582
16.199134826660156
15.253679275512695
14.369148254394531
13.71304702758789
13.146820068359375
12.603334426879883
12.066374778747559
11.527681350708008
10.982258796691895
10.436758041381836
9.928237915039062
9.466524124145508
9.011269569396973
8.554302215576172
8.087425231933594
7.6370744705200195
7.252979278564453
6.9297661781311035
6.654480934143066
6.406452178955078
6.170536041259766
5.925471305847168
5.672301292419434
5.40791130065918
5.136810302734375
4.87992000579834
4.67735481262207
4.526074409484863
4.3921966552734375
4.257312774658203
4.116025924682617
3.9678502082824707
3.8164806365966797
3.679227352142334
3.5648791790008545
3.484437942504883
3.4315385818481445
3.385687828063965
3.326486110687256
3.253329277038574
3.1744585037231445
3.099806070327759
3.0390801429748535
2.9920947551727295
2.955951452255249
2.9314894676208496
2.908855676651001
2.886040210723877
2.870086431503296
2.8563663959503174
2.84391450881958
2.830076217651367
2.81318998336792
2.792466878890991
2.7732315063476562
2.751140832901001
2.728105306625366
2.709232807159424
2.693723678588867
2.6792404651641846
2.6675593852996826
2.656243324279785
2.6444671154022217
2.634451389312744
2.6313910484313965
2.629241704940796
2.6296753883361816
2.6310617923736572
2.631680488586426
2.6320629119873047
2.6303482055664062
2.626316785812378
2.6244218349456787
2.6225457191467285
2.6215665340423584
2.6181447505950928
2.6154227256774902
2.6118030548095703
2.6084794998168945
2.606678009033203
2.6052980422973633
2.605365037918091
2.604794502258301
2.604724407196045
2.6045939922332764
2.604412078857422
2.6043405532836914
2.6036300659179688
2.6038637161254883
2.603172540664673
2.6017212867736816
2.6010663509368896
2.6018471717834473
2.6013870239257812
2.60040545463562
2.602457284927368
2.6024045944213867
2.6002509593963623
2.6006710529327393
2.6017355918884277
2.6001927852630615
2.5990536212921143
2.5997769832611084
2.598571300506592
2.5983223915100098
2.598254680633545
2.597656726837158
2.5971577167510986
2.5984225273132324
2.5975308418273926
2.597257137298584
2.597083568572998
2.59702205657959
2.5977823734283447
2.596632957458496
2.599076747894287
2.599466323852539
2.597433090209961
2.5983872413635254
2.5996711254119873
2.59879207611084
2.596315622329712
2.597113609313965
2.5964393615722656
2.597349166870117
2.5977325439453125
2.596115827560425
2.5982203483581543
2.5991008281707764
2.5975375175476074
2.5962588787078857
2.5972115993499756
2.5960426330566406
2.596782684326172
2.597273826599121
2.596614360809326
2.595963716506958
2.5958480834960938
2.5962183475494385
2.5965023040771484
2.5954952239990234
2.5953545570373535
2.595168113708496
2.594942331314087
2.5946850776672363
2.594794273376465
2.594878673553467
2.594754695892334
2.594573974609375
2.5945324897766113
2.594811201095581
2.594869613647461
2.594694137573242
2.594425678253174
2.5943970680236816
2.5944221019744873
2.5943570137023926
2.5941035747528076
2.594350814819336
2.594470739364624
2.594346284866333
2.594269037246704
2.594160556793213
2.5943994522094727
2.5944933891296387
2.5943827629089355
2.5940909385681152
2.594111204147339
2.594160318374634
2.5943102836608887
2.5942091941833496
2.593919515609741
2.5937342643737793
2.5940048694610596
2.594097137451172
2.593985080718994
2.5937323570251465
2.5936598777770996
2.5936973094940186
2.5936081409454346
2.593550205230713
2.5934860706329346
2.5934417247772217
2.593477249145508
2.5934441089630127
2.5933618545532227
2.5934760570526123
2.5934205055236816
2.5932488441467285
2.593242883682251
2.593233346939087
2.5932371616363525
2.593172788619995
2.593240737915039
2.593202590942383
2.593082904815674
2.5931801795959473
2.59308123588562
2.5931074619293213
2.5932459831237793
2.5931663513183594
2.592944383621216
2.593132257461548
2.593181610107422
2.593034029006958
2.5928475856781006
2.5928902626037598
2.5928101539611816
2.592801094055176
2.5926804542541504
2.5927367210388184
2.592684030532837
2.592662811279297
2.5925889015197754
2.5925652980804443
2.59259295463562
2.59257173538208
2.5924882888793945
2.5926806926727295
2.592668056488037
2.592435121536255
2.592566967010498
2.5925686359405518
2.5923807621002197
2.5925943851470947
2.592674970626831
2.5925283432006836
2.5922658443450928
2.5923264026641846
2.5921943187713623
2.5924203395843506
2.5924527645111084
2.5922532081604004
2.592250347137451
2.592349052429199
2.5922443866729736
2.5921754837036133
2.592196464538574
2.592226505279541
2.5920708179473877
2.592064380645752
2.5921621322631836
2.5920629501342773
2.5920052528381348
2.592054605484009
2.591907501220703
2.592102289199829
2.5921061038970947
2.591963768005371
2.592080593109131
2.5920636653900146
2.591914176940918
2.591914176940918
2.592010498046875
2.592001438140869
2.5919628143310547
2.5920073986053467
2.591956853866577
2.5920002460479736
2.592005968093872
2.591916084289551
2.591905355453491
2.592005729675293
2.591975212097168
2.591959238052368
2.591973304748535
2.5918829441070557
2.5918455123901367
2.5918471813201904
2.591876983642578
2.591945171356201
2.591909646987915
2.591886520385742
2.5918631553649902
2.5919487476348877
2.591911554336548
2.592028856277466
2.5920817852020264
2.592087745666504
2.592010259628296
2.5918972492218018
2.592122793197632
2.592161178588867
2.592015266418457
2.5919277667999268
2.592027425765991
2.5919806957244873
2.591972827911377
2.591909885406494
2.591836929321289
2.591891050338745
2.5919034481048584
2.5919301509857178
2.5919575691223145
2.5919361114501953
2.5919179916381836
2.59186053276062
2.5918478965759277
2.5918917655944824
2.591851234436035
2.5918874740600586
2.5918707847595215
2.5918221473693848
2.591762065887451
2.591856002807617
2.591813325881958
2.5918216705322266
2.5918242931365967
2.5918002128601074
2.59184193611145
2.591801643371582
2.5918753147125244
2.591778516769409
2.5918378829956055
2.591796875
2.591815948486328
2.591789960861206
2.5917670726776123
2.591810941696167
2.591750383377075
2.5917882919311523
2.5918140411376953
2.5918097496032715
2.591747283935547
2.5918326377868652
2.591808319091797
2.591801166534424
2.591827869415283
2.5918102264404297
2.5918405055999756
2.5917515754699707
2.5917022228240967
2.5917723178863525
2.591809034347534
2.591783046722412
2.59185791015625
2.591735363006592
2.5919032096862793
2.5919766426086426
2.59185791015625
125.98915100097656
121.4736099243164
117.15336608886719
112.89208984375
108.56304168701172
104.2082290649414
100.07474517822266
96.44527435302734
92.77626037597656
89.18241119384766
85.4758071899414
81.7845458984375
78.00955200195312
74.28993225097656
70.8630142211914
67.50276184082031
64.30066680908203
61.08295440673828
57.981346130371094
54.9626350402832
51.954856872558594
49.41603088378906
47.25004196166992
45.08524703979492
42.8189697265625
41.14253234863281
39.857208251953125
38.67706298828125
37.28559494018555
35.65585708618164
34.04278564453125
32.29639434814453
30.44761085510254
28.4307918548584
26.34715461730957
24.386877059936523
22.68514060974121
21.361520767211914
20.11365509033203
18.743328094482422
17.48352813720703
16.447208404541016
15.5253324508667
14.529364585876465
13.48420524597168
12.462550163269043
11.499963760375977
10.472214698791504
9.638291358947754
9.096567153930664
8.716975212097168
8.340768814086914
7.961009502410889
7.283068656921387
6.863918304443359
6.543725967407227
6.1802449226379395
5.984829425811768
6.088778495788574
6.34754753112793
6.500130653381348
6.615396022796631
6.6414384841918945
6.591635227203369
6.471413612365723
6.498818874359131
6.491980075836182
6.360833644866943
6.191225051879883
6.064373016357422
5.837959289550781
5.715716361999512
5.543424606323242
5.482203006744385
5.367089748382568
5.2737202644348145
5.150968551635742
5.032937526702881
4.944360733032227
4.808919429779053
4.766794204711914
4.824606418609619
4.754510879516602
4.621793746948242
4.5756025314331055
4.450217247009277
4.387259006500244
4.496266841888428
4.428613662719727
4.216526985168457
4.212574481964111
4.331227779388428
4.347400665283203
4.2068610191345215
4.095015525817871
4.060184955596924
3.975555419921875
3.836087703704834
3.8118185997009277
3.873615264892578
3.774336576461792
3.744537830352783
3.6460070610046387
3.6846237182617188
3.7204856872558594
3.621229648590088
3.5862302780151367
3.612403392791748
3.498631715774536
3.427734375
3.3835835456848145
3.50687837600708
3.4665982723236084
3.3217275142669678
3.2493176460266113
3.2117111682891846
3.1676435470581055
3.1554059982299805
3.1390743255615234
3.0866689682006836
2.983943462371826
3.0257205963134766
3.1073343753814697
3.083768367767334
2.9949474334716797
2.8627195358276367
2.983977794647217
3.0830190181732178
3.0800440311431885
2.9219212532043457
2.8677821159362793
2.959563970565796
2.9698338508605957
2.834185838699341
2.819431781768799
2.9844603538513184
3.01060152053833
2.8694541454315186
2.819585084915161
2.8327646255493164
2.7978525161743164
2.708414077758789
2.9087085723876953
2.942890167236328
2.822816848754883
2.789184808731079
2.8732211589813232
2.8837928771972656
2.737905502319336
2.633376121520996
23.717098236083984
23.622425079345703
23.48468017578125
23.35889434814453
23.23843002319336
23.128398895263672
23.041866302490234
22.979930877685547
22.932924270629883
22.889225006103516
22.850631713867188
22.81127166748047
22.78076171875
22.75812530517578
22.742774963378906
22.73822593688965
22.746002197265625
22.74625015258789
22.74397087097168
22.731117248535156
22.718883514404297
22.707454681396484
22.698806762695312
22.693021774291992
22.69570541381836
22.698328018188477
22.706470489501953
22.721771240234375
22.734703063964844
22.74786949157715
22.759380340576172
22.76890754699707
22.778322219848633
22.786672592163086
22.798521041870117
22.805177688598633
22.81365966796875
22.814800262451172
22.819852828979492
22.82488441467285
22.830549240112305
22.831554412841797
22.83220672607422
22.83285903930664
22.832195281982422
22.832857131958008
22.82750129699707
22.823591232299805
22.821460723876953
22.820926666259766
22.817256927490234
22.815553665161133
22.812345504760742
22.814298629760742
22.81302261352539
22.81285858154297
22.81760025024414
22.81490135192871
22.812236785888672
22.813030242919922
22.813987731933594
22.81572151184082
22.81305694580078
22.814634323120117
22.80843734741211
22.80875587463379
22.804719924926758
22.799171447753906
22.79578399658203
22.794456481933594
22.7929630279541
22.789228439331055
22.78815269470215
22.785301208496094
22.784767150878906
22.78143310546875
22.779603958129883
22.780628204345703
22.779090881347656
22.776803970336914
22.77669334411621
22.7796688079834
22.781837463378906
22.781007766723633
22.781436920166016
22.778560638427734
22.77825164794922
22.77957534790039
22.780649185180664
22.77997589111328
22.779199600219727
22.777889251708984
22.777738571166992
22.777332305908203
22.7764949798584
22.776704788208008
22.775970458984375
22.77613067626953
22.774877548217773
22.774417877197266
22.773611068725586
22.772727966308594
22.772741317749023
22.773822784423828
22.773765563964844
22.77443504333496
22.77300262451172
22.772958755493164
22.773208618164062
22.772993087768555
22.77313995361328
22.7734375
22.773775100708008
22.772985458374023
22.77356719970703
22.773597717285156
22.774032592773438
22.772830963134766
22.772310256958008
22.772323608398438
22.772119522094727
22.77112579345703
22.770612716674805
22.770597457885742
22.769269943237305
22.77011489868164
22.769926071166992
22.76934814453125
22.769161224365234
22.76885986328125
22.76920509338379
22.76901626586914
22.768821716308594
22.7685546875
22.768461227416992
22.768352508544922
22.768157958984375
22.767972946166992
22.767776489257812
22.767578125
22.76732063293457
22.767024993896484
22.76683235168457
22.76610565185547
22.765901565551758
22.766237258911133
22.76616096496582
22.76597023010254
22.765771865844727
22.765653610229492
22.765459060668945
21.5665340423584
20.400005340576172
19.270444869995117
18.18584632873535
17.185062408447266
16.30354118347168
15.58211898803711
14.990859031677246
14.439617156982422
13.888911247253418
13.315625190734863
12.739239692687988
12.16999340057373
11.61983871459961
11.111588478088379
10.634491920471191
10.215497970581055
9.876382827758789
9.587433815002441
9.334388732910156
9.057526588439941
8.727940559387207
8.366683006286621
7.969987869262695
7.608089923858643
7.31883430480957
7.091159343719482
6.9046549797058105
6.719710350036621
6.584870338439941
6.507443904876709
6.481388568878174
6.47389030456543
6.442095756530762
6.3777756690979
6.283209800720215
6.147683143615723
5.9921674728393555
5.842966556549072
5.7157673835754395
5.621789932250977
5.547144889831543
5.483132362365723
5.424474716186523
5.387330055236816
5.362529754638672
5.31857442855835
5.2727837562561035
5.233788013458252
5.193385601043701
5.15179443359375
5.116842269897461
5.106514930725098
5.108519554138184
5.10994815826416
5.10599946975708
5.093376159667969
5.075786590576172
5.054681301116943
5.029255390167236
5.002912521362305
4.981681823730469
4.966226100921631
4.9597578048706055
4.958237171173096
4.953468322753906
4.943730354309082
4.929474830627441
4.920829772949219
4.918502330780029
4.918947219848633
4.917566299438477
4.911705493927002
4.903402805328369
4.894272327423096
4.887326240539551
4.885311126708984
4.887219429016113
4.887916564941406
4.884591579437256
4.879583358764648
4.873419284820557
4.870349407196045
4.869399547576904
4.868180274963379
4.865108489990234
4.861897945404053
4.858372688293457
4.856254577636719
4.855630397796631
4.855147838592529
4.8534393310546875
4.850369930267334
4.848725318908691
4.847026824951172
4.846037864685059
4.845041751861572
4.843764305114746
4.841915607452393
4.839855194091797
4.838977813720703
4.8386969566345215
4.837441444396973
4.834705352783203
4.834010124206543
4.8333420753479
4.832711696624756
4.8310651779174805
4.829958915710449
4.829929351806641
4.828602313995361
4.827426910400391
4.825564861297607
4.825340747833252
4.825002670288086
4.82293701171875
4.822414398193359
4.822295188903809
4.822086811065674
4.821778297424316
4.821403503417969
4.821346282958984
4.821312427520752
4.819732666015625
4.819820880889893
4.819705963134766
4.81973934173584
4.819644927978516
4.819518089294434
4.819594383239746
4.819568157196045
4.819530010223389
4.819478988647461
4.819460391998291
4.819484710693359
4.8194451332092285
4.819315433502197
4.81934928894043
4.81932258605957
4.819296360015869
4.819286346435547
4.819260120391846
4.819229602813721
4.81919527053833
4.819076061248779
4.819140434265137
4.819098949432373
4.820486068725586
4.820458889007568
4.820430755615234
4.821605682373047
4.8215837478637695
4.821592330932617
4.821533203125
4.821503162384033
4.820708274841309
4.820675849914551
4.820652008056641
4.820624828338623
4.820598125457764
4.820575714111328
4.820551872253418
4.820527076721191
4.820501327514648
4.8204803466796875
4.821235656738281
4.820680141448975
4.819781303405762
4.819762229919434
4.8197479248046875
4.819729328155518
4.8197102546691895
4.819692611694336
4.819678783416748
4.8196611404418945
4.819645881652832
4.819631576538086
4.81961727142334
4.819600582122803
4.818810939788818
4.818797588348389
4.818784236907959
4.818769454956055
4.818756103515625
4.818742752075195
4.818731307983398
4.818718910217285
4.81870698928833
4.818695545196533
4.81868314743042
4.8186726570129395
4.818659782409668
4.8186492919921875
4.818638801574707
4.818626403808594
4.818615436553955
4.818605422973633
4.818593978881836
4.818583965301514
4.818574905395508
4.818569183349609
4.818564414978027
4.818560600280762
4.81855583190918
4.818552017211914
4.818547248840332
4.818543434143066
4.818539619445801
4.818535804748535
4.8185319900512695
4.818528175354004
4.818525791168213
4.818523406982422
4.81984806060791
4.821076393127441
4.821072578430176
4.821069717407227
4.821066856384277
4.8210649490356445
4.821062088012695
4.8210601806640625
4.8210577964782715
4.821057319641113
4.821052074432373
4.821051120758057
4.821049690246582
4.821048259735107
4.821045398712158
4.821043491363525
4.821042060852051
4.821041584014893
4.821040153503418
4.821037292480469
4.821035385131836
4.821819305419922
4.821817874908447
4.821816444396973
4.821815013885498
4.821813106536865
4.821812152862549
4.821811199188232
4.821810245513916
4.8218092918396
4.821807384490967
4.821806907653809
4.821022033691406
4.821018218994141
4.82101583480835
4.821014881134033
4.821013927459717
4.8210129737854
4.821012020111084
4.8210129737854
4.8210129737854
4.821011066436768
4.821010589599609
4.821008682250977
4.821008682250977
4.82100772857666
4.821007251739502
4.821005344390869
4.821004867553711
4.821004867553711
4.82100248336792
4.821791172027588
4.821789264678955
4.821789264678955
4.8217878341674805
4.821786880493164
4.821786880493164
4.821785926818848
4.8217854499816895
4.821784973144531
4.821784019470215
4.821783542633057
4.821781635284424
4.820991516113281
4.820989608764648
4.820989608764648
4.820987701416016
4.820987224578857
4.820985794067383
4.820985794067383
4.820985317230225
4.820984363555908
4.82098388671875
4.820982933044434
4.82098388671875
4.820982933044434
4.820982933044434
4.820981025695801
4.820981502532959
4.821771621704102
4.821770191192627
4.821768760681152
4.821768760681152
4.821767807006836
4.8217668533325195
4.8217668533325195
4.821765899658203
4.821765422821045
4.8217620849609375
4.8217620849609375
4.821761608123779
4.821761131286621
4.820968151092529
4.820967674255371
4.820966720581055
4.8209662437438965
4.820965766906738
4.820964813232422
4.8209638595581055
4.8209638595581055
4.820963382720947
4.820962905883789
4.820961952209473
4.82096004486084
4.820959568023682
4.822295188903809
4.823090553283691
4.823088645935059
4.823087692260742
4.823087215423584
4.823086261749268
4.823083400726318
4.823083400726318
4.823084354400635
4.823083400726318
4.8230814933776855
4.8230814933776855
4.823080539703369
4.823080539703369
4.823078632354736
4.8230767250061035
4.823077201843262
4.82307767868042
4.8239569664001465
4.8239569664001465
4.82395601272583
4.823955535888672
4.823955059051514
4.825033664703369
4.825032711029053
4.825032711029053
4.825032711029053
4.8250322341918945
4.825031757354736
4.825030326843262
4.825029373168945
4.824151039123535
4.824150085449219
4.8241496086120605
4.824147701263428
4.824146747589111
4.824145793914795
4.824146270751953
4.824145793914795
4.824146270751953
4.82414436340332
4.824143886566162
4.824143886566162
4.824143409729004
4.824142932891846
4.824141502380371
4.824141502380371
4.824141502380371
4.824139595031738
4.822985649108887
4.82298469543457
4.822981834411621
4.822979927062988
4.822980880737305
4.822978496551514
4.8229780197143555
4.822976112365723
4.822976112365723
4.822964668273926
4.822962760925293
4.824129104614258
4.824066638946533
4.824065685272217
4.824062824249268
4.824061393737793
4.8240485191345215
4.82404899597168
4.824045658111572
4.824044227600098
4.824041366577148
4.824039936065674
4.824038028717041
4.824036598205566
4.824032783508301
4.824030876159668
4.824028968811035
4.824027061462402
4.824026584625244
4.8240251541137695
4.824028015136719
4.824026107788086
0.6236388087272644
0.6125964522361755
0.6017043590545654
0.5909321308135986
0.5803536176681519
0.569855809211731
0.5594891309738159
0.5493322610855103
0.5394106507301331
0.5297260284423828
0.5202757120132446
0.5113357901573181
0.5034117698669434
0.4970766305923462
0.49276936054229736
0.4905567467212677
0.4895164370536804
0.4889609217643738
0.48941293358802795
0.4919968247413635
0.4932229220867157
0.4933032989501953
0.49241840839385986
0.4908148944377899
0.48883187770843506
0.4869130253791809
0.48530739545822144
0.48405206203460693
0.48311054706573486
0.482538104057312
0.482056587934494
0.4821968972682953
0.48258355259895325
0.48259222507476807
0.4822617173194885
0.4817848801612854
0.4812604486942291
0.48073646426200867
0.4801701307296753
0.47951340675354004
0.47922736406326294
0.4792715311050415
0.47926610708236694
0.4792943000793457
0.479175329208374
0.4788930416107178
0.47846704721450806
0.4783003628253937
0.4782460629940033
0.47810840606689453
0.478197306394577
0.47813522815704346
0.47786855697631836
0.47788968682289124
0.4778710603713989
0.47776851058006287
0.4776552617549896
0.47760483622550964
0.47747892141342163
0.47763633728027344
0.47759148478507996
0.4774627089500427
0.47740936279296875
0.47737157344818115
0.4772811233997345
0.47721177339553833
0.4773532748222351
0.4773974120616913
0.477399617433548
0.4772874712944031
0.47703906893730164
0.47715386748313904
0.4771345555782318
0.47709089517593384
0.47716382145881653
0.4771740138530731
0.4771454930305481
0.4770958423614502
0.4771442413330078
0.4771224558353424
0.47715628147125244
0.4770655632019043
0.4770570397377014
0.47710421681404114
0.47708961367607117
0.47705206274986267
0.4771444499492645
0.47715118527412415
0.4771556854248047
0.47709548473358154
0.47693267464637756
0.47696155309677124
0.4770081639289856
0.4769238233566284
0.4769187569618225
0.4770476818084717
0.4769943952560425
0.4769133925437927
0.47698086500167847
0.4769682288169861
