4.082165002822876
4.237766265869141
4.387465715408325
4.536091327667236
4.688693284988403
4.844304084777832
4.997412204742432
5.149030685424805
5.308116436004639
5.462724685668945
5.620333671569824
5.77343225479126
5.924052715301514
6.082140922546387
6.239743232727051
6.403817415237427
6.557428598403931
6.718024015426636
6.871127605438232
7.02972936630249
7.183829307556152
7.340444564819336
7.495541334152222
7.648157596588135
7.804256916046143
7.962856769561768
8.113966226577759
8.26857614517212
8.428173542022705
8.599228143692017
8.758828401565552
8.916921854019165
9.071532011032104
9.249085187911987
9.416152954101562
9.582732439041138
9.741332292556763
9.906405448913574
10.066997289657593
10.232578992843628
10.397653102874756
10.56921911239624
10.723835945129395
10.880930662155151
11.034546613693237
11.210591554641724
11.385148763656616
11.551732063293457
11.715808153152466
11.869421005249023
12.61503291130066
12.768646240234375
12.92673659324646
13.07935094833374
13.258892297744751
13.449405431747437
13.620460510253906
13.78105354309082
13.943644285202026
14.104728698730469
14.261332988739014
14.424411296844482
14.58799433708191
14.74659276008606
14.940099000930786
15.099185705184937
15.264771938323975
15.42585802078247
15.588445901870728
15.754026174545288
15.915106534957886
16.073708057403564
16.23479199409485
16.39439082145691
16.618817567825317
16.780407905578613
16.949982166290283
17.11006474494934
17.26966166496277
17.45419454574585
17.615276336669922
17.775870323181152
17.945443391799927
18.11450433731079
18.283079624176025
18.456645727157593
18.642173290252686
18.806249141693115
18.969833850860596
19.15436577796936
19.312455654144287
19.47803807258606
19.668551445007324
19.82863688468933
19.98723530769348
20.17376160621643
20.33085560798645
20.49444341659546
20.657031774520874
20.83207607269287
21.623114109039307
21.785703659057617
21.977216005325317
22.144281148910522
22.303876876831055
22.467464923858643
22.633533000946045
22.796123504638672
22.964699506759644
23.127782583236694
23.295357704162598
23.4629328250885
23.61703372001648
23.77364230155945
23.92973566055298
24.08634328842163
24.270875453948975
24.432954788208008
24.590556144714355
24.768108129501343
24.944152116775513
25.114721298217773
25.285297632217407
25.44938039779663
25.60099959373474
25.76258873939514
25.9146945476532
26.07329487800598
26.251332759857178
26.418907403945923
26.578502893447876
26.731607913970947
26.88422393798828
27.047301054000854
27.212894439697266
27.375484466552734
27.534570932388306
27.68918466567993
27.857250452041626
28.021833419799805
28.202377557754517
28.38092541694641
28.541009664535522
28.708587169647217
28.889127492904663
29.03624725341797
29.190858602523804
29.34396195411682
29.500568866729736
29.65067768096924
30.40577530860901
30.562875032424927
30.716485500335693
30.873093605041504
31.029189348220825
31.19078493118286
31.346880674362183
31.50648021697998
31.66457223892212
31.827165365219116
31.98975658416748
32.157822608947754
32.35931158065796
32.52290081977844
32.68848276138306
32.85255765914917
33.01315522193909
33.179736375808716
33.33882451057434
33.496429204940796
33.6565146446228
33.81312322616577
33.96622586250305
34.119839668273926
34.27394127845764
34.42555618286133
34.5931351184845
34.76419019699097
34.941744565963745
35.097352027893066
35.255441665649414
35.433990716934204
35.592594385147095
35.779606342315674
35.95216989517212
36.110772132873535
36.26387357711792
36.41549253463745
36.612987995147705
36.78005385398865
36.954609394073486
37.107226610183716
37.26332068443298
37.42591404914856
37.5800142288208
37.74160647392273
37.90021085739136
38.09072661399841
38.24682354927063
38.401437759399414
39.17471480369568
39.34030890464783
39.49592185020447
39.68194365501404
39.86847257614136
40.03206181526184
40.196651458740234
40.373692989349365
40.53528356552124
40.69692063331604
40.84400749206543
40.995115518569946
41.16468548774719
41.31834173202515
41.495344400405884
41.64497208595276
41.80057621002197
41.9586660861969
42.12924098968506
42.291316747665405
42.45191931724548
42.61650776863098
42.776591300964355
42.93918204307556
43.10975432395935
43.269842863082886
43.4364230632782
43.60898756980896
43.76408624649048
43.92567825317383
44.091750621795654
44.25134897232056
44.40895056724548
44.57605743408203
44.730633020401
44.887726068496704
45.068267822265625
45.225881576538086
45.37499809265137
45.53460907936096
45.71614694595337
45.8722403049469
46.02286648750305
46.20090579986572
46.35252618789673
46.52010488510132
46.6811888217926
46.83878993988037
47.0008749961853
47.16147065162659
47.94282579421997
48.102912187576294
48.27347683906555
48.430126905441284
48.60015249252319
48.764737129211426
48.92532968521118
49.089404582977295
49.252994537353516
49.422568798065186
49.581658601760864
49.736268758773804
49.91780948638916
50.076904296875
50.24048900604248
50.40655970573425
50.56216478347778
50.717267751693726
50.876864194869995
51.03048062324524
51.21450400352478
51.37609839439392
51.53969192504883
51.69578695297241
51.863362073898315
52.0249559879303
52.19501495361328
52.3506293296814
52.509716510772705
52.69125485420227
52.89074754714966
53.05134558677673
53.213462114334106
53.409945487976074
53.58649826049805
53.74410319328308
53.91116809844971
54.06079387664795
54.21489596366882
54.369505882263184
54.530097246170044
54.68319845199585
54.85776233673096
55.01585555076599
55.20937156677246
55.370004177093506
55.541571855545044
55.70664119720459
55.87721109390259
56.06972312927246
56.85430932044983
57.01639485359192
57.17951726913452
57.380008935928345
57.537615060806274
57.70170211791992
57.867284297943115
58.027374029159546
58.18597626686096
58.350560426712036
58.52859950065613
58.696247577667236
58.84986424446106
59.02690887451172
59.18850898742676
59.34910345077515
59.51417112350464
59.67776036262512
59.85331177711487
60.0114004611969
60.1849639415741
60.3515419960022
60.51661491394043
60.67820382118225
60.83629655838013
60.99988412857056
61.161476850509644
61.31856918334961
61.48116183280945
61.658711671829224
61.82876753807068
61.98836827278137
62.14446520805359
62.30706000328064
62.473644971847534
62.65019702911377
62.80728721618652
62.96788549423218
63.130964517593384
63.285576820373535
63.44466686248779
63.60226583480835
63.76086664199829
63.91795992851257
64.077561378479
64.23664879798889
64.39924573898315
64.5628342628479
64.71992754936218
64.88052463531494
65.67205214500427
65.83911728858948
65.99573135375977
66.15481686592102
66.31342101097107
66.47003269195557
66.64806842803955
66.81465172767639
66.97624731063843
67.14132452011108
67.2989342212677
67.46152138710022
67.61562037467957
67.7652473449707
67.91934585571289
68.07096600532532
68.24102187156677
68.39264488220215
68.5607099533081
68.7133276462555
68.86993551254272
69.03699994087219
69.2105610370636
69.37514853477478
69.53523206710815
69.69582438468933
69.85989928245544
70.02049350738525
70.18108940124512
70.34017705917358
70.50177717208862
70.66935610771179
70.83542323112488
70.99103307723999
71.14612913131714
71.30872011184692
71.50222563743591
71.6603193283081
71.81991696357727
71.9845039844513
72.14459180831909
72.30019736289978
72.4562919139862
72.63284254074097
72.79045557975769
72.97697734832764
73.1400535106659
73.29965138435364
73.4567461013794
73.61534404754639
74.45597553253174
74.61013221740723
74.77021813392639
74.92882442474365
75.08745765686035
75.24613833427429
75.40678429603577
75.56683802604675
75.72145557403564
75.87156701087952
76.0251829624176
76.17529606819153
76.32593202590942
76.47903609275818
76.64860987663269
76.80322360992432
76.95433235168457
77.11493921279907
77.30545544624329
77.49796986579895
77.65905213356018
77.81666040420532
77.97874355316162
78.14234781265259
78.30095267295837
78.46406149864197
78.62572884559631
78.78482103347778
78.94143152236938
79.10302329063416
79.25612473487854
79.41276669502258
79.57684206962585
79.73544573783875
79.89206981658936
80.04616856575012
80.20577454566956
80.35989165306091
80.5135064125061
80.673593044281
80.83319187164307
80.99178981781006
81.14589214324951
81.30748748779297
81.46258807182312
81.64216709136963
81.81469583511353
81.97779512405396
82.13739323616028
82.29349279403687
83.07994651794434
83.23853588104248
83.39811944961548
83.55720114707947
83.71379613876343
83.86589813232422
84.03046989440918
84.20202684402466
84.35911297798157
84.52069592475891
84.68376564979553
84.83437585830688
84.98647546768188
85.13908076286316
85.29716968536377
85.45875120162964
85.61734056472778
85.76944017410278
85.93102169036865
86.08611512184143
86.24769592285156
86.40278959274292
86.56337332725525
86.72794485092163
86.888023853302
87.0426254272461
87.19871997833252
87.36030101776123
87.5198884010315
87.68993949890137
87.84952592849731
88.01010990142822
88.18515062332153
88.34673476219177
88.53325414657593
88.70031428337097
88.89380693435669
89.07134556770325
89.22993445396423
89.44138097763062
89.60345482826233
89.76602959632874
89.9405767917633
90.12409710884094
90.28816366195679
90.44575524330139
90.61281895637512
90.78936266899109
90.95592880249023
91.1270170211792
92.61422204971313
93.47552800178528
94.24863409996033
95.04959321022034
95.92435789108276
96.79264163970947
97.6579418182373
98.51182222366333
99.3721272945404
100.16909193992615
100.967125415802
101.81292390823364
102.59887456893921
103.39779806137085
104.17975854873657
104.97069597244263
105.73520374298096
106.55856204032898
107.39238834381104
108.18332648277283
108.96629476547241
109.75477623939514
110.55668330192566
111.35715079307556
112.1511161327362
112.98050928115845
113.7450475692749
114.52904176712036
115.35493874549866
116.20428729057312
117.02917289733887
117.80720520019531
118.57374215126038
119.38717746734619
120.18068480491638
120.99016213417053
121.82103991508484
122.58956909179688
123.35661840438843
124.13263869285583
124.89968252182007
125.70163607597351
126.47814226150513
127.25316143035889
128.03815627098083
128.80568861961365
129.5827043056488
130.36371564865112
131.205561876297
132.05390405654907
133.41133046150208
134.25021195411682
135.0402057170868
135.8048219680786
136.60482048988342
137.50212788581848
138.30908918380737
139.0991449356079
139.93308448791504
140.75351691246033
141.61934089660645
142.38638377189636
143.1694507598877
143.94957089424133
144.74855041503906
145.55648970603943
146.35361123085022
147.1231427192688
147.9360806941986
148.72111058235168
149.52010774612427
150.30315852165222
151.16108107566833
151.97259330749512
152.80849361419678
153.62249374389648
154.39660167694092
155.1857008934021
155.97670722007751
156.78464579582214
157.54824495315552
158.35825419425964
159.13128399848938
159.9053235054016
160.7213056087494
161.50830388069153
162.27444005012512
163.0843768119812
163.89132046699524
164.68031120300293
165.45833373069763
166.26730585098267
167.0908260345459
167.93119978904724
168.7453145980835
169.549378156662
170.35943412780762
171.1364722251892
171.94052743911743
172.73027205467224
174.12409901618958
174.93506860733032
175.70261192321777
176.54297852516174
177.43621277809143
178.32845759391785
179.18827724456787
179.99522972106934
180.76329040527344
181.58719325065613
182.42010498046875
183.26247763633728
184.11032271385193
184.9466962814331
185.92172193527222
186.7690668106079
187.70517015457153
188.57944631576538
189.4846315383911
190.25016593933105
191.01222348213196
191.80520153045654
192.71240949630737
193.55825233459473
194.51682686805725
195.33475065231323
196.1791126728058
197.03192853927612
197.87179160118103
198.67374897003174
199.5111231803894
200.30409598350525
201.11602187156677
201.90002346038818
202.75485754013062
203.59123277664185
204.38171768188477
205.2550003528595
206.11331391334534
206.939204454422
207.75113821029663
208.61144351959229
209.3949384689331
210.19788360595703
211.03026580810547
211.92549633979797
212.82271027565002
213.71151280403137
214.519953250885
215.37078022956848
216.7902762889862
217.65657448768616
218.4485640525818
219.2594916820526
220.08937191963196
220.8973023891449
221.73865962028503
222.57451629638672
223.43232250213623
224.33950209617615
225.1619086265564
225.95488381385803
226.844233751297
227.6836121082306
228.54042601585388
229.4167296886444
230.2326147556305
231.08594632148743
231.88790011405945
232.73374366760254
233.58408904075623
234.41305208206177
235.19506335258484
236.04988765716553
236.85090136528015
237.75510549545288
238.5874969959259
239.5007519721985
240.32365489006042
241.13758516311646
241.99893188476562
242.81489443778992
243.7028431892395
244.5596899986267
245.3686261177063
246.2150101661682
247.12722659111023
248.01745700836182
248.83805394172668
249.6998484134674
250.5821340084076
251.4544177055359
252.29527401924133
253.12267637252808
253.93859457969666
254.8179714679718
255.70083594322205
256.5721344947815
257.4110896587372
258.2494878768921
259.691068649292
260.5450494289398
261.37551498413086
262.2558579444885
263.0479156970978
263.95316100120544
264.79205679893494
265.599990606308
266.4349100589752
267.22890853881836
268.0682818889618
268.91512989997864
269.8075075149536
270.68577313423157
271.5236370563507
272.3819558620453
273.237770318985
274.0831742286682
274.930020570755
275.7709798812866
276.59695053100586
277.383024930954
278.2458255290985
279.1141300201416
279.96195816993713
280.788370847702
281.6856405735016
282.54746866226196
283.36045026779175
284.2457318305969
285.05271577835083
285.8776195049286
286.80627369880676
287.65413665771484
288.52842116355896
289.4416570663452
290.23164677619934
291.0944857597351
291.9817259311676
292.8036308288574
293.5906319618225
294.4988548755646
295.3442072868347
296.18716835975647
296.9942452907562
297.83191990852356
298.6957802772522
299.5441300868988
300.33512258529663
301.1197211742401
302.5739543437958
303.41280937194824
304.24726366996765
305.0901141166687
305.9011480808258
306.7290394306183
307.57139682769775
308.4626274108887
309.28362798690796
310.1224834918976
310.9374096393585
311.7717854976654
312.6780755519867
313.56236267089844
314.4131660461426
315.30893993377686
316.18022179603577
317.0041365623474
317.8539671897888
318.74120235443115
319.59354853630066
320.40846514701843
321.3073060512543
322.17862701416016
322.9835481643677
323.8483338356018
324.6722671985626
325.50372219085693
326.36657094955444
327.22688245773315
328.0836968421936
328.9569721221924
329.83739137649536
330.62837433815
331.5176215171814
332.35349202156067
333.17539644241333
333.98333835601807
334.8266968727112
335.7044560909271
336.5209445953369
337.3588080406189
338.1339342594147
338.93589973449707
339.76479029655457
340.6126968860626
341.4760031700134
342.3423070907593
343.2031147480011
344.02801752090454
345.4527554512024
346.2866401672363
347.0876314640045
347.91052865982056
348.781804561615
349.63264083862305
350.45704460144043
351.2455201148987
352.10483050346375
352.8838391304016
353.7147295475006
354.6189179420471
355.4308536052704
356.2517628669739
357.0477628707886
357.9030919075012
358.8122696876526
359.65112566947937
360.5443422794342
361.4684898853302
362.3128352165222
363.14770126342773
363.9546458721161
364.76557540893555
365.6179015636444
366.44279885292053
367.25272727012634
368.10306429862976
368.91698455810547
369.70597672462463
370.5677697658539
371.3627414703369
372.1597032546997
373.05094265937805
373.88281202316284
374.7740468978882
375.6283710002899
376.4383044242859
377.2412528991699
378.068163394928
378.91751170158386
379.7982597351074
380.6994528770447
381.5597620010376
382.34575748443604
383.12525725364685
384.0309569835663
384.8398916721344
385.7026801109314
386.5460293292999
388.00833320617676
388.91751170158386
389.74391436576843
390.54136753082275
391.37175846099854
392.2156047821045
393.102844953537
393.9910821914673
394.8359236717224
395.7042078971863
396.5580415725708
397.3844394683838
398.29461193084717
399.22273802757263
400.0721073150635
400.90997099876404
401.72489881515503
402.6141290664673
403.5442485809326
404.4115400314331
405.3097493648529
406.15358686447144
407.02486085891724
407.89513969421387
408.71902775764465
409.6072642803192
410.4082250595093
411.278005361557
412.131329536438
412.96619939804077
413.8674032688141
414.6713581085205
415.464337348938
416.2842426300049
417.09518003463745
417.94053053855896
418.79633808135986
419.68158078193665
420.5144507884979
421.3897159099579
422.18667674064636
423.0858790874481
423.9521722793579
424.800005197525
425.620911359787
426.4108929634094
427.22782158851624
428.07516169548035
428.9209976196289
429.7444064617157
431.19773411750793
432.0480637550354
432.85500144958496
433.6464686393738
434.5197365283966
435.4109652042389
436.2129180431366
437.0557658672333
437.87917375564575
438.7654159069061
439.5863184928894
440.40224719047546
441.27651739120483
442.12135076522827
442.9956398010254
443.8285150527954
444.6898241043091
445.52368783950806
446.33462047576904
447.19991660118103
448.07669401168823
448.9190535545349
449.83720350265503
450.7553699016571
451.6166751384735
452.45154452323914
453.3228294849396
454.1377546787262
454.95367884635925
455.7706038951874
456.6349015235901
457.4208953380585
458.2053897380829
459.0138313770294
459.8706433773041
460.68358063697815
461.5518662929535
462.44410014152527
463.30390095710754
464.1178209781647
464.9272677898407
465.7521550655365
466.6039729118347
467.4712669849396
468.3300709724426
469.1714286804199
469.9903311729431
470.7703402042389
471.53289270401
472.353307723999
473.77957487106323
474.66191148757935
475.5692322254181
476.407133102417
477.2866325378418
478.0976333618164
478.93251752853394
479.78785610198975
480.6018772125244
481.48420238494873
482.3320481777191
483.1794424057007
484.019339799881
484.89173412323
485.73879623413086
486.58716106414795
487.48310136795044
488.30732893943787
489.1393096446991
489.9383180141449
490.75524950027466
491.59012031555176
492.4125864505768
493.3019223213196
494.1248588562012
494.99573826789856
495.8760130405426
496.6779685020447
497.4739465713501
498.3503611087799
499.1733548641205
500.01029229164124
500.8527338504791
501.6557869911194
502.5106520652771
503.4128646850586
504.2158968448639
505.0572545528412
505.94760632514954
506.8329608440399
507.72169375419617
508.6423690319061
509.4912269115448
510.32011699676514
511.2054967880249
512.0938303470612
512.9622755050659
513.7782320976257
514.5957863330841
515.4147114753723
516.9217202663422
517.8000276088715
518.6742610931396
519.5132112503052
520.3381087779999
521.1320898532867
521.9639573097229
522.8946604728699
523.7305846214294
524.5465040206909
525.3384869098663
526.2337448596954
527.0586378574371
527.9030296802521
528.7519195079803
529.5508840084076
530.4671261310577
531.2690861225128
532.1054544448853
532.9602727890015
533.8584787845612
534.646466255188
535.4743483066559
536.2773303985596
537.082275390625
537.9176428318024
538.7515439987183
539.5485107898712
540.3744628429413
541.2053437232971
542.0013098716736
542.8386731147766
543.7498459815979
544.5388770103455
545.4261481761932
546.2859854698181
547.2624943256378
548.1487390995026
549.0136020183563
549.8464498519897
550.7558224201202
551.6127316951752
552.4700739383698
553.3039650917053
554.1941964626312
554.9962184429169
555.8525390625
556.7383372783661
557.576756477356
558.381767988205
559.8265566825867
560.6948547363281
561.5566539764404
562.4159729480743
563.2693181037903
564.0832531452179
564.9111387729645
565.7270658016205
566.525050163269
567.3319873809814
568.203287601471
569.0581476688385
569.8810846805573
570.7204592227936
571.5524458885193
572.3384463787079
573.2376556396484
574.0924880504608
574.9527974128723
575.7687194347382
576.6909191608429
577.5303609371185
578.3174049854279
579.1522736549377
579.9682075977325
580.785129070282
581.6090295314789
582.4563920497894
583.3177974224091
584.1132702827454
584.9506511688232
585.8279361724854
586.6538870334625
587.506685256958
588.3759837150574
589.1789529323578
590.0278596878052
590.8482840061188
591.7081446647644
592.5191187858582
593.4323740005493
594.2637686729431
595.1545538902283
595.9729959964752
596.7610011100769
597.5889337062836
598.5240533351898
599.351062297821
600.2113780975342
601.1395156383514
602.6647617816925
603.5046281814575
604.3585140705109
605.2219116687775
606.0712575912476
606.8951692581177
607.7539761066437
608.5629193782806
609.3823409080505
610.2581145763397
611.1024737358093
611.9294304847717
612.7533373832703
613.5812463760376
614.3832094669342
615.2056303024292
616.1088349819183
616.9895970821381
617.7785964012146
618.685818195343
619.5657217502594
620.4080874919891
621.3083610534668
622.2166383266449
623.0993871688843
623.9666838645935
624.8170182704926
625.7037508487701
626.6295998096466
627.4968824386597
628.3205988407135
629.1814348697662
630.0896363258362
630.9055590629578
631.7479224205017
632.6661424636841
633.4601304531097
634.2521286010742
635.10795378685
635.9059228897095
636.756267786026
637.6091606616974
638.479451417923
639.3293108940125
640.2125778198242
641.0365345478058
641.8779175281525
642.6609282493591
643.5147483348846
644.3701639175415
645.7767267227173
646.6729757785797
647.5128259658813
648.3446960449219
649.2337026596069
650.0486228466034
650.8695271015167
651.6849551200867
652.6001191139221
653.4459538459778
654.2972874641418
655.1231808662415
656.0233855247498
656.9455304145813
657.7564568519592
658.5973176956177
659.4965236186981
660.3648138046265
661.308413028717
662.2205848693848
663.1477196216583
663.945681810379
664.8004930019379
665.6528241634369
666.5046405792236
667.4671902656555
668.3404686450958
669.1384341716766
669.9812757968903
670.8251159191132
671.7358019351959
672.6245257854462
673.4389629364014
674.3371682167053
675.2378647327423
676.104161977768
676.8901600837708
677.6841323375702
678.567378282547
679.4271769523621
680.2785096168518
681.1817083358765
682.0255508422852
682.8669111728668
683.6818270683289
684.4847745895386
685.3256282806396
686.1515185832977
686.9729318618774
687.9010579586029
689.1111862659454
689.1690316200256
689.2259256839752
689.2743144035339
689.2932612895966
689.3112187385559
689.3301634788513
689.3491175174713
689.3670661449432
689.3845317363739
689.4034824371338
689.4224367141724
689.4413793087006
689.4583353996277
689.4778006076813
689.4987454414368
689.5176944732666
689.5366430282593
689.5555937290192
689.5750548839569
689.5930125713348
689.6119558811188
689.6299088001251
689.64786028862
689.6658129692078
689.6832828521729
689.7012302875519
689.7201795578003
689.740127325058
689.7580790519714
689.7765552997589
689.7955007553101
689.8134565353394
689.8314092159271
689.8493568897247
689.8673107624054
689.8867695331573
689.9057240486145
689.9236705303192
689.9416217803955
689.9605739116669
689.9780423641205
689.9959900379181
690.0129446983337
690.03089594841
690.0488486289978
690.0677988529205
690.0852642059326
690.1042137145996
690.1231677532196
690.6992025375366
690.7171580791473
690.7351062297821
690.7530579566956
690.7720167636871
690.7914772033691
690.8094298839569
690.827385187149
690.8453371524811
690.8632924556732
690.8807673454285
690.8987157344818
690.9176638126373
690.9346234798431
690.9535691738129
690.9725222587585
690.9909691810608
691.0098872184753
691.0278356075287
691.0457918643951
691.0637519359589
691.0812265872955
691.0991744995117
691.1171267032623
691.1350786685944
691.1540279388428
691.1730542182922
691.1904776096344
691.2084295749664
691.2263853549957
691.2443337440491
691.2622978687286
691.2797591686249
691.2977063655853
691.3156592845917
691.3336112499237
691.3505702018738
691.3685305118561
691.386004447937
691.403951883316
691.4229018688202
691.4418547153473
691.4598035812378
691.4767646789551
691.4952290058136
691.5121836662292
691.5301356315613
691.5480840206146
691.5661005973816
691.5835018157959
