13.129255294799805
12.587991714477539
12.046724319458008
11.505460739135742
10.964194297790527
10.422929763793945
9.88166332244873
9.340396881103516
8.799132347106934
8.257868766784668
7.716602325439453
7.17533540725708
6.634071350097656
6.592264652252197
6.46967887878418
6.044909477233887
5.397185802459717
5.134004592895508
4.986965656280518
4.794345855712891
4.562036514282227
4.295034885406494
4.3097004890441895
4.195838928222656
3.788210153579712
3.58418345451355
3.909296989440918
4.0935187339782715
4.149012088775635
4.189252853393555
4.168766498565674
4.09414005279541
3.9711859226226807
3.80507230758667
3.9735167026519775
3.9939355850219727
3.7602765560150146
3.4141106605529785
3.5868418216705322
3.6509034633636475
3.4647223949432373
3.6193010807037354
3.7877542972564697
3.828470230102539
3.768846273422241
3.7035715579986572
3.5903241634368896
3.6920113563537598
3.7211921215057373
3.519589900970459
3.4256739616394043
3.561016798019409
3.4599838256835938
3.405601978302002
3.615976572036743
3.59898042678833
3.400160074234009
3.437220811843872
3.457319498062134
3.2795426845550537
3.3103508949279785
3.291104555130005
3.3342092037200928
3.3552539348602295
3.3951473236083984
3.397960662841797
3.346313238143921
3.3842978477478027
3.3319754600524902
3.4676311016082764
3.4112331867218018
3.4310531616210938
3.5767791271209717
3.5286691188812256
3.335949659347534
3.5507943630218506
3.594428062438965
3.424072027206421
3.478036642074585
3.593337297439575
3.489781618118286
3.5259945392608643
3.5698471069335938
3.706723213195801
3.6261019706726074
3.3731026649475098
3.4987282752990723
3.567072629928589
3.437678337097168
3.4057183265686035
3.5219099521636963
3.513866424560547
3.3380579948425293
3.377070665359497
3.2990944385528564
3.3114967346191406
3.311943769454956
3.402358055114746
3.3522932529449463
3.4383084774017334
3.458425283432007
3.439946174621582
3.403883934020996
3.3911969661712646
3.374361753463745
3.3538010120391846
3.3298847675323486
3.346334218978882
3.36561918258667
3.3625168800354004
3.3393828868865967
3.2983434200286865
3.299936532974243
3.3308889865875244
3.338488817214966
3.3251938819885254
3.296044111251831
3.303685426712036
3.305154800415039
3.3010659217834473
3.298644542694092
3.280687093734741
3.2968757152557373
3.3093807697296143
3.3005564212799072
3.2931950092315674
3.2992570400238037
3.306725263595581
3.293449878692627
3.299377679824829
3.3029940128326416
3.303999900817871
3.292283296585083
3.279928684234619
3.304558753967285
3.3077385425567627
3.2906947135925293
3.2877891063690186
3.3228797912597656
3.3363637924194336
3.3286197185516357
3.301851272583008
3.3049566745758057
3.317308187484741
3.328169584274292
3.3181798458099365
3.297816038131714
3.28363299369812
3.3166377544403076
3.3270998001098633
33.6106071472168
33.10746765136719
32.418174743652344
31.60326385498047
30.705228805541992
29.741294860839844
28.732698440551758
27.690113067626953
26.621253967285156
25.536052703857422
24.442630767822266
23.337932586669922
22.226409912109375
21.115028381347656
20.006309509277344
18.900381088256836
17.83341407775879
16.856130599975586
15.92587661743164
15.03013801574707
14.264594078063965
13.610145568847656
13.03946304321289
12.54345417022705
12.10230827331543
11.699986457824707
11.315256118774414
10.935917854309082
10.571466445922852
10.20139217376709
9.824468612670898
9.442014694213867
9.044321060180664
8.631619453430176
8.235946655273438
7.902950763702393
7.6228485107421875
7.362153053283691
7.118284702301025
6.893975734710693
6.685881614685059
6.4762797355651855
6.254001140594482
6.02137565612793
5.7832183837890625
5.561848163604736
5.386739730834961
5.2665557861328125
5.181232452392578
5.109366416931152
5.03041410446167
4.935527801513672
4.823903560638428
4.698375701904297
4.578218460083008
4.494078636169434
4.438421249389648
4.396247863769531
4.36599063873291
4.338401794433594
4.300604820251465
4.259676933288574
4.227924346923828
4.211766242980957
4.2020487785339355
4.188704490661621
4.165794372558594
4.1389007568359375
4.108799934387207
4.081742286682129
4.06272029876709
4.052192687988281
4.049856662750244
4.04390811920166
4.036236763000488
4.028419494628906
4.0202226638793945
4.01255989074707
4.004744052886963
3.996466875076294
3.986314296722412
3.9741413593292236
3.9634475708007812
3.955336570739746
3.950974464416504
3.950178623199463
3.9519271850585938
3.952998161315918
3.951951265335083
3.950427770614624
3.946450710296631
3.9440360069274902
3.941800832748413
3.9385316371917725
3.9340949058532715
3.93316650390625
3.9320971965789795
3.9296653270721436
3.930327892303467
3.9301984310150146
3.929278612136841
3.930148124694824
3.9287614822387695
3.9292142391204834
3.929281711578369
3.9281556606292725
3.927359104156494
3.926454544067383
3.926135540008545
3.925928831100464
3.9246292114257812
3.923802375793457
3.9237465858459473
3.9227097034454346
3.9236340522766113
3.9225873947143555
3.9243316650390625
3.9247825145721436
3.923287868499756
3.9223036766052246
3.924199104309082
3.923854112625122
3.9215121269226074
3.9224672317504883
3.92256498336792
3.9210376739501953
3.9208946228027344
3.921142578125
3.9203076362609863
3.9208827018737793
3.9200801849365234
3.9214630126953125
3.920903444290161
3.9202394485473633
3.920241355895996
3.9206581115722656
3.921093702316284
3.9203619956970215
3.919434070587158
3.9206695556640625
3.9201135635375977
3.9195034503936768
3.9198012351989746
3.9203882217407227
3.9198102951049805
3.9194374084472656
3.9184608459472656
3.9187862873077393
3.9193315505981445
3.9192748069763184
3.9188783168792725
3.918714761734009
3.9186935424804688
3.918661117553711
3.918569564819336
3.9184393882751465
3.9182827472686768
3.918069362640381
3.9178268909454346
3.9179139137268066
3.9177935123443604
3.9174644947052
3.9173386096954346
3.9175238609313965
3.917477607727051
3.9173641204833984
3.917412281036377
3.917391538619995
3.917306900024414
3.917160987854004
3.916963815689087
3.9170494079589844
3.916933536529541
3.9169437885284424
3.916900157928467
3.9169399738311768
3.916872978210449
3.9167981147766113
3.9167675971984863
3.9166922569274902
3.9165492057800293
3.916510581970215
3.9164936542510986
3.91645884513855
3.916541576385498
3.9164352416992188
3.916348457336426
3.9164958000183105
3.916409969329834
3.916191577911377
3.9162487983703613
3.9161667823791504
3.9160730838775635
3.9161064624786377
3.916015148162842
3.9159693717956543
3.9159507751464844
3.9158830642700195
3.915922164916992
3.9158425331115723
3.9158718585968018
3.9158453941345215
3.915785312652588
3.9157767295837402
3.9157984256744385
3.91560959815979
3.915783405303955
3.91585373878479
3.915696382522583
3.9154598712921143
3.9155054092407227
3.915421724319458
3.9153659343719482
3.915321111679077
3.9153566360473633
3.9153616428375244
3.9153237342834473
3.91524076461792
3.9153130054473877
3.915213108062744
3.915109157562256
3.915107250213623
3.9150278568267822
3.915060520172119
3.914919853210449
3.9149670600891113
3.9148926734924316
3.914841651916504
3.914921760559082
3.914813995361328
3.9148240089416504
3.914827585220337
3.914625406265259
3.9149019718170166
3.914987087249756
3.914846897125244
3.9145007133483887
3.914797067642212
3.9149093627929688
3.9148108959198
3.914522647857666
3.9145307540893555
3.9146881103515625
3.9146158695220947
3.9143309593200684
3.9144201278686523
3.914555788040161
3.914478302001953
3.9143362045288086
3.9142134189605713
3.9143896102905273
3.9144551753997803
3.9143035411834717
3.914034843444824
3.9142494201660156
3.9142730236053467
3.914091110229492
3.9142327308654785
3.914358139038086
3.9142932891845703
3.9142303466796875
3.914116859436035
3.9142274856567383
3.914217948913574
3.9140520095825195
3.9141016006469727
3.914104700088501
3.9141275882720947
3.9141452312469482
3.914125919342041
3.914033889770508
3.914055347442627
3.914022922515869
3.914055347442627
3.914060115814209
3.914121627807617
3.914142608642578
3.914128541946411
3.9140048027038574
3.9140405654907227
3.9140100479125977
3.9140002727508545
3.914228677749634
3.9142491817474365
3.914058208465576
3.9141623973846436
3.914306163787842
3.9143569469451904
3.9141921997070312
3.9140665531158447
3.9142098426818848
3.914334774017334
3.914238691329956
3.9139442443847656
3.9142088890075684
3.914410352706909
3.9143991470336914
3.9142017364501953
3.913849115371704
3.913994312286377
3.913914442062378
3.9139981269836426
3.9140379428863525
3.913872718811035
3.914100170135498
3.91420316696167
3.9140985012054443
3.913867235183716
3.9140143394470215
3.914006471633911
3.9138002395629883
3.914174795150757
3.9143147468566895
3.9142401218414307
3.9139695167541504
3.9140379428863525
3.914217948913574
3.914206027984619
3.913987636566162
3.913937568664551
3.9140899181365967
3.91402006149292
3.9137566089630127
3.9140543937683105
3.914128065109253
3.9139962196350098
3.913804531097412
3.913886308670044
3.9137508869171143
3.9140284061431885
3.9141108989715576
3.9139821529388428
3.913761615753174
3.913837194442749
3.9137675762176514
3.913785457611084
3.913769483566284
3.9137167930603027
3.9138200283050537
3.913740873336792
3.913799285888672
3.913731336593628
3.913787841796875
3.9137027263641357
3.9137015342712402
3.9137721061706543
3.9137096405029297
3.913726329803467
3.913733959197998
3.9136946201324463
147.14761352539062
130.32899475097656
113.89959716796875
98.57342529296875
85.27096557617188
76.1230239868164
68.6808090209961
62.29329299926758
54.91289520263672
48.22307205200195
41.67738723754883
36.43391799926758
31.210283279418945
27.533796310424805
25.83493423461914
23.75742530822754
20.99625587463379
17.455739974975586
14.806795120239258
12.955093383789062
13.039939880371094
14.98849105834961
16.188512802124023
16.832822799682617
16.583154678344727
15.412640571594238
13.121015548706055
11.570131301879883
10.647549629211426
9.535120964050293
9.26968765258789
8.897910118103027
8.735254287719727
9.05043888092041
9.324994087219238
9.635937690734863
10.100744247436523
9.692184448242188
8.056278228759766
6.528337478637695
6.478109836578369
6.739759922027588
6.950608253479004
7.224910259246826
6.878962993621826
6.710759162902832
6.93841552734375
6.955191612243652
6.59636116027832
6.252656936645508
6.084282398223877
6.053622245788574
6.270495414733887
6.537509918212891
6.173097610473633
5.845812797546387
5.839531421661377
5.568275451660156
6.037099838256836
6.236394882202148
5.992136478424072
5.979113578796387
5.663975238800049
5.399194240570068
5.600698471069336
5.691685676574707
5.318498611450195
5.628730297088623
5.892360687255859
5.512174606323242
5.335932731628418
5.764414310455322
5.929491996765137
5.601395606994629
5.291481018066406
5.512135028839111
5.773280143737793
5.593506813049316
5.516468524932861
5.5277018547058105
5.637007713317871
5.605395317077637
5.7144060134887695
5.598104476928711
5.8808207511901855
5.7203874588012695
5.427225589752197
5.674666404724121
5.684648513793945
5.668771266937256
5.5555620193481445
6.123854637145996
5.7896928787231445
5.060234069824219
5.519474506378174
5.880618095397949
5.70335054397583
5.8847503662109375
5.542030334472656
5.216163635253906
4.913202285766602
5.659355640411377
5.579174995422363
5.542294502258301
5.7333855628967285
5.074799537658691
5.420733451843262
5.910516262054443
5.998870372772217
5.601973056793213
4.911771297454834
5.219488143920898
5.576465129852295
5.274014472961426
5.252100944519043
5.387813568115234
5.5911784172058105
5.558852672576904
5.093084812164307
5.231196403503418
5.059848308563232
5.0338358879089355
5.1032023429870605
5.365281105041504
5.7362871170043945
5.909789085388184
5.798533916473389
5.331103324890137
5.317051410675049
5.906466484069824
6.1812639236450195
5.569499969482422
5.090245723724365
5.757283687591553
5.918478488922119
5.9080352783203125
5.9041523933410645
5.669334411621094
5.420536518096924
5.3721513748168945
5.769122123718262
6.027432918548584
5.856105327606201
5.65505313873291
5.251427173614502
5.738016128540039
5.4272871017456055
5.593528747558594
5.73636531829834
5.764573097229004
34.93521499633789
34.587589263916016
34.07304763793945
33.51324462890625
33.05139923095703
32.61273193359375
32.276153564453125
32.04075241088867
32.038875579833984
32.03104019165039
31.97501564025879
31.93356704711914
31.872283935546875
31.81379508972168
31.799524307250977
31.787809371948242
31.793596267700195
31.817134857177734
31.739532470703125
31.553863525390625
31.347761154174805
31.179065704345703
31.183795928955078
31.202632904052734
31.165306091308594
31.097265243530273
31.05670928955078
31.015592575073242
30.979013442993164
30.973037719726562
31.01375389099121
31.02141571044922
31.033226013183594
31.035017013549805
30.935630798339844
30.903715133666992
30.89690589904785
30.87796974182129
30.881906509399414
30.904132843017578
30.90695571899414
30.863231658935547
30.854745864868164
30.82592010498047
30.83485221862793
30.822933197021484
30.868858337402344
30.840789794921875
30.797344207763672
30.832183837890625
30.795246124267578
30.773311614990234
30.8489990234375
30.8325252532959
30.756999969482422
30.75506591796875
30.753631591796875
30.808799743652344
30.818470001220703
30.772279739379883
30.729488372802734
30.760700225830078
30.766630172729492
30.769371032714844
30.74099349975586
30.742279052734375
30.754209518432617
30.749540328979492
30.71298599243164
30.745864868164062
30.789663314819336
30.771812438964844
30.722936630249023
30.67584800720215
30.711444854736328
30.7536563873291
30.75381851196289
30.800090789794922
30.770187377929688
30.74815559387207
30.77701759338379
30.777019500732422
30.770706176757812
30.763118743896484
30.785457611083984
30.83073616027832
30.814300537109375
30.787092208862305
30.766197204589844
30.74216651916504
30.718990325927734
30.718862533569336
30.749042510986328
30.743938446044922
30.747493743896484
30.752140045166016
30.77952766418457
30.797454833984375
30.812070846557617
30.79366683959961
30.80396842956543
30.791040420532227
30.740467071533203
30.70743179321289
30.730701446533203
30.745954513549805
30.742874145507812
30.724401473999023
30.734201431274414
30.71112823486328
30.753324508666992
30.78644561767578
30.754230499267578
30.683298110961914
30.683006286621094
30.697107315063477
30.737756729125977
30.769960403442383
30.725095748901367
30.726030349731445
30.701303482055664
30.781126022338867
30.78695297241211
30.695886611938477
30.717613220214844
30.7568359375
30.754716873168945
30.757150650024414
30.78194236755371
30.763837814331055
30.74945831298828
30.764034271240234
30.798900604248047
30.783153533935547
30.808658599853516
30.783321380615234
30.779190063476562
30.77126693725586
30.850988388061523
30.868852615356445
30.829259872436523
30.813016891479492
30.796571731567383
30.801048278808594
30.76956558227539
30.76205062866211
30.83993911743164
30.824695587158203
30.798038482666016
30.75876235961914
30.74600601196289
26.303659439086914
22.2154541015625
19.011547088623047
17.36591911315918
16.05649757385254
14.068004608154297
13.039462089538574
13.856639862060547
15.185352325439453
16.1296329498291
16.65325164794922
16.84848976135254
16.639404296875
16.486040115356445
16.323957443237305
15.585871696472168
14.691166877746582
13.887367248535156
13.375847816467285
12.799284934997559
11.98391342163086
11.170522689819336
10.542634010314941
10.368242263793945
10.677297592163086
10.732063293457031
10.479981422424316
10.023460388183594
9.542933464050293
9.051370620727539
9.043975830078125
9.147759437561035
9.215932846069336
9.006875991821289
8.69906997680664
8.33874797821045
8.051109313964844
7.886610984802246
7.889792442321777
7.9468536376953125
7.945627212524414
7.771559715270996
7.667927265167236
7.578547477722168
7.541794300079346
7.53277063369751
7.482392311096191
7.329561233520508
7.1913933753967285
7.179730415344238
7.187826633453369
7.090454578399658
6.996461868286133
6.931727409362793
6.923670768737793
6.89940071105957
6.828034400939941
6.7723236083984375
6.766227722167969
6.755441188812256
6.739791393280029
6.720881462097168
6.706348896026611
6.658873081207275
6.643660068511963
6.639281272888184
6.644804000854492
6.613278388977051
6.608436584472656
6.598423957824707
6.5605692863464355
6.5339274406433105
6.538217544555664
6.516568183898926
6.501030445098877
6.4930901527404785
6.5048065185546875
6.493836402893066
6.4792160987854
6.4703288078308105
6.461374759674072
6.457908630371094
6.452302932739258
6.453408718109131
6.450930118560791
6.446002006530762
6.441678524017334
6.434695720672607
6.423646450042725
6.423671722412109
6.414752960205078
6.416799545288086
6.411219120025635
6.402088642120361
6.406707763671875
6.407652854919434
6.403893947601318
6.403262138366699
6.409448623657227
6.406253814697266
6.410393714904785
6.411358833312988
6.415730953216553
6.416306495666504
6.4220757484436035
6.425121307373047
6.425929069519043
6.424556255340576
6.436036586761475
6.432563781738281
6.433200836181641
6.437048435211182
6.435304641723633
6.44027042388916
6.438394546508789
6.436357021331787
6.437775611877441
6.44145393371582
6.4407877922058105
6.442643165588379
6.441492557525635
6.442084789276123
6.441957950592041
6.437477111816406
6.433886528015137
6.434526443481445
6.432225227355957
6.43524694442749
6.433373928070068
6.431119918823242
6.428743362426758
6.424448490142822
6.423764705657959
6.424757957458496
6.423793792724609
6.422460556030273
6.422082901000977
6.421968460083008
6.424492835998535
6.4277448654174805
6.42611837387085
6.425403118133545
6.421614170074463
6.420920372009277
6.423040390014648
6.4215922355651855
6.424263954162598
6.423657417297363
6.4227824211120605
6.422305583953857
6.422050476074219
6.4210662841796875
6.42296028137207
6.423268795013428
6.424203395843506
6.423458099365234
6.4227070808410645
6.424089431762695
6.41676139831543
6.418787002563477
6.419429302215576
6.418432712554932
6.413181781768799
6.414971351623535
6.415928840637207
6.413279056549072
6.413484573364258
6.416934013366699
6.415086269378662
6.417567253112793
6.420466423034668
6.422134876251221
6.425717353820801
6.4240336418151855
6.4245429039001465
6.429086208343506
6.428347110748291
6.427860260009766
6.426496505737305
6.426625728607178
6.420858860015869
6.417842388153076
6.415168762207031
6.415850639343262
6.416139125823975
6.416860580444336
6.41738748550415
6.417415142059326
6.415686130523682
6.414605140686035
6.4153852462768555
6.415496826171875
6.415598392486572
6.4153337478637695
6.415159702301025
6.416918754577637
6.416353225708008
6.419198989868164
6.417986869812012
6.421289443969727
6.4203643798828125
6.42112922668457
6.423055171966553
6.423167705535889
6.423091411590576
6.421894073486328
6.423555374145508
6.422244071960449
6.4224653244018555
6.425061225891113
6.424654960632324
6.421840667724609
6.420438289642334
6.422341823577881
6.423351287841797
6.419604301452637
6.420731067657471
6.418673038482666
6.418029308319092
6.420540809631348
6.419885635375977
6.419496536254883
6.419012069702148
6.420223712921143
6.42118501663208
6.4236650466918945
6.424685478210449
6.422478675842285
6.418123722076416
6.4180989265441895
6.418278694152832
6.421867370605469
6.422487258911133
6.422520637512207
6.420153617858887
6.421080112457275
6.421892166137695
6.422266006469727
6.424667835235596
6.421591758728027
6.423137664794922
6.422241687774658
6.422881603240967
6.422780513763428
6.425141334533691
6.4263715744018555
6.428223133087158
6.427770614624023
6.429684162139893
6.429821014404297
6.429327964782715
6.427013874053955
6.425541400909424
6.425429344177246
6.4223551750183105
6.422236442565918
6.423427581787109
6.420628547668457
6.419272422790527
6.419024467468262
6.419473171234131
6.41942024230957
6.4210357666015625
6.420901298522949
6.422280788421631
6.422600746154785
6.422876358032227
6.421271324157715
6.421413421630859
6.422761917114258
6.424020767211914
6.4260735511779785
6.4259772300720215
6.430794715881348
6.430787563323975
6.433487892150879
6.435126304626465
6.439127445220947
6.437911033630371
6.440611362457275
6.441498756408691
6.441809177398682
6.445921897888184
6.446260929107666
6.442610263824463
6.439610958099365
6.442592620849609
6.440309524536133
6.435652732849121
6.432915210723877
6.429754734039307
6.426893711090088
6.42595100402832
6.425684452056885
6.424942493438721
6.425973415374756
6.426723957061768
6.428011894226074
6.430615425109863
6.430327415466309
6.432320594787598
6.4342942237854
6.433746337890625
6.4334025382995605
6.436534881591797
6.437364101409912
6.437354564666748
6.437078952789307
6.438021183013916
6.438638210296631
6.438242435455322
6.438149929046631
6.4396138191223145
6.4384331703186035
6.439639091491699
6.439479827880859
6.438382148742676
6.438631057739258
6.436843395233154
6.4372687339782715
6.437841892242432
6.437122344970703
6.439767837524414
6.439035892486572
6.438168525695801
6.439298152923584
6.440991401672363
6.442453861236572
6.44246768951416
6.442757606506348
6.442054271697998
6.442508220672607
6.443824768066406
6.443779945373535
6.444119930267334
6.4443359375
6.4435954093933105
6.443385124206543
6.438861846923828
6.438892364501953
6.435625076293945
6.4352216720581055
6.433514595031738
6.434444427490234
6.432706832885742
6.429437637329102
6.428999423980713
6.429424285888672
6.42924165725708
6.429497241973877
6.430845260620117
6.428631782531738
6.427770137786865
6.427638053894043
6.431616306304932
6.429748058319092
6.430400848388672
6.42767858505249
6.427141189575195
6.426536560058594
6.425163745880127
6.423701763153076
6.425139427185059
6.426990509033203
6.425539970397949
6.424994468688965
6.422702312469482
6.421125888824463
6.421322345733643
6.421901702880859
6.423090934753418
6.423886299133301
6.425346374511719
6.42620325088501
6.424746513366699
6.425448894500732
6.428552627563477
6.429311752319336
6.428447246551514
6.431435585021973
6.431141376495361
6.43510627746582
6.436103820800781
6.436978816986084
6.435908317565918
6.435063362121582
6.433332920074463
6.432943344116211
6.430298328399658
6.431887626647949
6.42988395690918
6.428824424743652
6.4287614822387695
6.42807674407959
6.42628812789917
6.427298545837402
6.427427768707275
6.4289960861206055
6.429775714874268
0.6916310787200928
0.6814664602279663
0.67155921459198
0.6619223952293396
0.6527503132820129
0.6440761089324951
0.6358939409255981
0.6282849311828613
0.621298611164093
0.6149594783782959
0.609367847442627
0.6046047210693359
0.6005752086639404
0.5972322225570679
0.5944743752479553
0.592232882976532
0.5906780958175659
0.5896575450897217
0.5890247225761414
0.5887726545333862
0.5888018608093262
0.5885754823684692
0.5878643989562988
0.5870264768600464
0.5861273407936096
0.5852261781692505
0.5843941569328308
0.5836016535758972
0.582905650138855
0.5824476480484009
0.5822904706001282
0.5822980999946594
0.582442045211792
0.5824206471443176
0.5821790099143982
0.5818676948547363
0.5815867185592651
0.5812907218933105
0.5809820890426636
0.5807453989982605
0.5806521773338318
0.5806568264961243
0.580634355545044
0.5805478096008301
0.5804187059402466
0.580305814743042
0.5802165269851685
0.580075740814209
0.5799415707588196
0.5798410773277283
0.5798744559288025
0.579912543296814
0.5798602104187012
0.5798128843307495
0.5796924829483032
0.5795656442642212
0.5795385837554932
0.5795814990997314
0.5795966982841492
0.5795789957046509
0.5795051455497742
0.5794297456741333
0.57945716381073
0.5795149207115173
0.5795005559921265
0.5794728994369507
0.5794382691383362
0.579394519329071
0.5794336199760437
0.5794228315353394
0.5793554782867432
0.5793427228927612
0.5793699622154236
0.5793551802635193
0.5793294310569763
0.5792913436889648
0.5792727470397949
0.579308807849884
0.5793291926383972
0.5793019533157349
0.579261064529419
0.5792804956436157
0.5792900919914246
0.5792974233627319
0.5792732238769531
0.5792738199234009
0.579300045967102
0.5792832374572754
0.579297661781311
0.579293966293335
0.5792666077613831
0.5792650580406189
0.5793007016181946
0.5793080925941467
0.5793001055717468
0.5792890787124634
0.5792837738990784
0.5792690515518188
0.579253613948822
0.5792506337165833
