12.214675903320312
11.67341136932373
11.132144927978516
10.59088134765625
10.049613952636719
9.508350372314453
8.967083930969238
8.425816535949707
7.884552955627441
7.343289375305176
6.802022457122803
6.26075553894043
5.719491958618164
5.17822790145874
4.636960983276367
4.095694541931152
4.545906066894531
4.423715114593506
3.9998559951782227
3.351743459701538
2.620880365371704
3.435169219970703
3.784489631652832
3.777843713760376
3.4893319606781006
3.328345775604248
3.4740283489227295
3.5467803478240967
3.5547361373901367
3.505053997039795
3.404040575027466
3.3702359199523926
3.113797187805176
2.8454885482788086
3.0123472213745117
3.1967103481292725
3.1154184341430664
2.868969678878784
2.846179962158203
3.038933753967285
3.117880344390869
2.951910972595215
2.8947086334228516
2.9241890907287598
3.068162441253662
3.0191330909729004
2.7462096214294434
2.8675765991210938
3.0623526573181152
3.0162289142608643
2.7579216957092285
2.832627296447754
3.0157864093780518
2.9670820236206055
2.7683839797973633
2.796119451522827
2.766798496246338
2.753488779067993
2.5858163833618164
2.6734976768493652
2.6453256607055664
2.7512476444244385
2.6834845542907715
2.732795476913452
2.7658491134643555
2.5981574058532715
2.773480176925659
2.758854627609253
2.671626091003418
2.8589189052581787
2.8787522315979004
2.690920352935791
2.8269946575164795
2.9572339057922363
2.871243715286255
2.659142017364502
2.859015703201294
2.931849718093872
2.7962982654571533
2.67041015625
2.7590975761413574
2.668863534927368
2.6661767959594727
2.6096270084381104
2.6507110595703125
2.680964708328247
2.829800605773926
2.7973010540008545
2.789762496948242
2.815234661102295
2.8145580291748047
2.7018144130706787
2.6238739490509033
2.632659673690796
2.6721537113189697
2.688565731048584
2.6839077472686768
2.6255874633789062
2.6261985301971436
2.668023109436035
2.6515378952026367
2.644641637802124
2.633021831512451
2.6441545486450195
2.6400179862976074
2.6157379150390625
2.608811855316162
2.6061906814575195
2.6288061141967773
2.6298999786376953
2.6102752685546875
2.5960774421691895
2.608966827392578
2.6227474212646484
2.6208014488220215
2.610036849975586
2.5998785495758057
2.6005239486694336
2.6054859161376953
2.5894641876220703
2.5904922485351562
2.601318120956421
2.5906965732574463
2.5854439735412598
2.605757236480713
2.604764699935913
2.583664655685425
2.6006011962890625
2.6155948638916016
2.6090054512023926
2.5830836296081543
2.605316162109375
2.6242196559906006
2.6213316917419434
2.5989174842834473
2.5861546993255615
2.602259874343872
2.597033977508545
2.577564239501953
2.5890378952026367
2.5842368602752686
2.5848746299743652
2.586808681488037
2.583134174346924
2.5976598262786865
2.5974035263061523
2.5785951614379883
2.5799379348754883
2.5750250816345215
2.57578182220459
33.736541748046875
33.21671676635742
32.51872253417969
31.69696807861328
30.798381805419922
29.836780548095703
28.827585220336914
27.783300399780273
26.714693069458008
25.632179260253906
24.536949157714844
23.430307388305664
22.31977653503418
21.209077835083008
20.10033416748047
18.991050720214844
17.911640167236328
16.932186126708984
16.01190948486328
15.172111511230469
14.435285568237305
13.758672714233398
13.125311851501465
12.528063774108887
11.960371017456055
11.406074523925781
10.856657981872559
10.318737983703613
9.790095329284668
9.29648208618164
8.847613334655762
8.426908493041992
8.024025917053223
7.629104137420654
7.241650581359863
6.868640422821045
6.53447151184082
6.238345146179199
5.970743656158447
5.753355979919434
5.583688735961914
5.428708076477051
5.26717472076416
5.096757888793945
4.914433479309082
4.724469184875488
4.53464412689209
4.369322776794434
4.243320941925049
4.144120216369629
4.055272102355957
3.9650633335113525
3.8646106719970703
3.760505199432373
3.668722152709961
3.59572172164917
3.5458602905273438
3.514407157897949
3.487697124481201
3.4536726474761963
3.4081366062164307
3.355445146560669
3.299312114715576
3.244812250137329
3.203578233718872
3.184079170227051
3.179699182510376
3.177955150604248
3.1711268424987793
3.160630464553833
3.1493492126464844
3.138054847717285
3.126232862472534
3.111863374710083
3.101719379425049
3.088648796081543
3.0720953941345215
3.0569710731506348
3.0472960472106934
3.0451111793518066
3.0461580753326416
3.045578956604004
3.0422422885894775
3.0385587215423584
3.032210111618042
3.024782657623291
3.017845869064331
3.01334285736084
3.0101287364959717
3.008929491043091
3.007498264312744
3.0073461532592773
3.0056352615356445
3.0062062740325928
3.0042126178741455
3.000654935836792
2.9981422424316406
2.9970738887786865
2.997239589691162
2.9962992668151855
2.9956867694854736
2.9951512813568115
2.9947052001953125
2.994459390640259
2.994124174118042
2.992582082748413
2.991302013397217
2.990657091140747
2.991024971008301
2.991109609603882
2.9903759956359863
2.991119146347046
2.9907243251800537
2.9894537925720215
2.990351915359497
2.989192485809326
2.98982834815979
2.9901576042175293
2.988687038421631
2.9883487224578857
2.9877853393554688
2.989046573638916
2.98909854888916
2.9871509075164795
2.9871890544891357
2.986830711364746
2.986626148223877
2.9866421222686768
2.9872989654541016
2.9869883060455322
2.9872491359710693
2.9871339797973633
2.9869227409362793
2.9879705905914307
2.9870386123657227
2.9863829612731934
2.98656964302063
2.9859015941619873
2.987647294998169
2.9876017570495605
2.985628366470337
2.9856033325195312
2.9856796264648438
2.9854843616485596
2.985753059387207
2.9854001998901367
2.9865384101867676
2.9855146408081055
2.9859676361083984
2.986438512802124
2.9850378036499023
2.9850192070007324
2.984945058822632
2.9848177433013916
2.9847617149353027
2.984631299972534
2.984541654586792
2.984473705291748
2.9843597412109375
2.984200954437256
2.9840004444122314
2.9839560985565186
2.983812093734741
2.9838674068450928
2.9839234352111816
2.984027862548828
2.9840755462646484
2.9840548038482666
2.9839718341827393
2.983832359313965
2.9837334156036377
2.9835877418518066
2.983461856842041
2.9834883213043213
2.9833695888519287
2.983395576477051
2.9833614826202393
2.9832754135131836
2.9833004474639893
2.9831807613372803
2.9833273887634277
2.983351469039917
2.983149528503418
2.9831831455230713
2.9832475185394287
2.9831511974334717
2.9829397201538086
2.9829235076904297
2.9829633235931396
2.9829025268554688
2.982927083969116
2.9830024242401123
2.982884645462036
2.982771873474121
2.982924461364746
2.9828624725341797
2.9826810359954834
2.982667922973633
2.9825732707977295
2.982598066329956
2.9825644493103027
2.9825565814971924
2.9825024604797363
2.9824347496032715
2.98237943649292
2.9823718070983887
2.9824321269989014
2.9823126792907715
2.9822604656219482
2.9822425842285156
2.9822239875793457
2.98221755027771
2.982177734375
2.9821131229400635
2.98207688331604
2.9820730686187744
2.982103109359741
2.9820556640625
2.9820094108581543
2.9819488525390625
2.982008934020996
2.981931209564209
2.9820046424865723
2.98207950592041
2.981992483139038
2.9819045066833496
2.9817757606506348
2.981708288192749
2.9817237854003906
2.981699228286743
2.981687307357788
2.981635570526123
2.9815945625305176
2.9815196990966797
2.981649875640869
2.981577157974243
2.9815213680267334
2.981518268585205
2.9815564155578613
2.9814891815185547
2.981450319290161
2.9813597202301025
2.9813570976257324
2.981301784515381
2.9814181327819824
2.9813342094421387
2.9813294410705566
2.981412410736084
2.9813456535339355
2.98112416267395
2.9812841415405273
2.9812965393066406
2.981194019317627
2.981153726577759
2.9811575412750244
2.981182336807251
2.981149911880493
2.9811577796936035
2.981053590774536
2.9810712337493896
2.981153726577759
2.9811956882476807
2.981208086013794
2.9810969829559326
2.981194496154785
2.981163263320923
2.9810702800750732
2.9812915325164795
2.9813249111175537
2.98115873336792
2.9811980724334717
2.981383800506592
2.98140025138855
2.981196403503418
2.981102466583252
2.98124361038208
2.981170177459717
2.9811275005340576
2.981156826019287
2.9811129570007324
2.9810268878936768
2.981062412261963
2.981065273284912
2.9810597896575928
2.9811506271362305
2.98106050491333
2.981104850769043
2.981152057647705
2.9809999465942383
2.9811949729919434
2.981285810470581
2.9811534881591797
2.9810147285461426
2.981336832046509
2.981449842453003
2.981351137161255
2.9810686111450195
2.981182098388672
2.9813830852508545
2.9813499450683594
2.9811136722564697
2.981008529663086
2.9812378883361816
2.981316566467285
2.981186628341675
2.9809200763702393
2.9812417030334473
2.981330156326294
2.98120379447937
2.9809069633483887
2.9812090396881104
2.981321334838867
2.9812259674072266
2.9809470176696777
2.9812352657318115
2.9814367294311523
2.9814043045043945
2.98116397857666
2.9809536933898926
2.981121063232422
2.9810805320739746
2.9809186458587646
2.980966091156006
2.980905771255493
2.980895757675171
2.9808602333068848
2.9809730052948
2.9808740615844727
2.98106050491333
2.9811179637908936
2.980978012084961
2.9809646606445312
2.981043577194214
2.980931520462036
2.980872392654419
2.980858087539673
2.980865240097046
2.980902671813965
2.980849027633667
2.9809932708740234
2.9810214042663574
2.9809014797210693
2.9809393882751465
2.980910539627075
2.980877161026001
2.980877161026001
2.9808757305145264
2.980959177017212
2.9808647632598877
2.9808297157287598
108.22891235351562
103.66571044921875
98.90548706054688
94.24449157714844
90.1784896850586
87.291259765625
84.64212036132812
81.91938018798828
79.56324005126953
76.86140441894531
74.10948181152344
71.42644500732422
68.63948822021484
65.95415496826172
63.49387741088867
61.18167495727539
58.8020133972168
56.63384246826172
54.455039978027344
52.36103057861328
50.408912658691406
48.28270721435547
46.04781723022461
43.864559173583984
41.61069869995117
39.623382568359375
37.705989837646484
35.8104133605957
34.011505126953125
32.62297439575195
31.197364807128906
29.601890563964844
28.368837356567383
26.91338348388672
25.39287567138672
23.803396224975586
22.66181755065918
21.4404296875
20.069608688354492
18.995155334472656
17.91994285583496
16.751426696777344
15.60075855255127
14.488784790039062
13.341078758239746
12.25146484375
11.682589530944824
11.019533157348633
10.091510772705078
9.141022682189941
8.061044692993164
7.033005237579346
6.1855878829956055
5.693421840667725
5.366704940795898
5.169470310211182
5.144874572753906
5.188847541809082
5.169919967651367
5.1692023277282715
5.416338920593262
5.549393653869629
5.457799434661865
5.198001861572266
5.101693153381348
5.140563011169434
5.127010345458984
4.983627796173096
5.0102386474609375
4.989853858947754
4.767599582672119
4.54530143737793
4.477900981903076
4.333733081817627
4.207489967346191
4.258338451385498
4.107063293457031
3.9340169429779053
3.9295437335968018
3.9433908462524414
3.8825161457061768
3.734423875808716
3.7795770168304443
3.7183313369750977
3.5180470943450928
3.460508346557617
3.4386589527130127
3.374013900756836
3.3677241802215576
3.3917441368103027
3.3441410064697266
3.2627804279327393
3.266360282897949
3.26789927482605
3.185410976409912
3.242992877960205
3.278881549835205
3.2711920738220215
3.254243850708008
3.1824731826782227
3.3287196159362793
3.351245164871216
3.1956470012664795
3.160217523574829
3.202106237411499
3.2812416553497314
3.161285161972046
3.153394937515259
3.1668028831481934
3.3206331729888916
3.3665475845336914
3.141005039215088
3.097106456756592
3.1050477027893066
3.079141139984131
3.070690870285034
3.06138277053833
3.082766056060791
2.8948349952697754
2.834062099456787
2.9058656692504883
2.952068328857422
2.969147205352783
2.945024013519287
2.8176488876342773
2.7739737033843994
2.7651219367980957
2.740878105163574
2.7415060997009277
2.779895067214966
2.7187788486480713
2.6817989349365234
2.758207082748413
2.7864842414855957
2.6693432331085205
2.7166011333465576
2.8285603523254395
2.855607032775879
2.818495750427246
2.8175015449523926
2.8270750045776367
2.827866792678833
2.756751298904419
2.650808334350586
2.6621341705322266
2.6645050048828125
2.7787585258483887
2.772404193878174
2.643655776977539
2.6445844173431396
27.09630012512207
26.99256706237793
26.846582412719727
26.693553924560547
26.548912048339844
26.421951293945312
26.312875747680664
26.228275299072266
26.16562271118164
26.109233856201172
26.05569839477539
26.00320816040039
25.963539123535156
25.940109252929688
25.929080963134766
25.926820755004883
25.922019958496094
25.906715393066406
25.882495880126953
25.8504638671875
25.819477081298828
25.789608001708984
25.764802932739258
25.747459411621094
25.735807418823242
25.740888595581055
25.750062942504883
25.754467010498047
25.75200653076172
25.751230239868164
25.745935440063477
25.74119758605957
25.73609161376953
25.734697341918945
25.727148056030273
25.725976943969727
25.727710723876953
25.73162841796875
25.738407135009766
25.738130569458008
25.743242263793945
25.739351272583008
25.740144729614258
25.73558807373047
25.72625732421875
25.721792221069336
25.720306396484375
25.715728759765625
25.712068557739258
25.7108154296875
25.709339141845703
25.70747184753418
25.703445434570312
25.702545166015625
25.70177459716797
25.700420379638672
25.702423095703125
25.70054817199707
25.700843811035156
25.704607009887695
25.705963134765625
25.706079483032227
25.704940795898438
25.705167770385742
25.704553604125977
25.704368591308594
25.70269203186035
25.699743270874023
25.701431274414062
25.701322555541992
25.700546264648438
25.700054168701172
25.69894790649414
25.696880340576172
25.696533203125
25.695158004760742
25.694334030151367
25.693737030029297
25.6949520111084
25.694820404052734
25.693408966064453
25.69264030456543
25.692333221435547
25.692420959472656
25.692428588867188
25.692882537841797
25.693422317504883
25.69301986694336
25.694091796875
25.69416046142578
25.6934757232666
25.693687438964844
25.692880630493164
25.692707061767578
25.692808151245117
25.692903518676758
25.69258689880371
25.691936492919922
25.691699981689453
25.691268920898438
25.69091033935547
25.690589904785156
25.690322875976562
25.690093994140625
25.689498901367188
25.6892147064209
25.68967628479004
25.689542770385742
25.688312530517578
25.6881103515625
25.688283920288086
25.68893051147461
25.68865966796875
25.688472747802734
25.688289642333984
25.688411712646484
25.688217163085938
25.687976837158203
25.687461853027344
25.687114715576172
25.686939239501953
25.687063217163086
25.686067581176758
25.685565948486328
25.686500549316406
25.68598747253418
25.68583106994629
25.685970306396484
25.68578338623047
25.685436248779297
25.68524932861328
25.685379028320312
25.685195922851562
25.6846923828125
25.68369483947754
25.68462562561035
25.684350967407227
25.68378448486328
25.683544158935547
25.683666229248047
25.683435440063477
25.68212127685547
25.68275260925293
25.682872772216797
25.68268585205078
25.68218421936035
25.681987762451172
25.68211555480957
25.681936264038086
25.681434631347656
25.681236267089844
24.873188018798828
24.067319869995117
23.258560180664062
22.445343017578125
21.642536163330078
20.84898567199707
20.054962158203125
19.29291534423828
18.555133819580078
17.839088439941406
17.140369415283203
16.443302154541016
15.733375549316406
15.055596351623535
14.403080940246582
13.773025512695312
13.206902503967285
12.668472290039062
12.1622314453125
11.719703674316406
11.347248077392578
11.001989364624023
10.656425476074219
10.311827659606934
9.978392601013184
9.66383171081543
9.384368896484375
9.136495590209961
8.911252975463867
8.686077117919922
8.471952438354492
8.268425941467285
8.103553771972656
7.951629638671875
7.802649974822998
7.653914928436279
7.496330738067627
7.330406665802002
7.157131671905518
6.9922332763671875
6.847099781036377
6.719437599182129
6.603499889373779
6.4848551750183105
6.353553295135498
6.210526466369629
6.059324264526367
5.917567729949951
5.797462463378906
5.702634811401367
5.620264053344727
5.549033164978027
5.488986968994141
5.430843353271484
5.368807792663574
5.3014817237854
5.229578018188477
5.162872314453125
5.106977939605713
5.063772201538086
5.023275375366211
4.988840103149414
4.960680961608887
4.937691688537598
4.9131927490234375
4.888805389404297
4.864377975463867
4.844758033752441
4.830875396728516
4.819583892822266
4.811078071594238
4.8016180992126465
4.790677070617676
4.780078887939453
4.77312707901001
4.768165588378906
4.760686874389648
4.750524520874023
4.74033784866333
4.72993278503418
4.719015121459961
4.709963321685791
4.703277587890625
4.695779800415039
4.68785285949707
4.67902946472168
4.668447494506836
4.657979965209961
4.64768123626709
4.637598991394043
4.627462387084961
4.6196699142456055
4.613653182983398
4.608887672424316
4.605287075042725
4.601840972900391
4.598012924194336
4.59382438659668
4.589416980743408
4.585861682891846
4.577645301818848
4.569418430328369
4.55928897857666
4.54917049407959
4.538246154785156
4.5291900634765625
4.524840354919434
4.522599697113037
4.520320415496826
4.522077560424805
4.524639129638672
4.526453971862793
4.527203559875488
4.526952743530273
4.525615692138672
4.522860050201416
4.518980026245117
4.515136241912842
4.510955810546875
4.506567001342773
4.5047502517700195
4.504856586456299
4.505817890167236
4.506848335266113
4.508196830749512
4.507716655731201
4.507383346557617
4.506120681762695
4.503918170928955
4.502444267272949
4.501681327819824
4.501070976257324
4.501059055328369
4.501402854919434
4.502299785614014
4.5024518966674805
4.501768112182617
4.501101493835449
4.500208377838135
4.499332904815674
4.499420166015625
4.498995780944824
4.498128414154053
4.497507572174072
4.497104167938232
4.497844696044922
4.498343467712402
4.499143600463867
4.499391555786133
4.4994025230407715
4.499091148376465
4.498366355895996
4.498064041137695
4.498959064483643
4.498168468475342
4.499396324157715
4.499319553375244
4.499147415161133
4.4995012283325195
4.499701023101807
4.499632835388184
4.499833106994629
4.499608516693115
4.499567985534668
4.5006818771362305
4.499872207641602
4.499351978302002
4.499818801879883
4.50030517578125
4.501379489898682
4.501607418060303
4.500141620635986
4.500043869018555
4.500909805297852
4.500845909118652
4.5009589195251465
4.5009050369262695
4.500512599945068
4.500398635864258
4.50075101852417
4.500241756439209
4.500199794769287
4.500543594360352
4.5011444091796875
4.500807762145996
4.501071453094482
4.501026153564453
4.500984191894531
4.501209259033203
4.501213550567627
4.500710964202881
4.500748634338379
4.5010986328125
4.500804901123047
4.50115442276001
4.501100063323975
4.501008987426758
4.501052379608154
4.5008544921875
4.5007853507995605
4.500736236572266
4.500792026519775
4.500976085662842
4.500969409942627
4.500907897949219
4.500448703765869
4.5006794929504395
4.5006232261657715
4.500865936279297
4.500826358795166
4.500433921813965
4.499988555908203
4.499692916870117
4.499626636505127
4.499692916870117
4.499632835388184
4.499358177185059
4.498981475830078
4.498929977416992
4.498868942260742
4.499296188354492
4.499237060546875
4.499568939208984
4.499616622924805
4.4992499351501465
4.499344348907471
4.500247001647949
4.500123977661133
4.499983310699463
4.498661994934082
4.4985456466674805
4.499332904815674
4.498989105224609
4.499082088470459
4.498812198638916
4.498225688934326
4.497812747955322
4.497289657592773
4.497260570526123
4.496926307678223
4.4972429275512695
4.496387481689453
4.496607303619385
4.4960618019104
4.496486663818359
4.496374130249023
4.496192932128906
4.495793342590332
4.496125221252441
4.49589204788208
4.495635509490967
4.496243000030518
4.496182918548584
4.495148658752441
4.495453834533691
4.495727062225342
4.4953436851501465
4.495303630828857
4.49560546875
4.495577812194824
4.495150089263916
4.495131015777588
4.495100975036621
4.495474815368652
4.495118141174316
4.495423316955566
4.495698928833008
4.4956793785095215
4.495731830596924
4.495840549468994
4.495726585388184
4.49569034576416
4.494622707366943
4.494602680206299
4.495060443878174
4.4950385093688965
4.495335578918457
4.494906425476074
4.49524450302124
4.4952874183654785
4.495598793029785
4.495573043823242
4.495211124420166
4.495266914367676
4.49489164352417
4.495205879211426
4.495192527770996
4.496242523193359
4.495822429656982
4.495114803314209
4.495096206665039
4.495604515075684
4.496467590332031
4.496469974517822
4.496197700500488
4.496387958526611
4.496318817138672
4.496372699737549
4.496351718902588
4.496028900146484
4.49599027633667
4.495945930480957
4.4959001541137695
4.495731353759766
4.495384693145752
4.495125770568848
4.494839191436768
4.495311260223389
4.4950361251831055
4.495298862457275
4.4946393966674805
4.494319438934326
4.494800567626953
4.495059490203857
4.494487762451172
4.494546890258789
4.494217395782471
4.494126319885254
4.4938249588012695
4.494832515716553
4.493467807769775
4.493309020996094
4.493252754211426
4.493468284606934
4.493410587310791
4.493967056274414
4.493912696838379
4.493854522705078
4.4940571784973145
4.493557453155518
4.493528842926025
4.494410991668701
4.4944047927856445
4.494396209716797
4.494379043579102
4.494363307952881
4.49533224105835
4.494311332702637
4.494283199310303
4.494259357452393
4.493962287902832
4.493941783905029
4.494197845458984
4.4941725730896
4.494147777557373
4.494979381561279
4.494955539703369
4.493954181671143
4.494164943695068
4.494134426116943
4.494779586791992
4.494784355163574
4.494476318359375
4.494265079498291
4.494251251220703
4.495041847229004
4.494556903839111
4.494548797607422
4.495511054992676
4.494955539703369
4.494725704193115
4.495711326599121
4.495652198791504
4.495641231536865
4.495597839355469
4.495700359344482
4.4947509765625
4.494771957397461
4.494499683380127
4.495453357696533
4.4953436851501465
4.495123863220215
4.495158672332764
4.496376037597656
4.495678424835205
4.495538711547852
4.495388984680176
4.495301723480225
4.495471954345703
4.495670318603516
4.495438575744629
4.494865417480469
4.494990825653076
4.494417667388916
4.494289875030518
4.494285583496094
4.494206428527832
4.494448661804199
4.494335174560547
4.494133949279785
4.494818210601807
4.494449138641357
4.494231224060059
4.493804931640625
4.495000839233398
4.4952392578125
4.494455814361572
4.494401454925537
4.493934631347656
0.6352190375328064
0.6268945336341858
0.6196558475494385
0.6130902767181396
0.6071929335594177
0.601601779460907
0.5965494513511658
0.5920975208282471
0.5879654288291931
0.5841010808944702
0.5805087089538574
0.5771816968917847
0.574077308177948
0.5713405609130859
0.5689500570297241
0.5669519901275635
0.5654563903808594
0.5643041133880615
0.5635477304458618
0.56317538022995
0.5633524656295776
0.5633891820907593
0.5630037784576416
0.5625193119049072
0.5619382262229919
0.5613653659820557
0.5608378052711487
0.5603161454200745
0.5599068403244019
0.5596293807029724
0.5595408082008362
0.5595687627792358
0.5596624612808228
0.5596598982810974
0.5595405697822571
0.5593504905700684
0.5591682195663452
0.558979868888855
0.558780312538147
0.558680534362793
0.5586169958114624
0.5585940480232239
0.5585888028144836
0.5585753917694092
0.558493971824646
0.5583941340446472
0.5583392977714539
0.5582256317138672
0.5581478476524353
0.5581153035163879
0.5581561923027039
0.5581662058830261
0.5580998063087463
0.5580726265907288
0.5580030679702759
0.5579372644424438
0.557932436466217
0.5579614043235779
0.557966411113739
0.5579553842544556
0.5579027533531189
0.5578447580337524
0.5578991770744324
0.5579618811607361
0.5579404830932617
0.5578842163085938
0.5578535199165344
0.5578413009643555
0.5578919649124146
0.5578908920288086
0.5578262805938721
0.5577993988990784
0.5577924847602844
0.5578134059906006
0.5578268766403198
0.557797372341156
0.5577650666236877
0.5577687621116638
0.5577778816223145
0.5577877759933472
0.557758092880249
0.5577539205551147
0.5577720403671265
0.557781994342804
0.5577713847160339
0.5577734708786011
0.5577995777130127
0.5577898025512695
0.5578064918518066
0.5577925443649292
0.55776047706604
0.557779848575592
0.5578034520149231
0.5578147768974304
0.5577970743179321
0.5577778816223145
0.557770848274231
0.5577738285064697
0.5577993988990784
0.557788074016571
