2.259456157684326
2.419175148010254
2.5628645420074463
2.7075448036193848
2.8477213382720947
2.9878859519958496
3.136157989501953
3.2953450679779053
3.444993019104004
3.5993645191192627
4.429741859436035
4.584960699081421
4.744266986846924
4.89253306388855
5.042739391326904
5.187489032745361
5.35066294670105
5.489359617233276
5.63018536567688
5.790898084640503
6.62691330909729
6.794817686080933
6.9504876136779785
7.093661308288574
7.241819381713867
7.390571117401123
7.549702167510986
7.704342842102051
7.861516237258911
8.013899564743042
8.957842588424683
9.118974685668945
9.273009061813354
9.438504219055176
9.60027265548706
9.746392965316772
9.919636726379395
10.079254388809204
10.226396560668945
10.373046398162842
11.27065134048462
11.422389507293701
11.56958270072937
11.742199659347534
11.89306116104126
12.042049407958984
12.194695234298706
12.346943616867065
12.495718479156494
12.651941299438477
13.54573917388916
13.702363967895508
13.861998081207275
14.02123475074768
14.174538612365723
14.323713541030884
14.476954936981201
14.629111289978027
14.794312238693237
14.948482513427734
15.831387042999268
15.986210584640503
16.134910583496094
16.286622762680054
16.44091486930847
16.59051823616028
16.74870800971985
16.898908376693726
17.053234577178955
17.200999975204468
18.091399669647217
18.245120763778687
18.400615215301514
18.55179262161255
18.70569086074829
18.856357097625732
19.006402015686035
19.16365122795105
19.310310125350952
19.465101957321167
20.362057209014893
20.511244773864746
20.694191217422485
20.84855365753174
21.00422167778015
21.16745662689209
21.320997714996338
21.47185754776001
21.618529796600342
21.778247356414795
22.67510724067688
22.831732273101807
23.013427734375
23.171565294265747
23.320682048797607
23.48690962791443
23.634597063064575
23.78578495979309
23.933418035507202
24.0902042388916
24.983027935028076
25.131159782409668
25.291793823242188
25.496355056762695
25.65958261489868
25.831170558929443
25.989349842071533
26.14396858215332
26.290916681289673
26.43708872795105
27.275965929031372
27.42962884902954
27.581387758255005
27.724583864212036
27.866772174835205
28.02242088317871
28.16517162322998
28.316972255706787
28.46721339225769
28.614453554153442
29.456376552581787
29.611295461654663
29.75758171081543
29.899412155151367
30.04285979270935
30.19275212287903
30.337394952774048
30.486756324768066
30.63146448135376
30.78432846069336
31.715476274490356
31.86516571044922
32.02102589607239
32.16551995277405
32.31332993507385
32.46100831031799
32.60373520851135
32.75010824203491
32.9048547744751
33.05004549026489
33.94501352310181
34.099119901657104
34.2582848072052
34.41808104515076
34.57648968696594
34.72783637046814
34.87459444999695
35.019235134124756
35.168696880340576
35.313950538635254
36.19934153556824
36.35613179206848
36.527737617492676
36.69250750541687
36.848639488220215
37.01625299453735
37.16846227645874
37.37235760688782
37.54151153564453
37.71368670463562
38.65843462944031
38.82046818733215
38.98064041137695
39.142754316329956
39.30156660079956
39.47684407234192
39.64749622344971
39.81712460517883
39.97878098487854
40.165380239486694
41.1339316368103
41.29954218864441
41.46964907646179
41.62689542770386
41.80746269226074
41.98078107833862
42.15744352340698
42.31655931472778
42.48168992996216
42.64387369155884
43.65209436416626
43.819700956344604
44.007776975631714
44.18238043785095
44.34010648727417
44.524677991867065
44.70275115966797
44.87934398651123
45.03750443458557
45.19467353820801
46.129393577575684
46.3275625705719
46.4971706867218
46.68281650543213
46.835015058517456
46.988245248794556
47.14039921760559
47.29763865470886
47.456291913986206
47.612929344177246
48.62301445007324
48.77136778831482
48.934515714645386
49.09921145439148
49.25838255882263
49.40493583679199
49.59199619293213
49.75243806838989
49.90208029747009
50.05835843086243
51.031065225601196
51.20070290565491
51.40622138977051
51.637670040130615
51.80095410346985
51.97460103034973
52.132224559783936
52.304832220077515
52.47393274307251
52.64355993270874
53.58912467956543
53.759883880615234
53.92816877365112
54.10423707962036
54.26283502578735
54.423691272735596
54.57750725746155
54.74630427360535
54.907397747039795
55.08495569229126
56.10058856010437
56.272353410720825
56.429054498672485
56.60763883590698
56.76725912094116
56.940890312194824
57.12560319900513
57.28726053237915
57.44697690010071
57.602102518081665
58.53293776512146
58.697601079940796
58.855764627456665
59.020419120788574
59.187519788742065
59.34971761703491
59.51387858390808
59.68995237350464
59.83961892127991
60.000765562057495
60.97187352180481
61.151288986206055
61.33400630950928
61.52153515815735
61.69614911079407
61.882238149642944
62.038909912109375
62.2100465297699
62.36117911338806
62.524442195892334
63.3901629447937
63.544564723968506
63.71251916885376
63.87413430213928
64.03927183151245
64.1974356174469
64.39097428321838
64.5511372089386
64.72920298576355
64.89733147621155
65.91543698310852
66.07984352111816
66.24598097801208
66.41158962249756
66.58067846298218
66.74682903289795
66.90945529937744
67.1046233177185
67.26188492774963
67.42401695251465
68.38712120056152
68.54723501205444
68.71716547012329
68.88853406906128
69.04964971542358
69.23725128173828
69.4401490688324
69.59278964996338
69.7543933391571
69.95892381668091
70.93479943275452
71.12685322761536
71.28602623939514
71.4457733631134
71.59845495223999
71.78251957893372
71.94064426422119
72.11246871948242
72.28431367874146
72.46561551094055
73.46729922294617
73.66055703163147
73.82116174697876
74.00522947311401
74.15694522857666
74.36893367767334
74.53019499778748
74.70731449127197
74.87692761421204
75.03673696517944
75.99624514579773
76.16143202781677
76.33106923103333
76.51017165184021
76.67130470275879
76.82505774497986
76.9862117767334
77.14986062049866
77.31895685195923
77.4861319065094
78.46402955055237
78.6526083946228
78.80575227737427
79.01676869392395
79.1743733882904
79.36892127990723
79.52952671051025
79.69217205047607
79.85627603530884
80.04634308815002
81.05845952033997
81.23005938529968
81.41309118270874
81.58128046989441
81.74948501586914
81.90472674369812
82.07682180404663
82.24242162704468
82.39804291725159
82.56963634490967
83.54604172706604
83.70266127586365
83.87532591819763
84.03644704818726
84.19860696792603
84.35677814483643
84.50840711593628
84.66354632377625
84.84660863876343
85.00124478340149
85.93981337547302
86.10291457176208
86.25010681152344
86.4112229347229
86.58133912086487
86.74846816062927
86.91953539848328
87.06760549545288
87.23170304298401
87.40135169029236
88.37687349319458
88.53748559951782
88.69712018966675
88.86223125457764
89.02632689476013
89.19094920158386
89.35056710243225
89.54062056541443
89.71590781211853
89.87855219841003
90.95860481262207
91.12920212745667
91.2940034866333
91.4480152130127
91.60066986083984
91.76381516456604
91.92370462417603
92.09380650520325
92.27057957649231
92.44772124290466
93.4444682598114
93.59933376312256
93.75500893592834
93.9066948890686
94.04736375808716
94.19053053855896
94.35185217857361
94.52959084510803
94.72313117980957
94.88833618164062
95.77349328994751
95.94060683250427
96.10670852661133
96.2628448009491
96.44738435745239
96.62696528434753
96.80355501174927
96.96532154083252
97.1294298171997
97.28606629371643
98.26549506187439
98.41563844680786
98.57281279563904
98.73544836044312
98.89008688926697
99.05497622489929
99.21859502792358
99.37373971939087
99.5293984413147
99.69502925872803
100.68292832374573
100.8595449924469
101.03363919258118
101.2022533416748
101.35886645317078
101.53106808662415
101.7026596069336
101.91341400146484
102.08201575279236
102.27057385444641
103.19359850883484
103.34276366233826
103.50660824775696
103.67775392532349
103.85382771492004
104.01825904846191
104.16998672485352
104.35326504707336
104.50141596794128
104.68548679351807
105.7173478603363
105.89395999908447
106.08100962638855
106.32101702690125
106.49760437011719
106.66968512535095
106.83579206466675
107.01389145851135
107.2094624042511
107.38204002380371
108.31494069099426
108.47856664657593
108.64880561828613
108.81343221664429
108.97557544708252
109.12825632095337
109.29091501235962
109.44362592697144
109.59726738929749
109.74453663825989
110.65709495544434
110.82837867736816
110.98201394081116
111.14664435386658
111.30427646636963
111.45889711380005
111.61753439903259
111.77415585517883
111.92540287971497
112.07155060768127
112.93921661376953
113.09438514709473
113.24904012680054
113.40619587898254
113.5738136768341
113.72895169258118
113.8765938282013
114.03122735023499
114.2103226184845
114.38290333747864
115.28263401985168
115.44147777557373
115.59561800956726
115.76477432250977
115.91990923881531
116.07643389701843
116.23313307762146
116.38429284095764
116.54244041442871
116.72959780693054
117.63829350471497
117.80894613265991
117.9844012260437
118.13364291191101
118.28678941726685
118.44943237304688
118.60608005523682
118.76772904396057
118.92830157279968
119.09686183929443
119.9916775226593
120.15729260444641
120.30946040153503
120.46374917030334
120.63146686553955
120.86643528938293
121.04555058479309
121.21045017242432
121.37664127349854
121.53321528434753
123.237544298172
124.30140137672424
125.36888861656189
126.40895390510559
127.45201134681702
128.47685527801514
129.49888968467712
130.5341362953186
131.57643342018127
132.59627866744995
134.47901248931885
135.49817156791687
136.50729537010193
137.589026927948
138.6774570941925
139.75441193580627
140.7909083366394
141.83116459846497
142.86622500419617
143.9143660068512
145.72217512130737
146.65094685554504
147.61106944084167
148.50723576545715
149.48387050628662
150.43807768821716
151.43697595596313
152.32039070129395
153.21522402763367
154.20193123817444
155.93788695335388
156.98367834091187
158.0769386291504
159.15278148651123
160.2230875492096
161.29922890663147
162.36875367164612
163.4022250175476
164.42424631118774
165.4448058605194
167.25628638267517
168.2746045589447
169.24240851402283
170.26497101783752
171.350031375885
172.44588994979858
173.53263568878174
174.61099123954773
175.71593189239502
176.77038860321045
178.32769131660461
179.2630579471588
180.17108607292175
181.0883493423462
182.0123074054718
182.90495204925537
183.860342502594
184.80077362060547
185.72379159927368
186.64880299568176
188.4837682247162
189.4708330631256
190.50728631019592
191.5462350845337
192.6076557636261
193.68005657196045
194.76590180397034
195.84701490402222
196.95177578926086
198.0615200996399
199.9817078113556
201.00465440750122
202.0361123085022
203.04856061935425
204.10371708869934
205.14815664291382
206.16961097717285
207.24712014198303
208.34611225128174
209.46494436264038
211.4212110042572
212.54761457443237
213.63194370269775
214.72300934791565
215.79078888893127
216.84148693084717
217.89843273162842
218.94153809547424
220.00819611549377
221.071928024292
223.05745387077332
224.1354784965515
225.2255539894104
226.269038438797
227.3474428653717
228.37927103042603
229.4185492992401
230.46773290634155
231.48423767089844
232.5097415447235
234.4460780620575
235.51538801193237
236.62138843536377
237.70917773246765
238.75419306755066
239.80670762062073
240.8378188610077
241.91942191123962
242.99295043945312
244.10083985328674
246.01947450637817
247.12683486938477
248.26772379875183
249.35973715782166
250.4721701145172
251.52995991706848
252.59075021743774
253.62439107894897
254.67258381843567
255.70283603668213
257.5222547054291
258.6138381958008
259.7162184715271
260.7878975868225
261.9135031700134
263.00662875175476
264.0731692314148
265.14611864089966
266.2350559234619
267.34078097343445
269.2779109477997
270.4015860557556
271.5090112686157
272.65240240097046
273.7846851348877
274.9061596393585
275.9687411785126
277.0168309211731
278.06791281700134
279.10143637657166
280.9409613609314
281.9716100692749
282.99431252479553
284.1262192726135
285.26697874069214
286.381888628006
287.5212752819061
288.63331604003906
289.77369022369385
290.86095094680786
292.76856756210327
293.8583002090454
294.98867297172546
296.10674118995667
297.22743368148804
298.29747247695923
299.3679654598236
300.44681191444397
301.49604988098145
302.526887178421
304.3817791938782
305.478049993515
306.5820789337158
307.64217495918274
308.7505340576172
309.89048051834106
311.02405190467834
312.16740226745605
313.2696647644043
314.34623622894287
316.1961805820465
317.24161553382874
318.28985238075256
319.34916615486145
320.4375796318054
321.5283029079437
322.65510749816895
323.7918961048126
324.8957087993622
326.0273697376251
327.8817684650421
328.94446563720703
330.0022962093353
331.0579788684845
332.1186022758484
333.1843557357788
334.30471658706665
335.37413787841797
336.46841835975647
337.5442740917206
339.43612575531006
340.53312492370605
341.6177532672882
342.70023822784424
343.75333523750305
344.8819422721863
346.0236530303955
347.1352345943451
348.26242232322693
349.4068400859833
351.30672311782837
352.3427646160126
353.3852415084839
354.43459272384644
355.45992732048035
356.51075410842896
357.5254735946655
358.5660881996155
359.6639175415039
360.75228238105774
362.66735553741455
363.74704217910767
364.82144260406494
365.93009400367737
367.0457785129547
368.1172208786011
369.24655270576477
370.3470301628113
371.4452328681946
372.5439066886902
374.4564335346222
375.4844014644623
376.5548851490021
377.58029770851135
378.6270098686218
379.6717393398285
380.6924784183502
381.72605776786804
382.78913021087646
383.8310511112213
385.7681767940521
386.91568517684937
388.0521252155304
389.17329931259155
390.20256757736206
391.29874539375305
392.36605882644653
393.3779275417328
394.3720269203186
395.40404295921326
397.2696578502655
398.42689323425293
399.56382632255554
400.6551282405853
401.7208180427551
402.7923529148102
403.83888959884644
404.8609323501587
405.90886545181274
406.94596576690674
408.72611594200134
409.7646028995514
410.8504316806793
411.9572591781616
413.0502917766571
414.1117134094238
415.19110918045044
416.2436168193817
417.2622847557068
418.28631258010864
420.0936839580536
421.143027305603
422.18847274780273
423.22957396507263
424.2837700843811
425.3366310596466
426.41697883605957
427.4913158416748
428.5580735206604
429.70244240760803
431.5705282688141
432.64389300346375
433.71590662002563
434.8139388561249
435.845418214798
436.8772428035736
437.9770977497101
439.1205861568451
440.2085003852844
441.2686553001404
443.1749885082245
444.2336072921753
445.30437660217285
446.36077332496643
447.4095838069916
448.4189627170563
449.4907627105713
450.57045578956604
451.6549255847931
452.70109820365906
454.5958323478699
455.63762283325195
456.6682686805725
457.6859164237976
458.653035402298
459.62721371650696
460.5717031955719
461.4834568500519
462.390100479126
463.34444999694824
464.9503905773163
465.94614362716675
466.92953062057495
467.85057497024536
468.7508897781372
469.674768447876
470.61521911621094
471.5764935016632
472.55440759658813
473.48722863197327
475.0896964073181
476.0312328338623
476.97316908836365
477.9510200023651
478.92352414131165
479.91752910614014
480.96726083755493
481.90921998023987
482.90296387672424
483.8460376262665
485.48459029197693
486.4365780353546
487.36695742607117
488.3243567943573
489.2698771953583
490.20457577705383
491.1298780441284
492.0601952075958
492.98448848724365
493.9371392726898
495.51631450653076
496.4713590145111
497.3979163169861
498.30499386787415
499.2635910511017
500.1967658996582
501.1581826210022
502.06828236579895
502.9997925758362
503.8984971046448
505.42918395996094
506.3783760070801
507.39333963394165
508.4092710018158
509.3437933921814
510.2841167449951
511.21991181373596
512.237016916275
513.2059202194214
514.1500284671783
515.8213667869568
516.7728049755096
517.770539522171
518.7449378967285
519.6639218330383
520.5836968421936
521.4950008392334
522.4078657627106
523.4160642623901
524.3611097335815
526.0384695529938
527.039290189743
527.9902944564819
528.9591069221497
529.9430656433105
530.9184422492981
531.8978404998779
532.8782570362091
533.8384447097778
534.8433470726013
536.5039472579956
537.5238702297211
538.5331420898438
539.547278881073
540.5426967144012
541.5467479228973
542.5222790241241
543.4190683364868
544.365222454071
545.2852637767792
546.9897549152374
547.9251549243927
548.9317350387573
549.911235332489
550.8264648914337
551.7340207099915
552.6082689762115
553.5694990158081
554.4659180641174
555.3623986244202
556.9646952152252
557.9118983745575
558.8274846076965
559.7764523029327
560.7135980129242
561.6336421966553
562.5565001964569
563.4832255840302
564.4097199440002
565.3632316589355
567.0037658214569
567.9206075668335
568.8546361923218
569.8076608181
570.7498121261597
571.7617385387421
572.7183158397675
573.7102978229523
574.6059861183167
575.5453495979309
577.1644377708435
578.0769121646881
578.9917540550232
579.9367544651031
580.8733401298523
581.854996919632
582.82088804245
583.7487215995789
584.7037477493286
585.6570618152618
587.2271060943604
588.2178208827972
589.1879489421844
590.168244600296
591.0970513820648
592.0428097248077
592.9976983070374
593.9406843185425
594.8820385932922
595.7924122810364
597.3973186016083
598.3826658725739
599.3706572055817
600.3534092903137
601.2655031681061
602.2209432125092
603.1633057594299
604.1200222969055
605.0391702651978
606.0485951900482
607.7094030380249
608.6266689300537
609.5587627887726
610.5128402709961
611.4341728687286
612.3230814933777
613.2414081096649
614.1922450065613
615.1408107280731
616.0541541576385
617.6044380664825
618.6010854244232
619.5304272174835
620.5134377479553
621.459520816803
622.3611135482788
623.2860567569733
624.3524878025055
625.337865114212
626.287654876709
627.8616321086884
628.818874835968
629.7279608249664
630.6497583389282
631.5989332199097
632.5442316532135
633.4711275100708
634.44810795784
635.358494758606
636.3106300830841
637.8337931632996
638.8154549598694
639.7311758995056
640.654839515686
641.6397769451141
642.5721898078918
643.4881229400635
644.3832576274872
645.3046379089355
646.2460062503815
647.8532862663269
648.7847833633423
649.7290694713593
650.6725921630859
651.5655927658081
652.4942803382874
653.4268381595612
654.3861303329468
655.3165202140808
656.3050715923309
658.0415945053101
658.9974296092987
659.9546499252319
660.8888928890228
661.8397278785706
662.7737171649933
663.6840393543243
664.6252493858337
665.5778648853302
666.5256216526031
668.1988806724548
669.1642937660217
670.114369392395
671.080709695816
672.0597040653229
673.0101034641266
673.9366626739502
674.8720881938934
675.8546252250671
676.8158187866211
678.3667552471161
679.2770090103149
680.2239305973053
681.125405550003
682.0316686630249
682.9736523628235
683.9009575843811
684.8225610256195
685.7087745666504
686.6246054172516
688.274091720581
689.2864294052124
690.2385437488556
691.2199618816376
692.138881444931
693.222348690033
694.1466662883759
695.1423506736755
696.125638961792
697.0573153495789
698.7313816547394
699.7015850543976
700.666214466095
701.603616476059
702.4945335388184
703.4429562091827
704.3956332206726
705.321058511734
706.2744336128235
707.2481772899628
708.852175951004
709.8180460929871
710.8360061645508
711.7956209182739
712.7322719097137
713.7337944507599
714.7036604881287
715.6627976894379
716.6306676864624
717.566070318222
719.1424639225006
720.0955379009247
721.0700399875641
721.9840905666351
722.96484541893
723.9319701194763
724.8806257247925
725.8651988506317
726.802734375
727.7501177787781
729.3836703300476
730.3087813854218
731.2417976856232
732.1473014354706
733.123743057251
734.0351114273071
734.9470589160919
735.846400976181
736.8278043270111
737.8085253238678
739.4032051563263
740.3579511642456
741.2806611061096
742.2336683273315
743.2937972545624
744.231470823288
745.1737179756165
746.2364325523376
747.1213009357452
748.025319814682
749.6229472160339
750.4937052726746
751.396381855011
752.3432071208954
753.2757656574249
754.2432885169983
755.1773860454559
756.1411473751068
757.0413193702698
757.9531469345093
759.5639448165894
760.4978287220001
761.5108554363251
762.4989309310913
763.4714696407318
764.351774930954
765.3329546451569
766.3096036911011
767.2535116672516
768.2130606174469
769.7349030971527
770.6677403450012
771.6021611690521
772.5796811580658
773.4771790504456
774.4020733833313
775.3198883533478
776.246111869812
777.152104139328
778.0816102027893
779.7014482021332
780.5984709262848
781.4939470291138
782.403073310852
783.3301682472229
784.2501471042633
785.1882643699646
786.0900735855103
787.018473148346
787.9424917697906
789.502438545227
790.4342255592346
791.3761160373688
792.2635374069214
793.1865346431732
794.1261429786682
795.0571761131287
795.9934403896332
796.9131813049316
797.8355813026428
799.4960463047028
800.441591501236
801.4051094055176
802.3191928863525
803.2385816574097
804.1556642055511
805.0790748596191
806.0007808208466
806.9183104038239
807.8249905109406
809.47052693367
810.4379487037659
811.4122931957245
812.3387367725372
813.4199457168579
814.3420557975769
815.3422520160675
816.2811808586121
817.222404718399
818.2103400230408
819.7475867271423
820.6858377456665
821.588969707489
822.4852650165558
823.4090256690979
824.3250164985657
825.2718179225922
826.2019724845886
827.119918346405
828.0504329204559
829.707023859024
830.6495652198792
831.6660678386688
832.6250464916229
833.5793268680573
834.6028664112091
835.504424571991
836.3811454772949
837.2504508495331
838.1521742343903
839.8393173217773
840.7354078292847
841.6693661212921
842.5845832824707
843.5208523273468
844.4683861732483
845.4371764659882
846.4145262241364
847.3364255428314
848.2818002700806
849.9643137454987
850.9268112182617
851.9106738567352
852.8979289531708
853.9031474590302
854.8453361988068
855.7583720684052
856.6464350223541
857.6034853458405
858.5710098743439
860.2704226970673
861.229775428772
862.1451716423035
863.0672271251678
863.9941759109497
864.9684960842133
865.9037547111511
866.8237981796265
867.7965626716614
868.7923278808594
869.4716377258301
869.5023839473724
869.5328845977783
869.5628046989441
869.5932223796844
869.6241793632507
869.6491136550903
869.671058177948
869.6925535202026
869.7130224704742
870.3669166564941
870.3878979682922
870.4088852405548
870.4303884506226
870.4513328075409
870.4723243713379
870.492963552475
870.5135178565979
870.5350077152252
870.5559515953064
871.2031652927399
871.2236399650574
871.2440969944
871.2651998996735
871.2861201763153
871.307149887085
871.3272590637207
871.348230600357
871.3691475391388
871.3896698951721
872.0389587879181
872.0599031448364
872.0798530578613
872.1008207798004
872.1212778091431
872.1422216892242
872.162168264389
872.1831159591675
872.204085111618
872.2240478992462
872.888421535492
872.9088702201843
872.9293735027313
872.9502775669098
872.9712266921997
872.9922568798065
873.0123233795166
873.0333013534546
873.053219795227
873.0751645565033
873.7266335487366
873.7475781440735
873.7685222625732
873.7889850139618
873.8094489574432
873.8299071788788
873.8518483638763
873.8727941513062
873.8921813964844
873.9130313396454
874.5581135749817
874.578173160553
874.5991480350494
874.6196100711823
874.6405820846558
874.6614973545074
874.6834428310394
874.7033889293671
874.7243509292603
874.7462909221649
875.3988661766052
875.4184284210205
875.4403369426727
875.4612863063812
875.48180103302
875.5026271343231
875.5231788158417
875.5441255569458
875.5650742053986
875.5855166912079
876.2288906574249
876.2498347759247
876.2697830200195
876.2912390232086
876.3122107982635
876.332150220871
876.3530948162079
876.373042345047
876.393495798111
876.4144761562347
877.0682933330536
877.0887477397919
877.1097338199615
877.1303639411926
877.1513078212738
877.1712560653687
877.1917080879211
877.2129306793213
877.2333898544312
877.2543194293976
