16.296476364135742
15.75521183013916
15.213944435119629
14.672680854797363
14.131413459777832
13.590149879455566
13.048883438110352
12.507616996765137
11.966352462768555
11.425088882446289
11.36402702331543
11.22560977935791
10.779882431030273
10.111015319824219
10.039217948913574
9.919876098632812
9.748746871948242
9.533197402954102
9.279319763183594
8.992218017578125
8.676180839538574
8.334853172302246
7.971349716186523
7.5883378982543945
7.1881303787231445
6.772726058959961
6.873824119567871
6.699468612670898
6.271816253662109
5.636054992675781
5.550226211547852
6.152909278869629
6.467052459716797
6.474538803100586
6.224129676818848
5.7728118896484375
5.96341609954834
6.079318046569824
6.128286361694336
6.117243766784668
6.05238151550293
5.939238548278809
5.782761573791504
5.587386131286621
5.357087135314941
5.226380348205566
5.3820600509643555
5.490084648132324
5.532766342163086
5.70108699798584
5.634126663208008
5.647025108337402
5.673933982849121
5.64381217956543
5.562399864196777
5.473053932189941
5.265840530395508
5.330471038818359
5.368644714355469
5.43265438079834
5.436027526855469
5.384849548339844
5.521881103515625
5.442058563232422
5.270341873168945
5.415472030639648
5.374750137329102
5.277226448059082
5.409503936767578
5.344625473022461
5.29268741607666
5.577901840209961
5.626997947692871
5.43245792388916
5.273469924926758
5.404102325439453
5.288661003112793
5.341000556945801
5.410444259643555
5.246477127075195
5.4210405349731445
5.5294599533081055
5.404994964599609
5.222972869873047
5.300782203674316
5.199896812438965
5.3310651779174805
5.282204627990723
5.273773193359375
5.2910919189453125
5.255370140075684
5.328592300415039
5.226937294006348
5.373228073120117
5.433836936950684
5.277883529663086
5.367958068847656
5.47222900390625
5.35794734954834
5.2481584548950195
5.3194780349731445
5.305344581604004
5.272214889526367
5.222115516662598
5.188227653503418
5.2042341232299805
5.24165153503418
5.254972457885742
5.246736526489258
5.2192230224609375
5.174466133117676
5.182441711425781
5.21647834777832
5.227119445800781
5.216808319091797
5.187745094299316
5.159153938293457
5.201648712158203
5.223913192749023
5.224203109741211
5.204794883728027
5.167756080627441
5.181812286376953
5.209712028503418
5.215265274047852
5.200786590576172
5.168368339538574
5.177374839782715
5.215235710144043
5.2302961349487305
5.224456787109375
5.199887275695801
5.162436485290527
5.180937767028809
5.200037002563477
5.19793701171875
5.176826477050781
5.158060073852539
5.173168182373047
5.1676025390625
5.16856575012207
5.17156982421875
5.178918838500977
5.168123245239258
5.157466888427734
5.1642913818359375
5.153838157653809
5.162489891052246
5.158757209777832
5.160404205322266
39.18810272216797
38.709835052490234
38.02119445800781
37.20072555541992
36.29047775268555
35.31169509887695
34.28215789794922
33.215030670166016
32.120887756347656
31.007591247558594
29.87981605529785
28.742042541503906
27.60006332397461
26.454288482666016
25.308191299438477
24.168323516845703
23.094144821166992
22.124935150146484
21.217817306518555
20.350852966308594
19.493959426879883
18.650196075439453
17.87137222290039
17.181793212890625
16.563711166381836
15.980842590332031
15.429153442382812
14.902178764343262
14.405195236206055
13.956296920776367
13.54719352722168
13.152206420898438
12.76233196258545
12.366945266723633
11.991207122802734
11.673837661743164
11.356407165527344
11.02298641204834
10.716203689575195
10.45745849609375
10.223660469055176
9.996445655822754
9.76345157623291
9.516790390014648
9.256113052368164
8.990589141845703
8.735219955444336
8.498397827148438
8.290631294250488
8.122954368591309
7.984939098358154
7.854508876800537
7.719002723693848
7.56697940826416
7.4014506340026855
7.2335896492004395
7.074916362762451
6.9369659423828125
6.829944133758545
6.754433631896973
6.71184778213501
6.7147040367126465
6.734614849090576
6.740712642669678
6.730940818786621
6.71046257019043
6.684365272521973
6.655905246734619
6.628107070922852
6.597096920013428
6.561749458312988
6.524205207824707
6.492213249206543
6.462098598480225
6.433291435241699
6.415575981140137
6.416707515716553
6.423081398010254
6.425545692443848
6.421537399291992
6.414653778076172
6.406073093414307
6.394155502319336
6.382173538208008
6.373136520385742
6.364798545837402
6.357937335968018
6.356359958648682
6.355794906616211
6.3545942306518555
6.353864669799805
6.350480079650879
6.347949028015137
6.344626426696777
6.341687202453613
6.341335773468018
6.3399248123168945
6.337168216705322
6.336325168609619
6.336705207824707
6.335026741027832
6.333482265472412
6.331661224365234
6.331704616546631
6.33148717880249
6.329339027404785
6.328669548034668
6.329822540283203
6.328768730163574
6.326054573059082
6.327214241027832
6.328165054321289
6.327438831329346
6.325103759765625
6.3278961181640625
6.328670978546143
6.326366424560547
6.32436990737915
6.325646877288818
6.3269758224487305
6.326504707336426
6.324332237243652
6.325077056884766
6.326204776763916
6.326659202575684
6.326456546783447
6.325671195983887
6.324398994445801
6.322739124298096
6.322023391723633
6.322682857513428
6.322461128234863
6.322451114654541
6.3222270011901855
6.321384429931641
6.320486068725586
6.321667671203613
6.322352409362793
6.322425842285156
6.321954727172852
6.3209733963012695
6.322514057159424
6.322815418243408
6.32135534286499
6.320620536804199
6.322824478149414
6.322249889373779
6.319549083709717
6.32241153717041
6.323436737060547
6.3226470947265625
6.3223724365234375
6.321943759918213
6.321401119232178
6.320751667022705
6.320004463195801
6.3191704750061035
6.31949520111084
6.320181846618652
6.320522308349609
6.320537567138672
6.320281982421875
6.319781303405762
6.319396018981934
6.319159030914307
6.318899154663086
6.319428443908691
6.319745063781738
6.319851398468018
6.319774150848389
6.319536209106445
6.319156169891357
6.318770885467529
6.318910598754883
6.318982124328613
6.3189897537231445
6.318936347961426
6.318826675415039
6.318675994873047
6.318477630615234
6.318342208862305
6.318390846252441
6.318260669708252
6.318125247955322
6.318110466003418
6.318202495574951
6.318027973175049
6.3181633949279785
6.318279266357422
6.31821346282959
6.318089485168457
6.317965984344482
6.318104267120361
6.3180341720581055
6.317765712738037
6.3177924156188965
6.317824840545654
6.3176960945129395
6.317692756652832
6.317676544189453
6.317662239074707
6.31763219833374
6.317543983459473
6.317538738250732
6.317502021789551
6.317464828491211
6.317377090454102
6.3173828125
6.317306041717529
6.317312240600586
6.317254543304443
6.317270755767822
6.317145824432373
6.317139625549316
6.317120552062988
6.317104816436768
6.317071437835693
6.316983222961426
6.3169755935668945
6.3170061111450195
6.316956520080566
6.3168792724609375
6.3169708251953125
6.3168721199035645
6.316851615905762
6.3167924880981445
6.316808700561523
6.316769599914551
6.316738128662109
6.3166704177856445
6.31661319732666
6.316595077514648
6.3167009353637695
6.316661834716797
6.316558837890625
6.3166022300720215
6.31646728515625
6.316432476043701
6.316411018371582
6.316437721252441
6.3164238929748535
6.316352367401123
6.316327095031738
6.316277503967285
6.316302299499512
6.316234111785889
6.31617546081543
6.316159248352051
6.316177845001221
6.316184043884277
6.3160719871521
6.31606912612915
6.316123008728027
6.3160719871521
6.316057205200195
6.316074371337891
6.3161115646362305
6.316117286682129
6.316141128540039
6.316022872924805
6.316288471221924
6.316288948059082
6.316163063049316
6.31611442565918
6.316156387329102
6.316150665283203
6.316170692443848
6.316130638122559
6.31618595123291
6.316137790679932
6.316141128540039
6.316165447235107
6.31613302230835
6.316054821014404
6.316134452819824
6.316205024719238
6.3161091804504395
6.316154479980469
6.316178321838379
6.316040992736816
6.316122055053711
6.316062927246094
6.31608247756958
6.316151142120361
6.316165447235107
6.316121578216553
6.3160295486450195
6.316108703613281
6.316128730773926
6.315980911254883
6.316255569458008
6.316338539123535
6.316139221191406
6.316089630126953
6.31622314453125
6.316178798675537
6.315974235534668
6.316137790679932
6.316411018371582
6.316389083862305
6.316202640533447
6.316086769104004
6.3161468505859375
6.316265106201172
6.3162078857421875
6.316001892089844
6.316047191619873
6.316030502319336
6.315969467163086
6.316044807434082
6.316001892089844
6.315951824188232
6.3159403800964355
6.3160400390625
6.316075325012207
6.315942287445068
6.316102981567383
6.316140174865723
6.3159379959106445
6.3159685134887695
6.316002368927002
6.315915107727051
6.3159284591674805
6.315890312194824
6.3159918785095215
6.315935134887695
6.315943241119385
6.315926551818848
6.315939903259277
6.315964698791504
6.315858364105225
6.3158745765686035
6.315836429595947
6.31593132019043
6.315873146057129
6.3160247802734375
6.316017150878906
6.315875053405762
6.316009998321533
6.3159685134887695
6.315876483917236
6.3159332275390625
6.315938949584961
6.315885543823242
6.31590461730957
6.315874099731445
6.315851211547852
6.315970420837402
6.315828323364258
6.3160223960876465
136.51141357421875
122.54288482666016
108.77549743652344
95.61282348632812
84.8656234741211
74.60990905761719
66.85372924804688
60.47434616088867
54.19291305541992
49.3704833984375
46.485084533691406
42.428993225097656
37.3752555847168
32.269718170166016
27.482641220092773
22.462818145751953
18.35057830810547
14.868104934692383
13.59146499633789
14.189620971679688
14.441920280456543
15.7340087890625
15.767216682434082
15.327092170715332
15.68149185180664
16.030786514282227
15.902708053588867
14.985729217529297
13.305220603942871
12.291877746582031
10.786609649658203
10.453803062438965
10.790105819702148
10.181812286376953
9.59853744506836
9.33059310913086
9.208479881286621
8.992361068725586
8.746504783630371
8.608281135559082
7.72615909576416
7.79445743560791
7.945587635040283
8.002408981323242
7.674185752868652
8.081962585449219
7.717633247375488
7.564204216003418
7.726030349731445
7.4044599533081055
7.250697612762451
7.203980445861816
7.269508361816406
6.924680233001709
6.805316925048828
6.772116661071777
7.028349876403809
6.868651390075684
6.739134788513184
6.590043067932129
6.717429161071777
6.549293518066406
6.7949066162109375
6.750005722045898
6.988063812255859
6.792945861816406
6.432814598083496
6.859520435333252
6.725680351257324
6.780470848083496
6.53720760345459
6.4129180908203125
6.551954746246338
6.71589469909668
6.582503318786621
6.676445484161377
6.607535362243652
6.873136520385742
6.780050277709961
6.501652717590332
6.449425220489502
6.599979400634766
6.2114667892456055
6.089040279388428
6.3843231201171875
6.186336040496826
5.994636058807373
6.1189045906066895
6.0523481369018555
5.946571350097656
6.349140644073486
6.249056339263916
6.268059730529785
6.497791767120361
6.424209117889404
6.434057235717773
6.17289924621582
6.142513275146484
6.363924026489258
6.369288444519043
6.4181013107299805
6.54571008682251
6.962793350219727
6.764716148376465
6.331560134887695
6.898303985595703
7.251805305480957
7.370296478271484
6.819499969482422
6.389858245849609
6.6745805740356445
6.901028633117676
7.221517562866211
7.295762062072754
7.07465934753418
6.586701393127441
6.71644401550293
6.660762786865234
6.626708984375
6.364367961883545
6.5689544677734375
6.529994964599609
6.411731719970703
6.643763542175293
6.4980621337890625
6.317201137542725
6.639476776123047
6.815230369567871
6.8777875900268555
6.513504505157471
5.953192234039307
6.435771465301514
6.254969596862793
6.124917984008789
6.351214408874512
6.226181507110596
6.220550537109375
6.215476036071777
6.346271514892578
6.47624397277832
6.350017547607422
6.140521049499512
6.2810516357421875
6.231438636779785
6.448919773101807
6.446922302246094
6.405271053314209
6.348580360412598
6.324305534362793
6.373015403747559
11.529842376708984
11.342334747314453
11.07534408569336
10.756441116333008
10.410974502563477
10.097467422485352
9.801802635192871
9.694143295288086
9.703391075134277
9.685483932495117
9.685378074645996
9.717192649841309
9.71348762512207
9.687070846557617
9.612176895141602
9.501694679260254
9.36666202545166
9.324355125427246
9.363174438476562
9.423746109008789
9.428706169128418
9.403705596923828
9.394123077392578
9.341320037841797
9.288211822509766
9.245040893554688
9.322819709777832
9.368843078613281
9.357619285583496
9.291182518005371
9.220333099365234
9.18015193939209
9.226292610168457
9.20398998260498
9.16356372833252
9.182135581970215
9.175025939941406
9.179306983947754
9.20817756652832
9.191524505615234
9.174607276916504
9.18200969696045
9.218135833740234
9.232404708862305
9.205061912536621
9.21722412109375
9.203679084777832
9.173893928527832
9.1903076171875
9.19677734375
9.1865873336792
9.164801597595215
9.162725448608398
9.175429344177246
9.174942970275879
9.136048316955566
9.135538101196289
9.155617713928223
9.171216011047363
9.129149436950684
9.15424633026123
9.174427032470703
9.172768592834473
9.165891647338867
9.159852981567383
9.160764694213867
9.139134407043457
9.18616008758545
9.195550918579102
9.181845664978027
9.151468276977539
9.15472412109375
9.185494422912598
9.197983741760254
9.17231559753418
9.17112922668457
9.167391777038574
9.162593841552734
9.178348541259766
9.151481628417969
9.13264274597168
9.179752349853516
9.189480781555176
9.177229881286621
9.141119956970215
9.205427169799805
9.225990295410156
9.231925010681152
9.227628707885742
9.207161903381348
9.197471618652344
9.153550148010254
9.148609161376953
9.174349784851074
9.162284851074219
9.136422157287598
9.18397331237793
9.202836990356445
9.1815185546875
9.183547973632812
9.174134254455566
9.14775276184082
9.162342071533203
9.19832992553711
9.208481788635254
9.190682411193848
9.1736478805542
9.186596870422363
9.205078125
9.195205688476562
9.20606517791748
9.192957878112793
9.16720962524414
9.166631698608398
9.191858291625977
9.187382698059082
9.158658027648926
9.197553634643555
9.199004173278809
9.20661449432373
9.194652557373047
9.195032119750977
9.195640563964844
9.131973266601562
9.189672470092773
9.225834846496582
9.225808143615723
9.19249153137207
9.153726577758789
9.152860641479492
9.206011772155762
9.203146934509277
9.177936553955078
9.171052932739258
9.166101455688477
9.184711456298828
9.190143585205078
9.165596008300781
9.19589900970459
9.189778327941895
9.175043106079102
9.136187553405762
9.155941009521484
9.2025728225708
9.212187767028809
9.178226470947266
9.165925979614258
9.175077438354492
9.170919418334961
9.181910514831543
9.153096199035645
8.249364852905273
8.959843635559082
9.837250709533691
10.405757904052734
10.657811164855957
10.70610237121582
10.645726203918457
10.4755277633667
10.242240905761719
10.010231018066406
9.819897651672363
9.556793212890625
9.273109436035156
8.96886157989502
8.680580139160156
8.482276916503906
8.661653518676758
8.77476978302002
8.755584716796875
8.66887092590332
8.628576278686523
8.587125778198242
8.465579986572266
8.248003005981445
8.119534492492676
8.135714530944824
8.168318748474121
8.178098678588867
8.127730369567871
8.012173652648926
7.854494094848633
7.728890419006348
7.737828254699707
7.772151947021484
7.747790336608887
7.688830852508545
7.632079124450684
7.619593143463135
7.6187849044799805
7.6016693115234375
7.562757968902588
7.509666442871094
7.467342853546143
7.452506065368652
7.42075252532959
7.397427558898926
7.3871073722839355
7.366908073425293
7.34238338470459
7.315727710723877
7.285863399505615
7.252103805541992
7.228127479553223
7.237483978271484
7.23870849609375
7.230132102966309
7.215909004211426
7.196544647216797
7.186890602111816
7.177217960357666
7.16972541809082
7.161619663238525
7.164423942565918
7.16128396987915
7.157266616821289
7.147392272949219
7.140951156616211
7.131412982940674
7.129854202270508
7.126855850219727
7.126893997192383
7.13018274307251
7.1245503425598145
7.119749069213867
7.117358684539795
7.1148834228515625
7.109046936035156
7.103745460510254
7.101877212524414
7.100643634796143
7.096566200256348
7.095706462860107
7.096193790435791
7.091211795806885
7.088833808898926
7.085938453674316
7.086015701293945
7.086882591247559
7.088971138000488
7.0847625732421875
7.083522796630859
7.081127166748047
7.079933166503906
7.078165054321289
7.078446388244629
7.07668399810791
7.0775146484375
7.080078601837158
7.080755710601807
7.078144073486328
7.078159332275391
7.076147079467773
7.075811386108398
7.075999736785889
7.074925422668457
7.074532508850098
7.074765682220459
7.074475288391113
7.0749688148498535
7.073864936828613
7.075197219848633
7.075122356414795
7.075491428375244
7.075981140136719
7.076096534729004
7.075868606567383
7.074549674987793
7.076402187347412
7.076380729675293
7.074951648712158
7.07301664352417
7.07186222076416
7.074835777282715
7.0745015144348145
7.074949741363525
7.07408332824707
7.073517799377441
7.074491024017334
7.075791358947754
7.07582950592041
7.075155258178711
7.073464870452881
7.074159622192383
7.074372291564941
7.074131011962891
7.073274612426758
7.073296070098877
7.073310852050781
7.072371006011963
7.075336933135986
7.076353073120117
7.076020240783691
7.0741729736328125
7.0732831954956055
7.073991775512695
7.074980735778809
7.074865818023682
7.076084613800049
7.075161933898926
7.07419490814209
7.074507713317871
7.0759735107421875
7.078315734863281
7.076589584350586
7.074533462524414
7.076916694641113
7.076206207275391
7.075873374938965
7.075346946716309
7.074422359466553
7.0742387771606445
7.073857307434082
7.075026512145996
7.075355052947998
7.075475692749023
7.07524299621582
7.075839042663574
7.075002193450928
7.074609756469727
7.072383403778076
7.074246406555176
7.072667121887207
7.072267532348633
7.0725932121276855
7.074030876159668
7.07472038269043
7.074836254119873
7.073944568634033
7.074407577514648
7.072214126586914
7.06861686706543
7.066921710968018
7.06669807434082
7.065915107727051
7.07108211517334
7.070897102355957
7.072262763977051
7.0718607902526855
7.072504043579102
7.071399688720703
7.071037292480469
7.070774078369141
7.072110176086426
7.07148551940918
7.071297645568848
7.072658061981201
7.072746753692627
7.072931289672852
7.0717878341674805
7.071437358856201
7.0718994140625
7.072455406188965
7.071969032287598
7.070675849914551
7.070730686187744
7.071158409118652
7.071260452270508
7.0712385177612305
7.071363925933838
7.070027828216553
7.069435119628906
7.069258689880371
7.0694193840026855
7.0714640617370605
7.071060657501221
7.069838523864746
7.069331169128418
7.068726062774658
7.068553447723389
7.069286346435547
7.069668769836426
7.068835258483887
7.069568634033203
7.069979190826416
7.06997013092041
7.070219039916992
7.069093704223633
7.0699357986450195
7.070154190063477
7.069882869720459
7.070211887359619
7.070793151855469
7.070378303527832
7.070380210876465
7.070376873016357
7.0695719718933105
7.068951606750488
7.0689496994018555
7.069499969482422
7.069522857666016
7.06874942779541
7.068869113922119
7.067938804626465
7.06824254989624
7.068294525146484
7.068253517150879
7.068037986755371
7.068271636962891
7.0684099197387695
7.067604064941406
7.0684380531311035
7.068723678588867
7.069453239440918
7.06853723526001
7.069141387939453
7.069416046142578
7.069445610046387
7.068863868713379
7.0678277015686035
7.06514835357666
7.06514835357666
7.0643110275268555
7.065437316894531
7.066720008850098
7.0706915855407715
7.069009780883789
7.068870544433594
7.069576263427734
7.068859577178955
7.068165302276611
7.067372798919678
7.068660736083984
7.067966938018799
7.068052768707275
7.0683512687683105
7.068382263183594
7.069149494171143
7.069211959838867
7.069111347198486
7.069008827209473
7.068114280700684
7.069278240203857
7.069851398468018
7.06946325302124
7.06965446472168
7.069748878479004
7.069504737854004
7.0698747634887695
7.06992244720459
7.068539619445801
7.068471908569336
7.068577766418457
7.068392753601074
7.0697197914123535
7.069716930389404
7.069011688232422
7.069352149963379
7.068442344665527
7.068325042724609
0.4937645196914673
0.48686715960502625
0.480613112449646
0.47472795844078064
0.46931976079940796
0.46425697207450867
0.4594954550266266
0.4549964666366577
0.4506768584251404
0.446533739566803
0.4426037669181824
0.4389577805995941
0.4356704652309418
0.4328734576702118
0.4305969476699829
0.42884916067123413
0.4276348352432251
0.42692655324935913
0.42675843834877014
0.42693573236465454
0.42733585834503174
0.42744797468185425
0.42710334062576294
0.42658525705337524
0.42594054341316223
0.425278902053833
0.4246480464935303
0.4240642786026001
0.42360052466392517
0.4233013987541199
0.4232020378112793
0.4232543706893921
0.4233914017677307
0.42344024777412415
0.42334580421447754
0.4231594204902649
0.422958642244339
0.4227430820465088
0.42252522706985474
0.422389954328537
0.42233818769454956
0.4223272204399109
0.42233866453170776
0.42232000827789307
0.4222453236579895
0.4221595525741577
0.4220960736274719
0.4220021665096283
0.4219341576099396
0.42188918590545654
0.4219038784503937
0.42192161083221436
0.42189350724220276
0.4218641519546509
0.42179355025291443
0.42172667384147644
0.421708881855011
0.4217354655265808
0.42174938321113586
0.4217427968978882
0.42169079184532166
0.42164546251296997
0.421650767326355
0.4216887354850769
0.42169201374053955
0.42166775465011597
0.4216502904891968
0.4216320514678955
0.42165040969848633
0.42164719104766846
0.4216103255748749
0.4216020107269287
0.4216126799583435
0.4216161370277405
0.4216076135635376
0.4215858578681946
0.4215707778930664
0.42157939076423645
0.4215841293334961
0.42157599329948425
0.4215601086616516
0.4215593934059143
0.421563982963562
0.42157286405563354
0.42157119512557983
0.4215752184391022
0.42158806324005127
0.4215724468231201
0.4215918779373169
0.4215911030769348
0.4215717613697052
0.42157596349716187
0.4215953052043915
0.42159977555274963
0.4215887188911438
0.42157721519470215
0.4215664863586426
0.42155471444129944
0.4215630292892456
0.4215608239173889
