15.171026229858398
13.547228813171387
11.923433303833008
10.299635887145996
9.690176010131836
9.148911476135254
9.089208602905273
8.918057441711426
8.45500659942627
7.777617454528809
7.515324592590332
6.949584007263184
6.436842918395996
5.767975807189941
5.597980499267578
5.478638648986816
5.307509422302246
5.292165756225586
5.15299129486084
4.808060646057129
4.2885870933532715
3.893615245819092
3.5301120281219482
3.1470999717712402
2.746891975402832
2.3886547088623047
2.181990623474121
1.831640362739563
2.0208418369293213
2.193230390548706
2.291090965270996
2.5322794914245605
2.4206414222717285
2.4263858795166016
2.3905084133148193
2.409745693206787
2.3735718727111816
2.2858426570892334
2.151916980743408
1.9765779972076416
1.9504503011703491
1.932719349861145
2.058443546295166
2.115675926208496
2.1647839546203613
2.1543383598327637
2.153778076171875
2.087394952774048
2.0302252769470215
1.9243673086166382
1.8397003412246704
1.9742012023925781
1.9927024841308594
2.0521819591522217
2.0513863563537598
2.1317334175109863
2.0011589527130127
1.9512027502059937
1.8524543046951294
1.9933507442474365
1.98605215549469
1.9608513116836548
2.0248546600341797
2.1280691623687744
1.9771158695220947
1.8769174814224243
2.012165069580078
1.9657388925552368
1.9178614616394043
2.199044704437256
2.23244571685791
2.0180821418762207
2.078688144683838
2.3112564086914062
2.3709893226623535
2.186715602874756
1.9490972757339478
2.1887824535369873
2.3264706134796143
2.216646194458008
1.8896833658218384
2.19075083732605
2.4281740188598633
2.415217399597168
2.180142879486084
1.9723832607269287
2.1492018699645996
2.2285656929016113
2.0794243812561035
1.8844634294509888
2.2060303688049316
2.3212954998016357
2.207566738128662
1.8899768590927124
2.1698250770568848
2.4026856422424316
2.3982181549072266
2.182173728942871
1.9882813692092896
2.0946145057678223
2.1626906394958496
2.1477863788604736
2.113506317138672
2.061939239501953
1.998387336730957
1.976196527481079
1.950809359550476
1.9225493669509888
1.8917053937911987
1.8863157033920288
1.9213199615478516
1.9318044185638428
1.9203708171844482
1.8893585205078125
1.8408433198928833
1.8151402473449707
1.8365815877914429
1.8629953861236572
1.8660411834716797
1.8481866121292114
1.811660885810852
1.8094853162765503
1.8449068069458008
1.8627345561981201
1.8583744764328003
1.834161639213562
1.8166661262512207
1.8118560314178467
1.8304840326309204
1.8270031213760376
1.8037348985671997
1.8080413341522217
1.8295631408691406
1.8377915620803833
1.8251031637191772
1.7936885356903076
1.815226674079895
1.8385872840881348
1.839695930480957
1.820865273475647
1.7917171716690063
1.8150911331176758
1.829904317855835
1.8234491348266602
1.7979353666305542
1.8053919076919556
1.82400643825531
1.8211171627044678
1.7989516258239746
1.801222562789917
26.96196937561035
26.502527236938477
25.857898712158203
25.10549545288086
24.29768943786621
23.498464584350586
22.75
22.01266098022461
21.23607063293457
20.421993255615234
19.58340072631836
18.73934555053711
17.905942916870117
17.093603134155273
16.308277130126953
15.55453109741211
14.885529518127441
14.28881549835205
13.721952438354492
13.170421600341797
12.63769245147705
12.13436222076416
11.665154457092285
11.216775894165039
10.779589653015137
10.345993041992188
9.912452697753906
9.481522560119629
9.06027603149414
8.648212432861328
8.266921043395996
7.927502155303955
7.612493991851807
7.31639289855957
7.03398323059082
6.753592014312744
6.474543571472168
6.202165603637695
5.9359002113342285
5.670441627502441
5.413403511047363
5.187598705291748
4.997213840484619
4.831451892852783
4.674338340759277
4.516280174255371
4.3586530685424805
4.207902908325195
4.062037467956543
3.9182236194610596
3.783146381378174
3.665925979614258
3.560276508331299
3.4580416679382324
3.3555383682250977
3.2535500526428223
3.1527347564697266
3.051668167114258
2.9687752723693848
2.929110050201416
2.9240951538085938
2.921705484390259
2.91810941696167
2.9145395755767822
2.9110569953918457
2.908290386199951
2.9015002250671387
2.8910956382751465
2.8778915405273438
2.86177921295166
2.842165946960449
2.822272300720215
2.803337574005127
2.7856626510620117
2.7737479209899902
2.7674598693847656
2.7620415687561035
2.7560064792633057
2.752713441848755
2.74752140045166
2.7393763065338135
2.7285983562469482
2.716127395629883
2.703144073486328
2.6958041191101074
2.6901087760925293
2.688669204711914
2.689337730407715
2.6909799575805664
2.690845012664795
2.688662052154541
2.6868185997009277
2.6832637786865234
2.6824371814727783
2.68158221244812
2.6809730529785156
2.680143356323242
2.6788480281829834
2.6769332885742188
2.6763429641723633
2.674086809158325
2.6725640296936035
2.6722235679626465
2.670379161834717
2.6700453758239746
2.669179916381836
2.670741319656372
2.670138120651245
2.669412612915039
2.670865058898926
2.670806884765625
2.668586492538452
2.6696059703826904
2.670976161956787
2.671020030975342
2.6690685749053955
2.668044090270996
2.6670284271240234
2.666896343231201
2.6664624214172363
2.667908191680908
2.6673316955566406
2.6656837463378906
2.6665024757385254
2.66538667678833
2.6663620471954346
2.666808605194092
2.664989471435547
2.6670069694519043
2.668105125427246
2.6668193340301514
2.665707588195801
2.666210651397705
2.6673178672790527
2.666321039199829
2.6645922660827637
2.666398048400879
2.666982412338257
2.6650495529174805
2.6653599739074707
2.666687488555908
2.6657867431640625
2.6632351875305176
2.663538932800293
2.6640775203704834
2.6635360717773438
2.664346933364868
2.6642866134643555
2.663933277130127
2.6641969680786133
2.6647019386291504
2.6645193099975586
2.6641483306884766
2.663611888885498
2.6633617877960205
2.66314435005188
2.662903308868408
2.6634907722473145
2.6638264656066895
2.663893461227417
2.663729429244995
2.6633596420288086
2.6628165245056152
2.662519693374634
2.662600040435791
2.6630234718322754
2.6631853580474854
2.6631269454956055
2.662860631942749
2.662424087524414
2.6620864868164062
2.662384271621704
2.662425994873047
2.6622390747070312
2.661924362182617
2.6620941162109375
2.662106513977051
2.6619205474853516
2.6619677543640137
2.662048816680908
2.6619057655334473
2.6617865562438965
2.661837577819824
2.6617212295532227
2.6616978645324707
2.661623954772949
2.661602020263672
2.6616721153259277
2.6616368293762207
2.66156005859375
2.661515235900879
2.6615891456604004
2.6615686416625977
2.6614084243774414
2.6613662242889404
2.6613523960113525
2.6614577770233154
2.661404609680176
2.661350727081299
2.661322593688965
2.661309242248535
2.6612725257873535
2.6612462997436523
2.6611976623535156
2.6612541675567627
2.6613378524780273
2.661254405975342
2.6611404418945312
2.661306381225586
2.661332607269287
2.6611416339874268
2.6610679626464844
2.661165952682495
2.661052703857422
2.660933494567871
2.66121244430542
2.661257266998291
2.66108775138855
2.6608352661132812
2.661001205444336
2.6610069274902344
2.6608195304870605
2.6608874797821045
2.6609745025634766
2.6608474254608154
2.660660982131958
2.660707473754883
2.6606085300445557
2.660672664642334
2.6605968475341797
2.6606149673461914
2.6606197357177734
2.6604838371276855
2.660590648651123
2.66054630279541
2.6604056358337402
2.660385847091675
2.660438060760498
2.6603822708129883
2.6603779792785645
2.6603660583496094
2.6602931022644043
2.6604366302490234
2.660403251647949
2.660219192504883
2.6602096557617188
2.660144805908203
2.6601686477661133
2.6601076126098633
2.660187244415283
2.660104751586914
2.6601595878601074
2.6601734161376953
2.660038709640503
2.6601099967956543
2.6600303649902344
2.6600990295410156
2.660027027130127
2.6600871086120605
2.660013198852539
2.6600699424743652
2.659989356994629
2.660017251968384
2.660107374191284
2.660067558288574
2.6600117683410645
2.660017728805542
2.6600160598754883
2.6600165367126465
2.6601061820983887
2.660015344619751
2.6601333618164062
2.660182237625122
2.660095691680908
2.660034656524658
2.6602187156677246
2.660215377807617
2.660003900527954
2.660244941711426
2.660395622253418
2.660343647003174
2.6601052284240723
2.660154342651367
2.660315752029419
2.6602578163146973
2.660001516342163
2.6602210998535156
2.6603951454162598
2.6603636741638184
2.660156488418579
2.660090923309326
2.66011381149292
2.6601614952087402
2.6599979400634766
2.6600921154022217
2.6602063179016113
2.660116672515869
2.6600053310394287
2.6601829528808594
2.660247325897217
2.6600990295410156
2.659985065460205
2.6601972579956055
2.660224676132202
2.6600613594055176
2.660006284713745
2.660111904144287
2.6600048542022705
2.65999698638916
2.660060405731201
2.659939765930176
2.6599135398864746
2.6598870754241943
2.6598775386810303
2.660008430480957
2.6599910259246826
2.6599178314208984
2.6600289344787598
2.65993332862854
2.6599974632263184
2.6600470542907715
2.6599807739257812
2.6599390506744385
2.660088539123535
2.6600828170776367
2.6598851680755615
2.6598803997039795
2.6599502563476562
2.659895420074463
2.659916400909424
2.659865617752075
2.6598453521728516
2.659881591796875
2.6598715782165527
2.6598644256591797
2.659834384918213
2.6598312854766846
2.6598658561706543
2.659790515899658
2.659912586212158
2.6598472595214844
2.6598782539367676
2.6598119735717773
2.6599819660186768
2.660001277923584
2.6598434448242188
2.659869909286499
2.6598517894744873
2.6598329544067383
2.6598916053771973
148.56298828125
132.14553833007812
116.87410736083984
103.3476791381836
93.03663635253906
82.80415344238281
75.38101196289062
69.8155746459961
64.31741333007812
59.27278137207031
53.4139404296875
46.962547302246094
40.763206481933594
34.21571350097656
28.276409149169922
22.8308048248291
16.761600494384766
13.695122718811035
14.935446739196777
16.544918060302734
17.86644172668457
18.604745864868164
19.569969177246094
20.92730140686035
20.88028335571289
19.335824966430664
18.888505935668945
17.933176040649414
16.856897354125977
15.572381019592285
14.17172622680664
12.791498184204102
11.621404647827148
10.613744735717773
10.948402404785156
11.443328857421875
11.951857566833496
12.287744522094727
11.903180122375488
11.234951972961426
10.487573623657227
10.289568901062012
10.301162719726562
9.710105895996094
9.345561981201172
9.69461441040039
9.648862838745117
9.259613037109375
9.71906852722168
9.930330276489258
9.712851524353027
9.345268249511719
9.078706741333008
9.11335563659668
9.078836441040039
8.965938568115234
8.518166542053223
8.931164741516113
8.717401504516602
8.456766128540039
8.893359184265137
8.834649085998535
8.358993530273438
8.564567565917969
8.797677993774414
8.612330436706543
8.655959129333496
8.770124435424805
8.514961242675781
8.528016090393066
8.719832420349121
8.70363712310791
8.459102630615234
8.479569435119629
8.086246490478516
8.6957426071167
8.587599754333496
8.38060474395752
8.488434791564941
8.650651931762695
8.675663948059082
8.429547309875488
8.337263107299805
8.58121395111084
8.761606216430664
8.913154602050781
8.582971572875977
8.670598983764648
9.002798080444336
8.962732315063477
8.734222412109375
8.450948715209961
8.7689790725708
8.880094528198242
8.862915992736816
8.55031681060791
8.105019569396973
8.37964916229248
8.641708374023438
8.77575969696045
8.384401321411133
8.286962509155273
8.5255126953125
8.38983154296875
8.240693092346191
8.75156021118164
8.644750595092773
8.266047477722168
8.233843803405762
8.219605445861816
8.358063697814941
8.32203197479248
8.03402328491211
8.100944519042969
7.997453212738037
8.147453308105469
8.413744926452637
8.132534980773926
7.6731648445129395
8.17802619934082
8.324564933776855
7.932559967041016
8.135305404663086
8.52222728729248
8.613019943237305
8.44211483001709
8.492843627929688
8.314863204956055
8.483144760131836
8.551772117614746
8.095117568969727
7.8549885749816895
8.231943130493164
8.361654281616211
8.10837173461914
8.146597862243652
8.35134506225586
8.51356029510498
8.33440113067627
7.934997081756592
8.371343612670898
8.54780101776123
8.670378684997559
8.799535751342773
8.50287914276123
8.6741943359375
8.851761817932129
8.534923553466797
8.38692855834961
7.87333869934082
18.84168815612793
18.690082550048828
18.450130462646484
18.203100204467773
17.84589958190918
17.572006225585938
17.36634635925293
17.30310821533203
17.306903839111328
17.27229118347168
17.25640869140625
17.269100189208984
17.264883041381836
17.256235122680664
17.29790496826172
17.33422088623047
17.33391761779785
17.238075256347656
17.105798721313477
17.09358787536621
17.219017028808594
17.264598846435547
17.258825302124023
17.173738479614258
17.013547897338867
16.99259376525879
17.005308151245117
16.955337524414062
16.94688606262207
16.919143676757812
16.89722442626953
16.82897186279297
16.83960723876953
16.85462760925293
16.90245819091797
16.900888442993164
16.86404037475586
16.824703216552734
16.785724639892578
16.695446014404297
16.668855667114258
16.725875854492188
16.696645736694336
16.60745620727539
16.591541290283203
16.651891708374023
16.647764205932617
16.587411880493164
16.548276901245117
16.527145385742188
17.692928314208984
18.497581481933594
18.19552230834961
17.556602478027344
17.489398956298828
17.55994987487793
17.52165412902832
17.297733306884766
17.267885208129883
17.176048278808594
16.98735809326172
16.78952980041504
16.733760833740234
16.728174209594727
16.71364974975586
16.7185115814209
16.829145431518555
16.86765480041504
16.8138484954834
16.698898315429688
16.671707153320312
16.69415855407715
16.66459083557129
16.592863082885742
16.571165084838867
16.606199264526367
16.61288070678711
16.63311767578125
16.59697723388672
16.59397315979004
16.596233367919922
16.635643005371094
16.65427589416504
16.676485061645508
16.61750030517578
16.621601104736328
16.616682052612305
16.599441528320312
16.589094161987305
16.642494201660156
16.648157119750977
16.644824981689453
16.57177734375
16.598405838012695
16.642549514770508
16.61385726928711
16.635337829589844
16.632509231567383
16.62763786315918
16.628835678100586
16.651514053344727
16.674592971801758
16.664932250976562
16.61994743347168
16.55152702331543
16.569698333740234
16.576032638549805
16.5500431060791
16.587478637695312
16.579349517822266
16.579208374023438
16.58316421508789
16.60081672668457
16.58325958251953
16.597930908203125
16.610641479492188
16.569822311401367
16.638717651367188
16.67108154296875
16.633342742919922
16.609058380126953
16.596664428710938
16.61590003967285
16.5822811126709
16.624536514282227
16.673892974853516
16.669591903686523
16.622291564941406
16.621212005615234
16.61213493347168
16.607622146606445
16.621883392333984
16.654541015625
16.639442443847656
16.600418090820312
16.581676483154297
16.588104248046875
16.62913703918457
16.615550994873047
16.632862091064453
16.6302490234375
16.62139320373535
16.63184356689453
16.645862579345703
16.631986618041992
16.5970458984375
16.60869598388672
16.627552032470703
16.579267501831055
16.60741424560547
16.64482879638672
15.553974151611328
14.798154830932617
14.105066299438477
13.460615158081055
12.846329689025879
12.290969848632812
11.78260326385498
11.27791976928711
10.827938079833984
10.43413257598877
10.126444816589355
9.976862907409668
9.879205703735352
9.829776763916016
9.793416023254395
9.785972595214844
9.741008758544922
9.721375465393066
9.676018714904785
9.613192558288574
9.543720245361328
9.511515617370605
9.541374206542969
9.50448989868164
9.499204635620117
9.475531578063965
9.462221145629883
9.474956512451172
9.404707908630371
9.384048461914062
9.350772857666016
9.283233642578125
9.279165267944336
9.287199020385742
9.250027656555176
9.218610763549805
9.223076820373535
9.224061012268066
9.248603820800781
9.240745544433594
9.188347816467285
9.13584041595459
9.094217300415039
9.068021774291992
9.062357902526855
9.052406311035156
9.0302095413208
9.018390655517578
8.997262001037598
8.988431930541992
8.970995903015137
8.946704864501953
8.923195838928223
8.896256446838379
8.874921798706055
8.859764099121094
8.833956718444824
8.821638107299805
8.820419311523438
8.803714752197266
8.792984962463379
8.758428573608398
8.736432075500488
8.715977668762207
8.701447486877441
8.692371368408203
8.687585830688477
8.67475700378418
8.67072582244873
8.667182922363281
8.65283203125
8.654715538024902
8.646621704101562
8.637581825256348
8.643287658691406
8.644039154052734
8.639695167541504
8.643793106079102
8.63865852355957
8.62319278717041
8.626161575317383
8.615233421325684
8.618886947631836
8.60755729675293
8.60700798034668
8.606749534606934
8.601930618286133
8.59645938873291
8.604907989501953
8.621671676635742
8.620911598205566
8.617977142333984
8.604564666748047
8.599956512451172
8.594955444335938
8.588845252990723
8.592902183532715
8.578784942626953
8.57678508758545
8.568986892700195
8.565436363220215
8.563379287719727
8.56035041809082
8.555709838867188
8.563431739807129
8.566604614257812
8.563117980957031
8.561290740966797
8.564645767211914
8.567977905273438
8.569160461425781
8.570398330688477
8.565508842468262
8.565657615661621
8.565397262573242
8.560775756835938
8.560873031616211
8.556619644165039
8.555456161499023
8.552786827087402
8.547394752502441
8.546714782714844
8.540155410766602
8.54100227355957
8.540489196777344
8.538846969604492
8.536340713500977
8.532885551452637
8.528156280517578
8.524958610534668
8.52499008178711
8.525609970092773
8.521419525146484
8.520663261413574
8.518378257751465
8.512958526611328
8.516494750976562
8.52077865600586
8.517809867858887
8.517592430114746
8.517354965209961
8.51615047454834
8.51992130279541
8.524884223937988
8.523256301879883
8.525558471679688
8.5277681350708
8.522149085998535
8.52381706237793
8.523694038391113
8.520430564880371
8.513938903808594
8.51142406463623
8.508443832397461
8.50597095489502
8.49934196472168
8.501568794250488
8.500582695007324
8.498937606811523
8.501821517944336
8.500391006469727
8.499560356140137
8.499191284179688
8.499861717224121
8.500556945800781
8.499008178710938
8.49602222442627
8.493589401245117
8.489215850830078
8.495864868164062
8.491238594055176
8.491555213928223
8.498421669006348
8.499670028686523
8.504064559936523
8.50851821899414
8.511454582214355
8.512361526489258
8.510445594787598
8.510558128356934
8.513413429260254
8.506872177124023
8.503767013549805
8.507599830627441
8.501181602478027
8.498656272888184
8.496736526489258
8.492055892944336
8.493769645690918
8.491667747497559
8.490087509155273
8.490222930908203
8.498809814453125
8.501701354980469
8.49837589263916
8.497251510620117
8.503035545349121
8.498455047607422
8.4948091506958
8.492838859558105
8.497525215148926
8.498117446899414
8.497215270996094
8.49622917175293
8.494464874267578
8.495949745178223
8.497270584106445
8.496657371520996
8.495503425598145
8.496642112731934
8.499924659729004
8.501344680786133
8.502233505249023
8.506540298461914
8.504250526428223
8.502572059631348
8.497726440429688
8.494219779968262
8.491365432739258
8.48856258392334
8.485599517822266
8.483943939208984
8.482654571533203
8.48193359375
8.481331825256348
8.47966194152832
8.478928565979004
8.48056411743164
8.481995582580566
8.481114387512207
8.482719421386719
8.480648040771484
8.477142333984375
8.480106353759766
8.481925964355469
8.481414794921875
8.478496551513672
8.475380897521973
8.474678039550781
8.475211143493652
8.478231430053711
8.477617263793945
8.479222297668457
8.48045825958252
8.481934547424316
8.483040809631348
8.487567901611328
8.486928939819336
8.48648738861084
8.487432479858398
8.485974311828613
8.484216690063477
8.482690811157227
8.485077857971191
8.482473373413086
8.482969284057617
8.478372573852539
8.474557876586914
8.474832534790039
8.472103118896484
8.473814010620117
8.470832824707031
8.466126441955566
8.464277267456055
8.463085174560547
8.463706016540527
8.463250160217285
8.465227127075195
8.463892936706543
8.461302757263184
8.458702087402344
8.45832633972168
8.460309982299805
8.460683822631836
8.4608154296875
8.459403038024902
8.461932182312012
8.461540222167969
8.46194839477539
8.460784912109375
8.464275360107422
8.466327667236328
8.466123580932617
8.467284202575684
8.470536231994629
8.474655151367188
8.472221374511719
8.468175888061523
8.463910102844238
8.459537506103516
8.453925132751465
8.45227336883545
8.448299407958984
8.448102951049805
8.448311805725098
8.446554183959961
8.444747924804688
8.444912910461426
8.444467544555664
0.7970947623252869
0.7887340188026428
0.7823507785797119
0.7771310806274414
0.7726876139640808
0.7685921788215637
0.764897882938385
0.7616641521453857
0.7584137320518494
0.7552035450935364
0.7521514892578125
0.7492997050285339
0.7465310096740723
0.7441042065620422
0.7418597936630249
0.7396485209465027
0.7375295162200928
0.7355534434318542
0.733941376209259
0.7328361868858337
0.7327343225479126
0.7328749895095825
0.7326990962028503
0.7324711084365845
0.732154369354248
0.7319011688232422
0.7316865921020508
0.7314466834068298
0.7312225699424744
0.7309996485710144
0.7308560609817505
0.7308382391929626
0.7308788895606995
0.7309115529060364
0.7308995127677917
0.7308164834976196
0.7307121157646179
0.7306024432182312
0.7304945588111877
0.730441689491272
0.7304153442382812
0.7303779721260071
0.7303670048713684
0.7303933501243591
0.7303642630577087
0.7303091287612915
0.7302643060684204
0.7302044630050659
0.7301710247993469
0.7301703095436096
0.7301985025405884
0.730206310749054
0.7301533818244934
0.7301275134086609
0.7301035523414612
0.7300966382026672
0.7300898432731628
0.7300896048545837
0.7300867438316345
0.7300812005996704
0.7300567626953125
0.7300493121147156
0.7300778031349182
0.7300920486450195
0.7300868630409241
0.730063796043396
0.730032742023468
0.7300361394882202
0.7300743460655212
0.7300840616226196
0.7300534248352051
0.7300208806991577
0.7299888134002686
0.7300137281417847
0.7300381660461426
0.7300407290458679
0.7300283908843994
0.729988694190979
0.7299823760986328
0.730026364326477
0.7300219535827637
0.7300021648406982
0.7300097942352295
0.7300243973731995
0.7300053834915161
0.7300126552581787
0.7300218343734741
0.730021595954895
0.7300403118133545
0.7300323843955994
0.7300037741661072
0.7300124764442444
0.7300214171409607
0.7300447225570679
0.7300438284873962
0.7300132513046265
0.7299923300743103
0.7300174236297607
0.730045735836029
0.7300335764884949
