15.171026229858398
13.547228813171387
11.923433303833008
10.299635887145996
9.690176010131836
9.148911476135254
9.089208602905273
8.918057441711426
8.45500659942627
7.777617454528809
7.515324592590332
6.949584007263184
6.436842918395996
5.767975807189941
5.597980499267578
5.478638648986816
5.307509422302246
5.292165756225586
5.15299129486084
4.808060646057129
4.2885870933532715
3.893615245819092
3.5301120281219482
3.1470999717712402
2.746891975402832
2.3886547088623047
2.181990623474121
1.831640362739563
2.0208418369293213
2.193230390548706
2.291090965270996
2.5322794914245605
2.4206414222717285
2.4263858795166016
2.3905084133148193
2.409745693206787
2.3735718727111816
2.2858426570892334
2.151916980743408
1.9765779972076416
1.9504503011703491
1.932719349861145
2.058443546295166
2.115675926208496
2.1647839546203613
2.1543383598327637
2.153778076171875
2.087394952774048
2.0302252769470215
1.9243673086166382
1.8397003412246704
1.9742012023925781
1.9927024841308594
2.0521819591522217
2.0513863563537598
2.1317334175109863
2.0011589527130127
1.9512027502059937
1.8524543046951294
1.9933507442474365
1.98605215549469
1.9608513116836548
2.0248546600341797
2.1280691623687744
1.9771158695220947
1.8769174814224243
2.012165069580078
1.9657388925552368
1.9178614616394043
2.199044704437256
2.23244571685791
2.0180821418762207
2.078688144683838
2.3112564086914062
2.3709893226623535
2.186715602874756
1.9490972757339478
2.1887824535369873
2.3264706134796143
2.216646194458008
1.8896833658218384
2.19075083732605
2.4281740188598633
2.415217399597168
2.180142879486084
1.9723832607269287
2.1492018699645996
2.2285656929016113
2.0794243812561035
1.8844634294509888
2.2060303688049316
2.3212954998016357
2.207566738128662
1.8899768590927124
2.1698250770568848
2.4026856422424316
2.3982181549072266
2.182173728942871
1.9882813692092896
2.0946145057678223
2.1626906394958496
2.1477863788604736
2.113506317138672
2.061939239501953
1.998387336730957
1.976196527481079
1.950809359550476
1.9225493669509888
1.8917053937911987
1.8863157033920288
1.9213199615478516
1.9318044185638428
1.9203708171844482
1.8893585205078125
1.8408433198928833
1.8151402473449707
1.8365815877914429
1.8629953861236572
1.8660411834716797
1.8481866121292114
1.811660885810852
1.8094853162765503
1.8449068069458008
1.8627345561981201
1.8583744764328003
1.834161639213562
1.8166661262512207
1.8118560314178467
1.8304840326309204
1.8270031213760376
1.8037348985671997
1.8080413341522217
1.8295631408691406
1.8377915620803833
1.8251031637191772
1.7936885356903076
1.815226674079895
1.8385872840881348
1.839695930480957
1.820865273475647
1.7917171716690063
1.8150911331176758
1.829904317855835
1.8234491348266602
1.7979353666305542
1.8053919076919556
1.82400643825531
1.8211171627044678
1.7989516258239746
1.801222562789917
26.96196937561035
26.502527236938477
25.857898712158203
25.10549545288086
24.29768943786621
23.498464584350586
22.75
22.01266098022461
21.23607063293457
20.421993255615234
19.58340072631836
18.73934555053711
17.905942916870117
17.093603134155273
16.308277130126953
15.55453109741211
14.885527610778809
14.28881549835205
13.721953392028809
13.170422554016113
12.63769245147705
12.13436222076416
11.665153503417969
11.216774940490723
10.77958869934082
10.34599494934082
9.912452697753906
9.481523513793945
9.06027603149414
8.648212432861328
8.266921043395996
7.927502155303955
7.612493515014648
7.316391944885254
7.03398323059082
6.753591537475586
6.474541664123535
6.2021636962890625
5.935898303985596
5.670437812805176
5.413402080535889
5.187595844268799
4.99721097946167
4.831449031829834
4.674335479736328
4.51627779006958
4.358650207519531
4.207899570465088
4.062034606933594
3.9182193279266357
3.7831430435180664
3.6659226417541504
3.560274124145508
3.4580392837524414
3.355536937713623
3.253547191619873
3.15273380279541
3.051666736602783
2.9687752723693848
2.929110288619995
2.9240963459014893
2.921706199645996
2.918109893798828
2.9145395755767822
2.911057472229004
2.9082894325256348
2.9014997482299805
2.89109468460083
2.8778905868530273
2.8617775440216064
2.8421647548675537
2.8222708702087402
2.8033361434936523
2.7856616973876953
2.7737464904785156
2.767458200454712
2.762040138244629
2.75600528717041
2.7527127265930176
2.7475194931030273
2.7393746376037598
2.7285962104797363
2.71612548828125
2.7031428813934326
2.695802688598633
2.690108299255371
2.6886696815490723
2.689338207244873
2.6909799575805664
2.690845012664795
2.688662052154541
2.6868183612823486
2.6832635402679443
2.6824371814727783
2.681581974029541
2.6809730529785156
2.6801435947418213
2.6788480281829834
2.6769328117370605
2.6763429641723633
2.674086570739746
2.6725640296936035
2.6722235679626465
2.6703786849975586
2.6700456142425537
2.669179916381836
2.670741081237793
2.670138359069824
2.669412612915039
2.670865058898926
2.670806884765625
2.668586254119873
2.6696062088012695
2.670976161956787
2.671020030975342
2.6690688133239746
2.668044090270996
2.6670284271240234
2.6668965816497803
2.666461944580078
2.667908191680908
2.6673316955566406
2.6656837463378906
2.6665024757385254
2.66538667678833
2.6663618087768555
2.666808605194092
2.664989709854126
2.6670069694519043
2.668105125427246
2.6668193340301514
2.6657073497772217
2.666210651397705
2.6673176288604736
2.666321039199829
2.664592742919922
2.6664047241210938
2.666982412338257
2.665055751800537
2.6653542518615723
2.666682243347168
2.6657872200012207
2.663238525390625
2.6635422706604004
2.6640748977661133
2.6635334491729736
2.6643502712249756
2.6642894744873047
2.6639280319213867
2.664191246032715
2.664696216583252
2.6645193099975586
2.6641454696655273
2.6636123657226562
2.663362503051758
2.6631414890289307
2.662900924682617
2.663491725921631
2.663829803466797
2.6638996601104736
2.6637330055236816
2.6633658409118652
2.6628193855285645
2.6625170707702637
2.66259765625
2.6630172729492188
2.6631860733032227
2.663120985031128
2.662858247756958
2.6624186038970947
2.6620898246765137
2.662384510040283
2.6624321937561035
2.6622424125671387
2.6619186401367188
2.6620914936065674
2.6621036529541016
2.6619153022766113
2.661970853805542
2.662055253982544
2.6619062423706055
2.6617870330810547
2.661834716796875
2.6617159843444824
2.6617016792297363
2.661621570587158
2.661613941192627
2.6615610122680664
2.6616482734680176
2.6615352630615234
2.661691188812256
2.6617321968078613
2.6615684032440186
2.661559820175171
2.661623954772949
2.6614654064178467
2.661497116088867
2.6615607738494873
2.6614208221435547
2.6613471508026123
2.661381244659424
2.6612625122070312
2.6612539291381836
2.6612048149108887
2.6611247062683105
2.6612987518310547
2.661278009414673
2.6611671447753906
2.6612634658813477
2.6612634658813477
2.661062240600586
2.661194324493408
2.661282539367676
2.6611437797546387
2.6609487533569336
2.6610629558563232
2.661034107208252
2.660902976989746
2.6609349250793457
2.6609206199645996
2.660783052444458
2.6608223915100098
2.6607236862182617
2.6608591079711914
2.660871982574463
2.660674810409546
2.6608519554138184
2.660952568054199
2.6608474254608154
2.6605563163757324
2.66085147857666
2.6610171794891357
2.660951614379883
2.660687208175659
2.6605615615844727
2.6607584953308105
2.6608219146728516
2.660686731338501
2.660494327545166
2.6604361534118652
2.660501718521118
2.6603505611419678
2.6603853702545166
2.660526990890503
2.660522699356079
2.6603267192840576
2.6602141857147217
2.660311222076416
2.660187244415283
2.6601719856262207
2.660327196121216
2.6603221893310547
2.6601192951202393
2.6602258682250977
2.6603574752807617
2.6602725982666016
2.660088539123535
2.6601481437683105
2.660130262374878
2.6600489616394043
2.660261631011963
2.6602799892425537
2.660090923309326
2.660222053527832
2.6603546142578125
2.6602888107299805
2.6600379943847656
2.6603074073791504
2.6604807376861572
2.660431385040283
2.6601815223693848
2.6601154804229736
2.6604137420654297
2.6605064868927
2.660399913787842
2.660125732421875
2.6600289344787598
2.660111904144287
2.6600120067596436
2.659996509552002
2.65993595123291
2.660048484802246
2.660085678100586
2.660045623779297
2.6601033210754395
2.660020351409912
2.6600637435913086
2.660081386566162
2.6600468158721924
2.6600866317749023
2.660078525543213
2.6600308418273926
2.659943103790283
2.659996509552002
2.6600594520568848
2.660043716430664
2.6599621772766113
2.6600050926208496
2.659999132156372
2.6600050926208496
2.6600794792175293
2.660011053085327
2.6600723266601562
2.660111904144287
2.6600818634033203
2.660017967224121
2.6599221229553223
2.6600120067596436
2.6600282192230225
2.660027503967285
2.6600513458251953
2.65999698638916
2.6599769592285156
2.6599831581115723
2.6599082946777344
2.6598808765411377
2.6598668098449707
2.659933090209961
2.659888505935669
2.6599128246307373
2.6598451137542725
2.6598806381225586
2.659952163696289
2.659949779510498
2.6598892211914062
2.6600260734558105
2.659964084625244
2.6599020957946777
2.6601319313049316
2.660163402557373
2.659985065460205
2.660053253173828
2.6601650714874268
2.6602039337158203
2.6601030826568604
2.660026788711548
2.659918785095215
2.6601428985595703
2.6601786613464355
2.660003423690796
2.6599392890930176
2.660071849822998
2.6600022315979004
2.65994930267334
2.6600143909454346
2.659959077835083
2.659834384918213
2.659850597381592
2.6598269939422607
2.659832715988159
148.56280517578125
132.14517211914062
116.87384796142578
103.34759521484375
93.03669738769531
82.80424499511719
75.38091278076172
69.81542205810547
64.31731414794922
59.27262878417969
53.41398620605469
46.962608337402344
40.763404846191406
34.2159309387207
28.27645492553711
22.83077621459961
16.761493682861328
13.695021629333496
14.935311317443848
16.54486846923828
17.86639404296875
18.604719161987305
19.569740295410156
20.927074432373047
20.88007354736328
19.33572769165039
18.8883056640625
17.93292236328125
16.856782913208008
15.57227897644043
14.171525955200195
12.791173934936523
11.621192932128906
10.61365795135498
10.948212623596191
11.443195343017578
11.951749801635742
12.287503242492676
11.90324878692627
11.235237121582031
10.487849235534668
10.289569854736328
10.301135063171387
9.710269927978516
9.345491409301758
9.694428443908691
9.648789405822754
9.259087562561035
9.71879768371582
9.929990768432617
9.712944984436035
9.345303535461426
9.07886028289795
9.113117218017578
9.078167915344238
8.965761184692383
8.51817798614502
8.931310653686523
8.717497825622559
8.457136154174805
8.892629623413086
8.833776473999023
8.358891487121582
8.564863204956055
8.798303604125977
8.612334251403809
8.65604019165039
8.76964282989502
8.514427185058594
8.527986526489258
8.71971321105957
8.70350170135498
8.459306716918945
8.479900360107422
8.085834503173828
8.694671630859375
8.586631774902344
8.380541801452637
8.488744735717773
8.65130615234375
8.67631721496582
8.429388046264648
8.337194442749023
8.580794334411621
8.760961532592773
8.912285804748535
8.582783699035645
8.670633316040039
9.002801895141602
8.962983131408691
8.734819412231445
8.450758934020996
8.768951416015625
8.880199432373047
8.862051010131836
8.549306869506836
8.104930877685547
8.379401206970215
8.641448974609375
8.775641441345215
8.38486099243164
8.287609100341797
8.52619743347168
8.390490531921387
8.23939323425293
8.750072479248047
8.644521713256836
8.265690803527832
8.233871459960938
8.220308303833008
8.358369827270508
8.32132625579834
8.033228874206543
8.101773262023926
7.998440742492676
8.209436416625977
8.531771659851074
8.137897491455078
7.710822582244873
8.316850662231445
8.55462646484375
8.20610237121582
8.2178955078125
8.570856094360352
8.603034019470215
8.475348472595215
8.519814491271973
8.153383255004883
8.412288665771484
8.582465171813965
7.993538856506348
7.755022048950195
8.205782890319824
8.417288780212402
8.028304100036621
8.136030197143555
8.490819931030273
8.700418472290039
8.510560035705566
8.038164138793945
8.388809204101562
8.651897430419922
8.77586555480957
8.763152122497559
8.526630401611328
8.754095077514648
8.906706809997559
8.542947769165039
8.431265830993652
7.844607830047607
14.315106391906738
14.206127166748047
13.963595390319824
13.72988224029541
13.382867813110352
13.119842529296875
12.882417678833008
12.785240173339844
12.79220962524414
12.734724044799805
12.671113967895508
12.68258285522461
12.702330589294434
12.691126823425293
12.675338745117188
12.657295227050781
12.601597785949707
12.538355827331543
12.557181358337402
12.561877250671387
12.598031997680664
12.597009658813477
12.529314041137695
12.45492935180664
12.444137573242188
12.457470893859863
12.41963005065918
12.408082962036133
12.380271911621094
12.34781551361084
12.280388832092285
12.264267921447754
12.258699417114258
12.252267837524414
12.237560272216797
12.223152160644531
12.180826187133789
12.18372917175293
12.185127258300781
12.138603210449219
12.149162292480469
12.142870903015137
12.161829948425293
12.126385688781738
12.105179786682129
12.149410247802734
12.116317749023438
12.133769989013672
12.127874374389648
12.098209381103516
13.186369895935059
14.131919860839844
13.672815322875977
13.062100410461426
12.995832443237305
13.095909118652344
13.01296329498291
12.851283073425293
12.760900497436523
12.672060012817383
12.439227104187012
12.446507453918457
12.516071319580078
12.466850280761719
12.323673248291016
12.258065223693848
12.315544128417969
12.420708656311035
12.429518699645996
12.35224723815918
12.270245552062988
12.234183311462402
12.244421005249023
12.18214225769043
12.244044303894043
12.301340103149414
12.277528762817383
12.192500114440918
12.13720703125
12.180248260498047
12.24606990814209
12.243866920471191
12.217687606811523
12.21291732788086
12.169071197509766
12.170912742614746
12.157337188720703
12.14683723449707
12.186891555786133
12.161843299865723
12.158561706542969
12.15574836730957
12.153707504272461
12.129324913024902
12.126222610473633
12.127257347106934
12.214911460876465
12.219695091247559
12.174883842468262
12.103952407836914
12.144671440124512
12.15843391418457
12.147642135620117
12.130847930908203
12.122228622436523
12.12978744506836
12.116374015808105
12.09871768951416
12.092733383178711
12.065753936767578
12.111607551574707
12.102933883666992
12.056983947753906
12.08728313446045
12.128803253173828
12.13539981842041
12.093957901000977
12.065004348754883
12.132410049438477
12.176994323730469
12.1602783203125
12.142132759094238
12.099533081054688
12.07529354095459
12.075764656066895
12.115102767944336
12.101275444030762
12.085685729980469
12.10460090637207
12.10916519165039
12.119357109069824
12.138795852661133
12.130763053894043
12.136569023132324
12.143522262573242
12.117056846618652
12.142398834228516
12.149125099182129
12.176023483276367
12.159993171691895
12.100468635559082
12.104254722595215
12.135354042053223
12.165163040161133
12.154256820678711
12.141128540039062
12.106948852539062
12.129026412963867
12.171575546264648
12.201448440551758
12.190505981445312
11.603753089904785
11.247676849365234
10.945385932922363
10.64837646484375
10.365086555480957
10.056671142578125
9.714235305786133
9.400152206420898
9.118720054626465
8.91523265838623
8.74032211303711
8.619351387023926
8.584972381591797
8.564544677734375
8.54494857788086
8.580972671508789
8.609261512756348
8.587835311889648
8.578417778015137
8.53775691986084
8.522883415222168
8.503106117248535
8.47773265838623
8.470015525817871
8.475499153137207
8.482049942016602
8.433116912841797
8.388648986816406
8.370489120483398
8.340333938598633
8.302539825439453
8.304398536682129
8.325231552124023
8.330074310302734
8.310836791992188
8.297754287719727
8.27173900604248
8.228717803955078
8.176839828491211
8.137301445007324
8.096261978149414
8.077079772949219
8.05238151550293
8.03164291381836
8.012431144714355
8.00075626373291
8.003199577331543
7.980573654174805
7.970575332641602
7.976910591125488
7.97474479675293
7.9666290283203125
7.964289665222168
7.95721435546875
7.955570697784424
7.941874027252197
7.94656229019165
7.932604789733887
7.923513412475586
7.909426689147949
7.901169300079346
7.908147811889648
7.905023574829102
7.898552894592285
7.898757457733154
7.903589248657227
7.897658824920654
7.8980183601379395
7.901031970977783
7.901789665222168
7.898357391357422
7.899502277374268
7.89419412612915
7.893869400024414
7.896178722381592
7.88988733291626
7.87952995300293
7.8733062744140625
7.873227596282959
7.869026184082031
7.874384880065918
7.864517688751221
7.865461826324463
7.864667892456055
7.861842155456543
7.856795310974121
7.855610370635986
7.853259086608887
7.845970153808594
7.845843315124512
7.846299648284912
7.843414306640625
7.844989776611328
7.847052574157715
7.851305961608887
7.845660209655762
7.8445940017700195
7.841358661651611
7.844324111938477
7.840368270874023
7.8428754806518555
7.839273929595947
7.834338188171387
7.827470779418945
7.830145359039307
7.831305027008057
7.833200454711914
7.82952356338501
7.8289923667907715
7.829226970672607
7.8289666175842285
7.826657772064209
7.827119827270508
7.827746868133545
7.824782371520996
7.8231425285339355
7.8215861320495605
7.822338104248047
7.819204807281494
7.817913055419922
7.811742305755615
7.814058780670166
7.814792633056641
7.814114570617676
7.81233024597168
7.8104424476623535
7.809589385986328
7.809142112731934
7.81195592880249
7.808850288391113
7.807400703430176
7.810100555419922
7.806674003601074
7.805309295654297
7.803768157958984
7.79978609085083
7.796177864074707
7.792060375213623
7.792168617248535
7.791125297546387
7.789348602294922
7.787074089050293
7.787403106689453
7.786988735198975
7.790047645568848
7.7899885177612305
7.790316581726074
7.791216850280762
7.7835493087768555
7.7841010093688965
7.7833356857299805
7.7852911949157715
7.789032459259033
7.7861480712890625
7.789030075073242
7.789358139038086
7.7846221923828125
7.785190582275391
7.783977508544922
7.7832112312316895
7.780183792114258
7.775729656219482
7.7754387855529785
7.769221305847168
7.765294075012207
7.766371250152588
7.764096260070801
7.759878158569336
7.76414680480957
7.763862133026123
7.763506889343262
7.761743545532227
7.759619235992432
7.760570049285889
7.759212493896484
7.755522727966309
7.754538536071777
7.7512288093566895
7.7529754638671875
7.7554473876953125
7.75215482711792
7.747693061828613
7.7476935386657715
7.747912406921387
7.747123718261719
7.745827674865723
7.743914604187012
7.738746643066406
7.736047744750977
7.734267234802246
7.732308387756348
7.733659744262695
7.733695983886719
7.728754043579102
7.727632999420166
7.725512504577637
7.726720809936523
7.720959663391113
7.719809532165527
7.717538833618164
7.717720985412598
7.717364311218262
7.720045566558838
7.719664096832275
7.717623710632324
7.717212677001953
7.718900203704834
7.714104175567627
7.712454795837402
7.710594654083252
7.709630966186523
7.7052836418151855
7.700735092163086
7.694404125213623
7.693267822265625
7.692251682281494
7.691700458526611
7.692319869995117
7.690623760223389
7.690327167510986
7.692060470581055
7.691938400268555
7.690593719482422
7.689396381378174
7.688411235809326
7.688602447509766
7.686702728271484
7.687922477722168
7.686310768127441
7.686488151550293
7.685610771179199
7.6878252029418945
7.6861958503723145
7.685576438903809
7.6879563331604
7.687188148498535
7.684566974639893
7.684128761291504
7.682092189788818
7.684115409851074
7.680838584899902
7.681048393249512
7.681658744812012
7.682718276977539
7.684116363525391
7.687478542327881
7.6853227615356445
7.6861572265625
7.6858062744140625
7.684213638305664
7.681696891784668
7.682934284210205
7.68280029296875
7.6821370124816895
7.68056583404541
7.681192398071289
7.6829304695129395
7.684006690979004
7.682828903198242
7.682386875152588
7.682900905609131
7.6844916343688965
7.682774543762207
7.683093547821045
7.68121337890625
7.683799743652344
7.685116767883301
7.683200836181641
7.6829352378845215
7.685205459594727
7.687093734741211
7.688201904296875
7.686132431030273
7.6847076416015625
7.68518590927124
7.684532642364502
7.683476448059082
7.6838531494140625
7.682504653930664
7.680476188659668
7.678811073303223
7.67978048324585
7.679245948791504
7.679846286773682
7.679460525512695
7.680051326751709
7.682430744171143
7.6808180809021
7.679503917694092
7.678997039794922
7.677976608276367
7.6753153800964355
7.674121856689453
7.676417827606201
7.676060676574707
7.675500869750977
7.676387786865234
7.6777119636535645
7.678066730499268
0.797240674495697
0.7889951467514038
0.7827009558677673
0.7775604724884033
0.7731866836547852
0.7691552042961121
0.7655210494995117
0.7623401284217834
0.7591431736946106
0.7559886574745178
0.7529882192611694
0.7501903772354126
0.7474793195724487
0.745104193687439
0.7429048418998718
0.7407351732254028
0.7386529445648193
0.7367154359817505
0.7351420521736145
0.7340679168701172
0.7339712977409363
0.7341066002845764
0.7339348793029785
0.7337119579315186
0.7334025502204895
0.7331551313400269
0.7329397797584534
0.7326980829238892
0.7324758172035217
0.7322589159011841
0.7321184277534485
0.7320995926856995
0.7321376800537109
0.7321711778640747
0.7321615815162659
0.7320796847343445
0.7319736480712891
0.7318660020828247
0.7317609786987305
0.7317087054252625
0.7316820621490479
0.7316461801528931
0.731635332107544
0.7316598892211914
0.7316320538520813
0.7315793037414551
0.7315337061882019
0.7314736247062683
0.7314420342445374
0.731442928314209
0.7314692139625549
0.7314763069152832
0.7314248085021973
0.7313992977142334
0.7313766479492188
0.7313699126243591
0.7313613891601562
0.731360673904419
0.731357753276825
0.7313550710678101
0.7313318252563477
0.7313216924667358
0.7313477993011475
0.7313622832298279
0.7313590049743652
0.7313372492790222
0.7313055992126465
0.7313070297241211
0.7313456535339355
0.731355607509613
0.7313256859779358
0.7312930226325989
0.7312617897987366
0.7312866449356079
0.7313111424446106
0.7313132882118225
0.7313016057014465
0.7312636971473694
0.7312570810317993
0.7313007712364197
0.7312946915626526
0.7312746644020081
0.7312816381454468
0.7312968969345093
0.7312787175178528
0.731284499168396
0.7312921285629272
0.7312929034233093
0.7313132286071777
0.7313051819801331
0.7312761545181274
0.7312833070755005
0.7312929034233093
0.7313177585601807
0.7313168048858643
0.7312873601913452
0.7312660813331604
0.7312906384468079
0.7313178181648254
0.7313063144683838
