14.928550720214844
13.304753303527832
12.164352416992188
12.087427139282227
11.742093086242676
11.048652648925781
10.137031555175781
9.458024978637695
8.91676139831543
8.765311241149902
8.360980033874512
7.749451637268066
6.974442481994629
6.21043586730957
5.669168949127197
5.127902507781982
4.772778034210205
4.303975582122803
3.6696360111236572
2.962841033935547
3.056903123855591
2.922363519668579
2.482564687728882
1.8150851726531982
1.4277234077453613
1.2188255786895752
1.2072622776031494
1.3547732830047607
1.1587560176849365
0.7695913314819336
0.9912058711051941
1.1335060596466064
1.2396409511566162
1.2133047580718994
1.165059208869934
1.1460721492767334
0.9221717715263367
0.7375553250312805
0.692245364189148
0.719781219959259
0.5566522479057312
0.6595626473426819
0.6334632635116577
0.6638213992118835
0.6955340504646301
0.6932258605957031
0.6783351302146912
0.5311578512191772
0.5810022354125977
0.5538433790206909
0.5712568759918213
0.6013959646224976
0.5520656704902649
0.515301525592804
0.43390393257141113
0.6703242659568787
0.6381034851074219
0.6512239575386047
0.7074609398841858
0.812394917011261
0.6747111678123474
0.5464538931846619
0.6318032741546631
0.5164384841918945
0.4777073860168457
0.5046799778938293
0.6014823913574219
0.7010608911514282
0.6740108132362366
0.6251096725463867
0.6197065114974976
0.5588099360466003
0.5842387676239014
0.6085246801376343
0.4567846655845642
0.589124858379364
0.47993361949920654
0.700126588344574
0.7648378610610962
0.5994737148284912
0.6257921457290649
0.7357954978942871
0.615343451499939
0.5657285451889038
0.6405696272850037
0.49263685941696167
0.7093861699104309
0.8066326379776001
0.6821155548095703
0.5024507641792297
0.7328614592552185
0.7344663143157959
0.526188313961029
0.7250651717185974
0.8718341588973999
0.7966399192810059
0.5943238735198975
0.6337881088256836
0.6978660821914673
0.5501210689544678
0.6426915526390076
0.6525203585624695
0.6410166621208191
0.6104514002799988
0.5628451704978943
0.5078420042991638
0.48637688159942627
0.47954022884368896
0.5145862698554993
0.5259230732917786
0.5160421133041382
0.4871740937232971
0.44164061546325684
0.45055150985717773
0.46287477016448975
0.45398324728012085
0.4397869110107422
0.44947564601898193
0.4474356770515442
0.4427224397659302
0.4330649971961975
0.4442676901817322
0.4441767930984497
0.44531673192977905
0.4420146346092224
0.44239163398742676
0.43830275535583496
0.43902695178985596
0.43277740478515625
0.4373416304588318
0.4390448331832886
0.4351690411567688
0.44313669204711914
0.4322841763496399
0.45349597930908203
0.46020448207855225
0.4461124539375305
0.4519820213317871
0.4665479063987732
0.4681244492530823
0.4519268870353699
0.4414677619934082
0.4539504647254944
0.456729531288147
0.43921470642089844
0.4523366689682007
0.4644349217414856
0.45538991689682007
0.45596808195114136
0.4612237215042114
42.93490219116211
42.359580993652344
41.585506439208984
40.675167083740234
39.6738395690918
38.60187911987305
37.476585388183594
36.31184768676758
35.133548736572266
33.93767547607422
32.72822952270508
31.508434295654297
30.283063888549805
29.06008529663086
27.838912963867188
26.61708641052246
25.399402618408203
24.191375732421875
22.99183464050293
21.798358917236328
20.611675262451172
19.434511184692383
18.269203186035156
17.114904403686523
15.971738815307617
14.83908748626709
13.731124877929688
12.712178230285645
11.767230033874512
10.866813659667969
9.992883682250977
9.134448051452637
8.284420013427734
7.480386734008789
6.83566951751709
6.284459590911865
5.812899589538574
5.378261566162109
4.958895683288574
4.5462446212768555
4.132920742034912
3.7372589111328125
3.3821353912353516
3.0628318786621094
2.760380744934082
2.4835824966430664
2.272491216659546
2.204481601715088
2.1631269454956055
2.1218671798706055
2.103471517562866
2.086961269378662
2.0678837299346924
2.0342679023742676
1.9818556308746338
1.9120814800262451
1.8189435005187988
1.6934003829956055
1.539487361907959
1.380329966545105
1.254543662071228
1.1825464963912964
1.1672147512435913
1.1884313821792603
1.2209105491638184
1.2295408248901367
1.2029879093170166
1.1463494300842285
1.078204870223999
1.0207269191741943
0.9897103905677795
0.9805670976638794
0.9848682880401611
0.9914811253547668
0.9897566437721252
0.9722182750701904
0.9457936882972717
0.9243513345718384
0.9106472134590149
0.9045510292053223
0.9019436240196228
0.897493839263916
0.8890977501869202
0.88135826587677
0.874247670173645
0.8666274547576904
0.8631521463394165
0.8614636659622192
0.8598921895027161
0.8612457513809204
0.8591419458389282
0.8541839122772217
0.847724199295044
0.8458895683288574
0.8476080894470215
0.8473633527755737
0.8443871736526489
0.8394286632537842
0.839263916015625
0.8401173949241638
0.8392527103424072
0.8365134000778198
0.8351675271987915
0.8353180289268494
0.8328495621681213
0.8318297863006592
0.8324853181838989
0.8315311670303345
0.8318085074424744
0.8320788145065308
0.8322078585624695
0.8299552202224731
0.8283727169036865
0.8283251523971558
0.8280971646308899
0.8275429010391235
0.8284705281257629
0.8272563219070435
0.8275070190429688
0.8270653486251831
0.8270502686500549
0.8265990018844604
0.8266348838806152
0.8262522220611572
0.8273921012878418
0.8258577585220337
0.8284850120544434
0.8293555974960327
0.8284230828285217
0.8258960247039795
0.8283894658088684
0.8299137353897095
0.8286948204040527
0.8274868726730347
0.8269920349121094
0.8280742168426514
0.8272690773010254
0.8272464275360107
0.8276913166046143
0.8275765180587769
0.8269323110580444
0.8258110284805298
0.8252557516098022
0.8249517679214478
0.8252630829811096
0.8256978392601013
0.8248940706253052
0.8249621987342834
0.8245204091072083
0.8247503042221069
0.8244494199752808
0.8243569135665894
0.8242146968841553
0.824350118637085
0.8243530988693237
0.8241829872131348
0.8239612579345703
0.8239537477493286
0.8238982558250427
0.8239526152610779
0.8237498998641968
0.8238611221313477
0.8238977789878845
0.8238883018493652
0.8238229751586914
0.8237098455429077
0.8238954544067383
0.8238043189048767
0.8236141204833984
0.8237375020980835
0.8237929344177246
0.8236687779426575
0.8236976265907288
0.8237549066543579
0.8237523436546326
0.8236976861953735
0.8235883712768555
0.8234434127807617
0.8234336376190186
0.8234243392944336
0.8234489560127258
0.8234126567840576
0.8233580589294434
0.823253870010376
0.8233010768890381
0.8232853412628174
0.8233165740966797
0.8232904672622681
0.8232481479644775
0.8232129216194153
0.8231601715087891
0.8232051134109497
0.8230873942375183
0.8233004808425903
0.8233324289321899
0.8231053352355957
0.8232652544975281
0.8234050273895264
0.823354959487915
0.8231366872787476
0.8230736255645752
0.8231795430183411
0.8230174779891968
0.8230119347572327
0.8230941891670227
0.8229948282241821
0.8229215741157532
0.8229674100875854
0.8230242729187012
0.8228656053543091
0.82280433177948
0.8228016495704651
0.8227439522743225
0.8226712346076965
0.8226686716079712
0.8227580189704895
0.8227121829986572
0.8226593732833862
0.8226602673530579
0.8226182460784912
0.8226696252822876
0.8225626945495605
0.8227704763412476
0.8227850198745728
0.8225468993186951
0.8227826952934265
0.8229286670684814
0.8228909969329834
0.822678804397583
0.8224703073501587
0.8225692510604858
0.8224313259124756
0.8224403858184814
0.8224089741706848
0.8224050402641296
0.8225000500679016
0.8223450183868408
0.8224799633026123
0.822568416595459
0.8224809169769287
0.8222532272338867
0.8222952485084534
0.8222272396087646
0.8222564458847046
0.8221992254257202
0.8223065137863159
0.8222740888595581
0.8221738934516907
0.8221821784973145
0.8221051692962646
0.8220720291137695
0.8221153020858765
0.8220630884170532
0.8221118450164795
0.8221145868301392
0.8221181631088257
0.8220893144607544
0.8221985101699829
0.8222389221191406
0.8221023082733154
0.8222925066947937
0.8223605155944824
0.8221806287765503
0.8222318291664124
0.822361409664154
0.8223103284835815
0.8220979571342468
0.8223023414611816
0.8224306702613831
0.8223041296005249
0.8221763372421265
0.8222993612289429
0.8224207758903503
0.822361171245575
0.8221548199653625
0.8221958875656128
0.8221849203109741
0.822114109992981
0.8221091628074646
0.8220325112342834
0.8222507238388062
0.8222808837890625
0.8221523761749268
0.8221628069877625
0.8221727609634399
0.8220750689506531
0.8221594095230103
0.822165846824646
0.8221113681793213
0.8221784830093384
0.8222121000289917
0.822123646736145
0.8221417665481567
0.8221070170402527
0.822144091129303
0.8220607042312622
0.8221096396446228
0.8221358060836792
0.8219830989837646
0.8219773769378662
0.8221255540847778
0.822063684463501
0.8220913410186768
0.8221356868743896
0.8220118284225464
0.8221582174301147
0.8222041130065918
0.822134792804718
0.822053074836731
0.8223031759262085
0.8223680853843689
0.8222589492797852
0.822014570236206
0.8220491409301758
0.8221410512924194
0.8220047950744629
0.8221871852874756
0.8223069906234741
0.8222453594207764
0.8220617771148682
0.8221225738525391
0.8221275806427002
0.8219379186630249
0.8220529556274414
0.8219913244247437
0.822070837020874
0.8222014307975769
0.8220990300178528
0.8219932317733765
0.8222998380661011
0.822416365146637
0.8223545551300049
0.8221340179443359
0.8220584392547607
0.8223272562026978
0.822365939617157
0.8221656680107117
0.8219876885414124
0.8221319913864136
0.8220972418785095
0.8220067024230957
0.8220356106758118
0.8220126032829285
0.8219585418701172
0.822062611579895
0.8221138715744019
0.8220179080963135
0.8219684362411499
0.8221326470375061
0.8220560550689697
116.39149475097656
111.50386047363281
107.60105895996094
103.57481384277344
99.5635757446289
95.44340515136719
91.45733642578125
87.56400299072266
83.63253021240234
79.65563201904297
75.90885162353516
72.49788665771484
69.18396759033203
66.030517578125
62.85155487060547
59.690372467041016
57.20039367675781
54.6102409362793
51.98912811279297
49.45471954345703
46.9752311706543
44.757781982421875
42.69987106323242
40.50388717651367
38.51751708984375
36.54124069213867
34.60535430908203
33.14048767089844
31.460491180419922
30.566818237304688
29.429201126098633
28.19016456604004
27.093053817749023
26.097007751464844
25.094512939453125
23.77189826965332
22.172393798828125
20.644304275512695
19.007530212402344
17.671340942382812
16.481292724609375
15.740209579467773
14.947710037231445
14.041253089904785
13.072371482849121
11.834541320800781
10.517810821533203
9.161825180053711
7.8926239013671875
6.8609418869018555
5.865756034851074
5.118678092956543
4.49268913269043
3.946820020675659
3.390392303466797
3.356901168823242
3.677511215209961
3.7648019790649414
3.7952685356140137
3.6744422912597656
3.485757350921631
3.426947593688965
3.541335105895996
3.530303478240967
3.4514102935791016
3.3903942108154297
3.3227791786193848
3.150197744369507
3.1089138984680176
2.973526954650879
2.8834195137023926
2.889655113220215
2.7914910316467285
2.669795036315918
2.7078123092651367
2.6856703758239746
2.671466112136841
2.602499008178711
2.3844802379608154
2.3926031589508057
2.3324570655822754
2.323061466217041
2.376702308654785
2.256251335144043
2.2522711753845215
2.159712076187134
2.0358316898345947
1.9768457412719727
2.08217191696167
2.2215538024902344
2.176199197769165
2.0345346927642822
2.091118574142456
2.1042068004608154
1.996824026107788
1.952162265777588
2.017328977584839
2.106884479522705
2.0854344367980957
2.047102451324463
2.0001018047332764
2.0920586585998535
1.9773736000061035
1.8531625270843506
1.9711291790008545
1.9758384227752686
1.9802541732788086
1.9386738538742065
1.918315052986145
2.04897403717041
1.9423681497573853
1.9655945301055908
1.9964284896850586
1.9498486518859863
1.9676942825317383
2.0414209365844727
2.01145076751709
1.9601707458496094
1.9800920486450195
1.9727619886398315
1.8744397163391113
1.9050214290618896
1.867084264755249
1.9037431478500366
1.9934887886047363
1.9971592426300049
1.9775004386901855
1.960334300994873
1.9896917343139648
2.1708900928497314
2.18735671043396
2.052906036376953
1.8405910730361938
2.096816062927246
2.273165464401245
2.121638774871826
2.0207550525665283
1.908521056175232
1.9974234104156494
2.094923734664917
2.0614070892333984
2.0080015659332275
2.077688217163086
2.1003997325897217
1.8998878002166748
1.940361499786377
2.0097179412841797
1.9369769096374512
1.9067614078521729
2.008600950241089
21.219337463378906
21.173290252685547
21.152048110961914
21.101913452148438
21.05651092529297
21.0655517578125
21.031274795532227
21.00252342224121
20.971017837524414
20.90376853942871
20.84313201904297
20.799930572509766
20.75861167907715
20.724529266357422
20.685298919677734
20.659887313842773
20.64657974243164
20.64203643798828
20.63765525817871
20.646333694458008
20.642488479614258
20.646345138549805
20.64446258544922
20.640705108642578
20.631637573242188
20.628976821899414
20.62213897705078
20.616666793823242
20.617233276367188
20.615455627441406
20.6164608001709
20.61720848083496
20.61477279663086
20.616374969482422
20.615047454833984
20.61933135986328
20.623199462890625
20.628559112548828
20.631622314453125
20.634620666503906
20.636877059936523
20.63878059387207
20.6417179107666
20.64109230041504
20.642566680908203
20.643640518188477
20.64142608642578
20.637853622436523
20.635425567626953
20.6339168548584
20.631900787353516
20.626623153686523
20.6272029876709
20.62563705444336
20.625865936279297
20.624492645263672
20.62143325805664
20.617835998535156
20.615896224975586
20.61432647705078
20.613971710205078
20.61252784729004
20.60976219177246
20.60785675048828
20.60655975341797
20.60736846923828
20.606266021728516
20.606616973876953
20.60630226135254
20.605487823486328
20.602367401123047
20.602018356323242
20.60061264038086
20.600341796875
20.598669052124023
20.597640991210938
20.596920013427734
20.595321655273438
20.595521926879883
20.59372329711914
20.590953826904297
20.590036392211914
20.586837768554688
20.58241844177246
20.57051658630371
20.566158294677734
20.564767837524414
20.56229591369629
20.555225372314453
20.55173683166504
20.545989990234375
20.53902244567871
20.53533172607422
20.528545379638672
20.52212905883789
20.51607322692871
20.505401611328125
20.501405715942383
20.493072509765625
20.483680725097656
20.475772857666016
20.465776443481445
20.453853607177734
20.443458557128906
20.43387222290039
20.42107582092285
20.410388946533203
20.399999618530273
20.39988136291504
20.407670974731445
20.416574478149414
20.42742919921875
20.434961318969727
20.441572189331055
20.444229125976562
20.449121475219727
20.452463150024414
20.45273780822754
20.452484130859375
20.45132064819336
20.44957733154297
20.447118759155273
20.443998336791992
20.439538955688477
20.437244415283203
20.433549880981445
20.4291934967041
20.426727294921875
20.426076889038086
20.418142318725586
20.411808013916016
20.41193389892578
20.41217613220215
20.411880493164062
20.410751342773438
20.410409927368164
20.41893196105957
20.424041748046875
20.42339515686035
20.424175262451172
20.425201416015625
20.426280975341797
20.42719841003418
20.427705764770508
20.42830467224121
20.43029022216797
20.430696487426758
20.430185317993164
20.42987060546875
20.429594039916992
20.429309844970703
19.986976623535156
19.563396453857422
19.136512756347656
18.70587921142578
18.27698516845703
17.835079193115234
17.39349365234375
16.934741973876953
16.46035385131836
15.978835105895996
15.51810073852539
15.045685768127441
14.58986759185791
14.176192283630371
13.787161827087402
13.431568145751953
13.110086441040039
12.817652702331543
12.557961463928223
12.309915542602539
12.094683647155762
11.895565032958984
11.731599807739258
11.589693069458008
11.439953804016113
11.285058975219727
11.131365776062012
10.97637939453125
10.812858581542969
10.655350685119629
10.505960464477539
10.362578392028809
10.227187156677246
10.091350555419922
9.959196090698242
9.8212308883667
9.67078971862793
9.517158508300781
9.357626914978027
9.203655242919922
9.045736312866211
8.900129318237305
8.770076751708984
8.65023422241211
8.558195114135742
8.47999382019043
8.409629821777344
8.342342376708984
8.260916709899902
8.174959182739258
8.089558601379395
8.013662338256836
7.951605319976807
7.896611213684082
7.844568729400635
7.798520088195801
7.74959135055542
7.700437545776367
7.648301601409912
7.601775169372559
7.561424732208252
7.524658203125
7.4872236251831055
7.450761795043945
7.4122090339660645
7.369391441345215
7.3234100341796875
7.2760210037231445
7.229911804199219
7.185303211212158
7.140137672424316
7.099193572998047
7.060712814331055
7.018459320068359
6.975770950317383
6.9325456619262695
6.888235569000244
6.84440279006958
6.80246639251709
6.760706424713135
6.717861652374268
6.674742221832275
6.629103660583496
6.583215713500977
6.53827428817749
6.492571830749512
6.447014808654785
6.40184211730957
6.355903148651123
6.3108344078063965
6.268206596374512
6.225892543792725
6.185209274291992
6.143485069274902
6.108147621154785
6.06801700592041
6.035204887390137
6.003787994384766
5.968966007232666
5.934677600860596
5.904623985290527
5.878225803375244
5.846521854400635
5.806613922119141
5.765933513641357
5.725461006164551
5.6905927658081055
5.658614158630371
5.62408971786499
5.589365005493164
5.55634880065918
5.522589683532715
5.487264633178711
5.451251029968262
5.415419101715088
5.381782531738281
5.3528337478637695
5.324594497680664
5.295431613922119
5.265880584716797
5.2367706298828125
5.208049774169922
5.177038669586182
5.145532608032227
5.115530967712402
5.088920593261719
5.063236236572266
5.036949157714844
5.01210880279541
4.986929893493652
4.962901592254639
4.940391540527344
4.921780109405518
4.906235694885254
4.893497467041016
4.884399890899658
4.878124237060547
4.874168395996094
4.8721160888671875
4.8723273277282715
4.872440814971924
4.874288558959961
4.874770164489746
4.874118804931641
4.874600410461426
4.873844623565674
4.8742804527282715
4.875579833984375
4.876125335693359
4.876171588897705
4.876049995422363
4.87584114074707
4.875570297241211
4.87584114074707
4.8757829666137695
4.875744342803955
4.875739097595215
4.876195907592773
4.875914573669434
4.876123428344727
4.877369403839111
4.8773512840271
4.87730073928833
4.878093719482422
4.877963066101074
4.876988410949707
4.875772476196289
4.876354217529297
4.874081611633301
4.87528133392334
4.875079154968262
4.874263763427734
4.874982833862305
4.874672889709473
4.87527322769165
4.874990463256836
4.87370491027832
4.873411655426025
4.873464584350586
4.872764587402344
4.873840808868408
4.873796463012695
4.8749918937683105
4.875481605529785
4.876430511474609
4.876824378967285
4.877714157104492
4.876987457275391
4.875452995300293
4.875189781188965
4.875345230102539
4.874810695648193
4.873998165130615
4.873847961425781
4.8726887702941895
4.873197555541992
4.871758937835693
4.871832847595215
4.8713226318359375
4.872061729431152
4.870927810668945
4.8702287673950195
4.868793487548828
4.870746612548828
4.8699822425842285
4.8689680099487305
4.870102405548096
4.86939811706543
4.868539810180664
4.86873197555542
4.868371963500977
4.867534160614014
4.868646621704102
4.869556903839111
4.870973110198975
4.869456768035889
4.870421886444092
4.8722381591796875
4.87160587310791
4.870546817779541
4.870516777038574
4.870566368103027
4.8695149421691895
4.8698577880859375
4.8696794509887695
4.868812561035156
4.869547367095947
4.870213508605957
4.871230602264404
4.8717522621154785
4.872068405151367
4.872879981994629
4.873185157775879
4.873299598693848
4.873106956481934
4.873051643371582
4.873129844665527
4.872586250305176
4.872577667236328
4.873120307922363
4.8738298416137695
4.8733296394348145
4.876263618469238
4.876767158508301
4.876365661621094
4.876349449157715
4.876407623291016
4.876969337463379
4.876963138580322
4.877472400665283
4.8773417472839355
4.877108573913574
4.876872539520264
4.87785530090332
4.8778977394104
4.878599166870117
4.8785247802734375
4.878475189208984
4.878873825073242
4.879864692687988
4.87980318069458
4.879755020141602
4.879914283752441
4.879884243011475
4.879857063293457
4.880402565002441
4.880405426025391
4.880201816558838
4.880245208740234
4.880314350128174
4.880638122558594
4.8804216384887695
4.881595134735107
4.880588531494141
4.880503177642822
4.880430221557617
4.881101608276367
4.879866600036621
4.879792213439941
4.879939079284668
4.879643440246582
4.879430294036865
4.879269123077393
4.879429817199707
4.878670692443848
4.877747535705566
4.877526760101318
4.8771233558654785
4.875374794006348
4.875266075134277
4.874382019042969
4.87306022644043
4.872201919555664
4.872524261474609
4.871371746063232
4.871335029602051
4.872056007385254
4.8741865158081055
4.875104904174805
4.874341011047363
4.87300968170166
4.872708320617676
4.873811721801758
4.873157501220703
4.8751220703125
4.873702049255371
4.873038291931152
4.871760368347168
4.873414039611816
4.871098041534424
4.871002674102783
4.871433734893799
4.870452880859375
4.871232032775879
4.871306419372559
4.870565891265869
4.870883941650391
4.871512413024902
4.8713765144348145
4.871294021606445
4.871731758117676
4.8719563484191895
4.873086452484131
4.876575469970703
4.875922203063965
4.87519645690918
4.875235080718994
4.874214172363281
4.87556266784668
4.874572277069092
4.874267578125
4.874059677124023
4.872730255126953
4.873724460601807
4.873600959777832
4.872698783874512
4.871969223022461
4.871506690979004
4.874485969543457
4.874417781829834
4.8757429122924805
4.875491142272949
4.876029014587402
4.877511501312256
4.876667499542236
4.8762006759643555
4.876995086669922
4.8771138191223145
4.876282215118408
4.878844261169434
4.876821517944336
4.878518104553223
4.877440452575684
4.877350807189941
4.877531051635742
4.8772172927856445
4.87703800201416
4.876585960388184
4.876224040985107
4.878123760223389
4.87645959854126
4.877292633056641
4.876834869384766
4.8773698806762695
4.877660751342773
4.8776702880859375
4.879364967346191
4.883430004119873
4.882175922393799
4.882144927978516
4.882140636444092
4.882108688354492
4.882498741149902
4.88200569152832
4.8820881843566895
4.882545471191406
4.882410049438477
4.882356643676758
4.88128137588501
4.881248474121094
4.881439208984375
4.880973815917969
4.880891799926758
4.881598949432373
4.880407333374023
4.880832672119141
4.8811259269714355
4.881092071533203
4.882274150848389
4.8821120262146
4.880820274353027
4.881960868835449
4.880577564239502
4.879997253417969
4.879848957061768
4.879658222198486
4.881630897521973
4.881495952606201
4.8825578689575195
0.3885844945907593
0.3820105195045471
0.37550806999206543
0.3690953850746155
0.3627883791923523
0.3565899133682251
0.3505634069442749
0.34491103887557983
0.33979231119155884
0.33516138792037964
0.33096063137054443
0.32730352878570557
0.3244258761405945
0.32229405641555786
0.3208783268928528
0.32013070583343506
0.32007360458374023
0.32057052850723267
0.32145214080810547
0.3219223618507385
0.32188332080841064
0.32145458459854126
0.3206987977027893
0.3197721242904663
0.3188035488128662
0.3179160952568054
0.3171508312225342
0.316469669342041
0.31594324111938477
0.31570202112197876
0.315710186958313
0.31572824716567993
0.31573259830474854
0.3156445622444153
0.31536751985549927
0.315038800239563
0.3147611618041992
0.31453776359558105
0.31434422731399536
0.3142118453979492
0.31408530473709106
0.3139844536781311
0.31387943029403687
0.3138298988342285
0.3137795925140381
0.3137124180793762
0.31363528966903687
0.3135216236114502
0.31336963176727295
0.31321918964385986
0.31327754259109497
0.31332308053970337
0.3133237957954407
0.313279390335083
0.31317901611328125
0.31305569410324097
0.3129788637161255
0.31303882598876953
0.31311357021331787
0.3130844235420227
0.312980592250824
0.31288760900497437
0.31286585330963135
0.31291526556015015
0.31296515464782715
0.3129507303237915
0.31290197372436523
0.31287193298339844
0.31290334463119507
0.31292515993118286
0.31285709142684937
0.3128666877746582
0.3129045367240906
0.31290894746780396
0.3128829002380371
0.31286925077438354
0.31287407875061035
0.3128874897956848
0.3128970265388489
0.31285303831100464
0.3128376007080078
0.3128066062927246
0.3128121495246887
0.31285560131073
0.31280946731567383
0.3128207325935364
0.3128267526626587
0.3128127455711365
0.3128467798233032
0.3128291368484497
0.3127674460411072
0.31277191638946533
0.3128330707550049
0.31282514333724976
0.3128136992454529
0.31286364793777466
0.3128449320793152
0.3128076195716858
0.31276166439056396
0.3127445578575134
