2.367783308029175
2.523876905441284
2.6864683628082275
2.844559907913208
2.9981703758239746
3.149790048599243
3.3058855533599854
3.460495710372925
3.624569892883301
3.7811763286590576
3.9342808723449707
4.086896896362305
4.242994785308838
4.397605657577515
4.555211067199707
4.712305784225464
4.861932992935181
5.018026828765869
5.1776251792907715
5.336710453033447
5.503287315368652
5.657906532287598
5.82198166847229
5.982577800750732
6.140669107437134
6.302262783050537
6.461867094039917
6.6169657707214355
6.76560640335083
6.919698715209961
7.0802953243255615
7.243372201919556
7.393994331359863
7.5520875453948975
7.706701755523682
7.865306854248047
8.022396564483643
8.177008867263794
8.340088367462158
8.50766897201538
8.66926097869873
8.830343961715698
9.018863677978516
9.17546796798706
9.339541673660278
9.506124019622803
9.663222312927246
9.835784196853638
10.003363370895386
10.171940803527832
11.095105171203613
11.25619101524353
11.41877818107605
11.58136773109436
11.738464832305908
11.90405011177063
12.071628332138062
12.25265884399414
12.4153151512146
12.591866254806519
12.754943609237671
12.923517227172852
13.084115266799927
13.24818730354309
13.410778522491455
13.566877365112305
13.72448182106018
13.879098892211914
14.032200813293457
14.220723390579224
14.393288850784302
14.57431936264038
14.736910820007324
14.890525579452515
15.042630910873413
15.232153415679932
15.421672821044922
15.581276178359985
15.75233268737793
15.926889419555664
16.084492921829224
16.276493549346924
16.443072080612183
16.595691442489624
16.7707359790802
16.93033266067505
17.10588812828064
17.268965244293213
17.436540603637695
17.59913158416748
17.755265712738037
17.914832592010498
18.077910900115967
18.243495225906372
18.40509533882141
18.60857653617859
18.803079843521118
18.973138093948364
19.1267511844635
19.282846927642822
20.201871156692505
20.35796022415161
20.51056480407715
20.70705270767212
20.905534744262695
21.071596384048462
21.229186534881592
21.38128638267517
21.530898332595825
21.686988592147827
21.843582153320312
21.990694999694824
22.17920470237732
22.334800720214844
22.500370264053345
22.68738079071045
22.85893440246582
23.013533115386963
23.166629314422607
23.32122778892517
23.486291885375977
23.64787197113037
23.81045126914978
23.973520755767822
24.12313151359558
24.271242141723633
24.42284917831421
24.579934120178223
24.7355318069458
24.907084465026855
25.093093395233154
25.252676725387573
25.412264347076416
25.578328609466553
25.74888324737549
25.908470392227173
26.07054376602173
26.233120918273926
26.392202138900757
26.54979181289673
26.703891277313232
26.870460748672485
27.032042503356934
27.187133312225342
27.348713636398315
27.50579857826233
27.67037034034729
27.82485032081604
27.97994327545166
28.1495041847229
29.178184986114502
29.337789058685303
29.501862049102783
29.67043447494507
29.843993425369263
30.016559600830078
30.20257306098938
30.384108781814575
30.541709661483765
30.69082260131836
30.859396934509277
31.014496564865112
31.169106483459473
31.3247127532959
31.514715909957886
31.668326377868652
31.823933124542236
31.98401641845703
32.13762903213501
32.2917275428772
32.45232057571411
32.61838984489441
32.78197431564331
32.952542781829834
33.14405274391174
33.33556318283081
33.49065923690796
33.65324831008911
33.80934381484985
33.96395254135132
34.154467821121216
34.30756974220276
34.48113036155701
34.63873100280762
34.79681921005249
34.954421043395996
35.11550498008728
35.28706955909729
35.44567060470581
35.61073875427246
35.786293506622314
35.953869342803955
36.113953828811646
36.27155423164368
36.430153608322144
36.5902373790741
36.753822326660156
36.910913705825806
37.07050967216492
37.23409676551819
38.242138147354126
38.39823079109192
38.55184459686279
38.713923931121826
38.90643072128296
39.07599949836731
39.22910237312317
39.37673020362854
39.53382158279419
39.719345808029175
39.88492703437805
40.04053282737732
40.20759987831116
40.3632071018219
40.52029800415039
40.6769015789032
40.83199858665466
41.02550530433655
41.18809223175049
41.360655307769775
41.521735429763794
41.68532609939575
41.86088180541992
42.01597881317139
42.18156170845032
42.349135875701904
42.51719927787781
42.68477654457092
42.84935760498047
43.01443028450012
43.1750226020813
43.348580837249756
43.51664423942566
43.69519376754761
43.86077260971069
44.02384972572327
44.18644142150879
44.36598348617554
44.53205323219299
44.691648960113525
44.85124325752258
45.024293422698975
45.182891845703125
45.33300185203552
45.49359631538391
45.65019965171814
45.81128120422363
45.965890884399414
46.12198615074158
46.29953694343567
47.302130699157715
47.46969747543335
47.62279295921326
47.77739405632019
47.93148708343506
48.086087703704834
48.2461678981781
48.403756618499756
48.555861949920654
48.72741460800171
48.889995098114014
49.06354331970215
49.23758625984192
49.40714454650879
49.56673526763916
49.71983218193054
49.87642812728882
50.035515546798706
50.19011616706848
50.34421181678772
50.496816873550415
50.65390419960022
50.80850100517273
50.95860838890076
51.15110492706299
51.329641819000244
51.49720549583435
51.66027760505676
51.83246612548828
51.987064361572266
52.14814066886902
52.30772924423218
52.47130489349365
52.648338317871094
52.810919523239136
52.98247408866882
53.13756465911865
53.29216766357422
53.453245639801025
53.679160833358765
53.87963795661926
54.06365394592285
54.23221707344055
54.391807079315186
54.56086206436157
54.7543568611145
54.92491698265076
55.09547400474548
55.302931785583496
55.475486755371094
56.51199197769165
56.67957615852356
56.88604998588562
57.053114891052246
57.21071910858154
57.37180209159851
57.54735589027405
57.724905014038086
57.89248275756836
58.06353759765625
58.2231342792511
58.397690296173096
58.55278730392456
58.7084014415741
58.86649036407471
59.03207802772522
59.22857975959778
59.39914846420288
59.59863901138306
59.771689891815186
59.945250034332275
60.11980724334717
60.271915435791016
60.433507680892944
60.589115381240845
60.740222692489624
60.896827697753906
61.0499312877655
61.21750450134277
61.37060785293579
61.536189794540405
61.687806367874146
61.87083148956299
62.040403604507446
62.19301915168762
62.36108112335205
62.516690492630005
62.67976784706116
62.83138704299927
62.984490394592285
63.13411474227905
63.28921318054199
63.44182777404785
63.59643840789795
63.74555063247681
63.924095153808594
64.08617520332336
64.25375008583069
64.42132306098938
64.58340263366699
65.57196044921875
65.73654317855835
65.91209506988525
66.10460901260376
66.27865409851074
66.43430423736572
66.61481308937073
66.77090883255005
66.92858695983887
67.09164476394653
67.26720547676086
67.4587562084198
67.6423351764679
67.80692386627197
67.96501851081848
68.123619556427
68.32913184165955
68.4912166595459
68.64782381057739
68.8019278049469
68.96252346038818
69.1161458492279
69.29118490219116
69.46774053573608
69.63632369041443
69.79641151428223
69.95702648162842
70.13564944267273
70.29378247261047
70.45438694953918
70.60849857330322
70.76012444496155
70.92072749137878
71.11623287200928
71.27931499481201
71.44297480583191
71.64047527313232
71.80655097961426
71.9741280078888
72.13473343849182
72.29182958602905
72.49332284927368
72.64694809913635
72.80209302902222
72.95072054862976
73.14533591270447
73.30343389511108
73.49494743347168
73.64568138122559
73.80277824401855
74.76690006256104
74.92650103569031
75.08558678627014
75.28208565711975
75.45764231681824
75.62821173667908
75.79228472709656
75.95088696479797
76.10299110412598
76.26059484481812
76.42068028450012
76.58626246452332
76.76481175422668
76.94336557388306
77.10743832588196
77.26703548431396
77.46951723098755
77.62561345100403
77.78620624542236
77.98868775367737
78.18119740486145
78.3417911529541
78.50087809562683
78.66745901107788
78.83902335166931
79.0001049041748
79.17166996002197
79.33226370811462
79.52326583862305
79.68285965919495
79.83946657180786
80.01351046562195
80.16912078857422
80.32521796226501
80.4828200340271
80.64042258262634
80.8304283618927
80.99102354049683
81.16558504104614
81.34812211990356
81.50321936607361
81.66481137275696
81.85134077072144
82.02239441871643
82.17700672149658
82.33409905433655
82.49768400192261
82.66027665138245
82.8183662891388
82.98993587493896
83.97296476364136
84.13205242156982
84.2906551361084
84.47120094299316
84.66570711135864
84.82778763771057
84.98738765716553
85.14448165893555
85.306072473526
85.4656732082367
85.61877584457397
85.79832029342651
85.95891571044922
86.11500930786133
86.30253434181213
86.46013808250427
86.65863180160522
86.82769131660461
86.98629426956177
87.14239168167114
87.32392859458923
87.48452377319336
87.65608882904053
87.81417846679688
87.96878981590271
88.12089490890503
88.32138299942017
88.49494171142578
88.67348837852478
88.84355115890503
89.03805446624756
89.1946632862091
89.39016890525818
89.54726266860962
89.71284341812134
89.87144422531128
90.06096291542053
90.21905279159546
90.3766565322876
90.56916689872742
90.72526216506958
90.91976976394653
91.08136248588562
91.24743103981018
91.42598080635071
91.58358383178711
91.74665999412537
91.94216465950012
92.15561842918396
92.33017659187317
94.40056800842285
95.6085033416748
96.83439111709595
98.0203754901886
99.18741726875305
100.3748836517334
101.60926413536072
102.82417488098145
103.98784065246582
105.1428496837616
106.30305576324463
107.46958374977112
108.65456581115723
109.78020572662354
110.95521235466003
112.23447680473328
113.4039945602417
114.61842250823975
115.8243420124054
117.00382232666016
118.14891338348389
119.3339216709137
120.59488010406494
121.74352955818176
122.93075513839722
124.14285969734192
125.33335661888123
126.5856864452362
127.75474762916565
128.99459195137024
130.29584765434265
131.53873229026794
132.71579146385193
133.9128394126892
135.0748929977417
136.26236701011658
137.46231961250305
138.67474365234375
139.94849944114685
141.21681332588196
142.43674278259277
143.68467450141907
144.8847098350525
146.15606307983398
147.35413527488708
148.5690484046936
149.8273606300354
151.02731585502625
152.1689155101776
153.37297439575195
155.28267765045166
156.4609134197235
157.76715064048767
159.003000497818
160.21098613739014
161.4624307155609
162.75365543365479
163.95374035835266
165.14073276519775
166.41351222991943
167.5965220928192
168.79755020141602
170.05145573616028
171.2371392250061
172.5388321876526
173.84701299667358
175.0743968486786
176.39059329032898
177.65556740760803
178.83572840690613
180.07281637191772
181.20516395568848
182.42283844947815
183.5775227546692
184.71279096603394
185.85354447364807
186.98336029052734
188.14861273765564
189.30995178222656
190.4855558872223
191.62288737297058
192.86281061172485
194.05496668815613
195.22820806503296
196.36104321479797
197.57009720802307
198.66156649589539
199.85444402694702
200.9821286201477
202.12681436538696
203.3199896812439
204.42439484596252
205.67008471488953
206.8491497039795
208.0268166065216
209.25030970573425
210.47725296020508
211.6712257862091
212.96051621437073
214.17341542243958
216.35652589797974
217.5989556312561
218.78396916389465
219.98398900032043
221.12757205963135
222.47767281532288
223.69311594963074
224.9150447845459
226.10901260375977
227.36595368385315
228.5320553779602
229.69659328460693
230.95992493629456
232.15886974334717
233.3369083404541
234.50244307518005
235.67945671081543
236.90236282348633
238.09036302566528
239.3142638206482
240.55172848701477
241.76478242874146
242.9724645614624
244.11816430091858
245.26936554908752
246.41210269927979
247.64755368232727
248.87351942062378
250.04977464675903
251.22036790847778
252.40241312980652
253.57952547073364
254.81438088417053
256.00535345077515
257.14993810653687
258.33093094825745
259.6002287864685
260.94036412239075
262.18869137763977
263.3582184314728
264.5393075942993
265.7053847312927
266.922322511673
268.1976103782654
269.38409209251404
270.5800590515137
271.8104474544525
273.00544238090515
274.1869456768036
275.34914803504944
277.32295775413513
278.4446122646332
279.5862190723419
280.7008819580078
281.8409926891327
282.98557782173157
284.2194685935974
285.48176312446594
286.69268774986267
287.9215741157532
289.08364272117615
290.21924448013306
291.4132149219513
292.57627844810486
293.71688294410706
294.8799328804016
295.9866166114807
297.1341953277588
298.28728222846985
299.45981001853943
300.5879580974579
301.7544946670532
302.8731379508972
304.02720189094543
305.18728041648865
306.3418481349945
307.5058972835541
308.6744420528412
309.78213381767273
310.9272177219391
312.08877658843994
313.20993757247925
314.3495318889618
315.48614525794983
316.644207239151
317.78980445861816
318.93691968917847
320.0645546913147
321.1931793689728
322.32931208610535
323.48286867141724
324.69178438186646
325.88077425956726
327.06178426742554
328.2333037853241
329.38636231422424
330.5593795776367
331.72790598869324
332.90690779685974
334.0789303779602
335.92102432250977
337.0358419418335
338.1562683582306
339.2875895500183
340.45782947540283
341.71127915382385
342.94667625427246
344.1229271888733
345.2927885055542
346.4414916038513
347.6162476539612
348.8243520259857
350.01216292381287
351.2103216648102
352.3752155303955
353.532422542572
354.67142128944397
355.7937345504761
356.94875717163086
358.08607745170593
359.17692852020264
360.3066735267639
361.46198439598083
362.58627438545227
363.7501730918884
364.94332480430603
366.0832152366638
367.2375137805939
368.4386394023895
369.57332968711853
370.72797083854675
371.87324953079224
372.9931101799011
374.11594247817993
375.24376940727234
376.40193462371826
377.5027959346771
378.6525778770447
379.7998423576355
380.9261417388916
382.07749605178833
383.21835255622864
384.37135076522827
385.5262122154236
386.6689839363098
387.85907077789307
389.0103259086609
390.1057405471802
391.30685114860535
392.5121908187866
394.46225595474243
395.600399017334
396.7410042285919
397.8546724319458
398.95746541023254
400.05920696258545
401.17886543273926
402.34690976142883
403.5130412578583
404.7319567203522
405.94288992881775
407.16983342170715
408.36384749412537
409.56779289245605
410.7378282546997
411.8775155544281
413.01213932037354
414.11384749412537
415.260933637619
416.41453552246094
417.58458709716797
418.7646155357361
419.8593521118164
421.00394225120544
422.10074615478516
423.22539472579956
424.35005164146423
425.53404664993286
426.68815207481384
427.8711564540863
429.0696134567261
430.18380856513977
431.30747079849243
432.4400956630707
433.57580041885376
434.7099347114563
435.8306143283844
436.93331003189087
438.0679304599762
439.17165088653564
440.3138153553009
441.42961263656616
442.53231287002563
443.64600586891174
444.7586758136749
445.9556453227997
447.11219906806946
448.2234182357788
449.3680040836334
450.4807434082031
452.40112948417664
453.53178000450134
454.68587708473206
455.813517332077
456.9212498664856
458.066383600235
459.1880819797516
460.2758479118347
461.4174602031708
462.5521414279938
463.7221965789795
464.88633584976196
466.0369110107422
467.1506025791168
468.3345925807953
469.47026205062866
470.6817252635956
471.8462851047516
472.93502163887024
474.1300072669983
475.2686309814453
476.4157202243805
477.62863659858704
478.83360600471497
479.976190328598
481.1063446998596
482.2329943180084
483.4120945930481
484.54576420783997
485.703325510025
486.85152077674866
488.0524892807007
489.2120976448059
490.35722947120667
491.6140432357788
492.77508759498596
493.8997368812561
495.0134539604187
496.12415766716003
497.27625012397766
498.4128613471985
499.55998635292053
500.6836655139923
501.8442966938019
502.940043926239
504.10010027885437
505.2157826423645
506.4057984352112
507.60574769973755
508.7483651638031
510.6288959980011
511.7495446205139
512.9215631484985
514.0402035713196
515.1850469112396
516.3719708919525
517.5469481945038
518.6875529289246
519.8493068218231
520.9989016056061
522.1474649906158
523.2850689888
524.4491209983826
525.593700170517
526.7329161167145
527.8525607585907
529.0226154327393
530.181253194809
531.3180675506592
532.4651365280151
533.6431305408478
534.7639150619507
535.8905537128448
537.0736339092255
538.2012598514557
539.3239538669586
540.436616897583
541.5777308940887
542.71249127388
543.8292531967163
544.9773333072662
546.0909912586212
547.2265894412994
548.3533327579498
549.5244498252869
550.6570501327515
551.8569850921631
552.9727363586426
554.132785320282
555.3477733135223
556.5208168029785
557.6763467788696
558.8344633579254
559.9945194721222
561.1172499656677
562.2843141555786
563.4832677841187
564.6971838474274
565.8343765735626
566.9800546169281
568.8584170341492
570.006261587143
571.1236126422882
572.2503187656403
573.4025566577911
574.5288600921631
575.6416192054749
576.7594468593597
577.8897800445557
579.0736441612244
580.2314758300781
581.3527913093567
582.4566161632538
583.5643000602722
584.6770844459534
585.8128216266632
586.9260799884796
588.0668680667877
589.196713924408
590.33411860466
591.4259340763092
592.5498254299164
593.7080044746399
594.8881254196167
596.0883214473724
597.265124797821
598.4562141895294
599.6444036960602
600.8095517158508
601.988258600235
603.1693770885468
604.310295343399
605.4549849033356
606.6808702945709
607.863076210022
609.0122818946838
610.13614320755
611.268979549408
612.4632558822632
613.59002161026
614.7197546958923
615.9058377742767
617.0479817390442
618.1866846084595
619.2875168323517
620.4162139892578
621.561464548111
622.67169880867
623.8123977184296
624.95272397995
626.8176262378693
627.943083524704
629.0514178276062
630.1603286266327
631.312070608139
632.5170567035675
633.7146670818329
634.8544285297394
636.009774684906
637.2039930820465
638.4151618480682
639.5415589809418
640.7028295993805
641.8257095813751
643.0089735984802
644.1548340320587
645.2731997966766
646.42649269104
647.6157228946686
648.7883985042572
649.9415194988251
651.0743041038513
652.2235355377197
653.4084181785583
654.6130545139313
655.7099151611328
656.864284992218
657.9780969619751
659.1069557666779
660.2258942127228
661.3437790870667
662.4696536064148
663.571539402008
664.6779248714447
665.7987406253815
666.9169931411743
668.0513379573822
669.16113448143
670.3384258747101
671.4518043994904
672.6603717803955
673.8450374603271
674.9674282073975
676.164662361145
677.3044352531433
678.4852521419525
679.6959583759308
680.8707625865936
682.0190396308899
683.213211774826
685.1189978122711
686.2940917015076
687.4920871257782
688.6745939254761
689.7932412624359
690.9612605571747
692.0919296741486
693.1986079216003
694.3407030105591
695.4803020954132
696.5910069942474
697.7441847324371
698.8679263591766
699.9855768680573
701.0803458690643
702.2190363407135
703.3441798686981
704.4618213176727
705.6004064083099
706.7614459991455
707.9111971855164
709.0522994995117
710.1719453334808
711.3205451965332
712.4431893825531
713.604220867157
714.7632870674133
716.0251703262329
717.1632153987885
718.3575942516327
719.4887681007385
720.7017748355865
721.8458743095398
722.961531162262
724.0711987018585
725.2272498607635
726.357887506485
727.4686195850372
728.5937614440918
729.7004401683807
730.8340518474579
731.991711139679
733.1487035751343
734.2733860015869
735.3810636997223
736.5102906227112
737.644909620285
738.7745270729065
739.8952584266663
741.0264739990234
742.8663802146912
743.9611048698425
745.1106824874878
746.2817273139954
747.3954138755798
748.5181169509888
749.6841809749603
750.8911364078522
752.0187945365906
753.2621686458588
754.4296944141388
755.6097011566162
756.7668015956879
757.9617838859558
759.197660446167
760.3192963600159
761.4833557605743
762.6628801822662
763.8030824661255
764.9576952457428
766.0524234771729
767.1601002216339
768.3441560268402
769.4648206233978
770.611921787262
771.7685034275055
772.9176847934723
774.098222732544
775.2583730220795
776.3650753498077
777.4777705669403
778.6288530826569
779.7734463214874
780.9315056800842
782.0412967205048
783.1490302085876
784.3420464992523
785.5225915908813
786.713561296463
787.9379768371582
789.0566227436066
790.2022063732147
791.3348805904388
792.4939434528351
793.6679573059082
794.8295030593872
795.9646325111389
797.0932893753052
798.2019808292389
799.3790452480316
801.3546812534332
802.4841809272766
803.6110372543335
804.7697329521179
806.0102424621582
807.1935391426086
808.3033101558685
809.4528110027313
810.5646181106567
811.7158205509186
812.8411056995392
813.9874222278595
815.1705348491669
816.2942657470703
817.4067349433899
818.5634417533875
819.7605364322662
820.8907694816589
822.0095887184143
823.1598882675171
824.3186676502228
825.4379816055298
826.5478267669678
827.7202532291412
828.9347960948944
830.0664639472961
831.2052402496338
832.3230445384979
833.4643533229828
834.6121551990509
835.7239835262299
836.8611228466034
838.0298182964325
839.158145904541
840.3498666286469
841.5090136528015
842.6364510059357
843.7657246589661
844.9235193729401
846.0662534236908
847.2433061599731
848.4644091129303
849.6346490383148
850.789989233017
851.9777143001556
853.1264672279358
854.2833836078644
855.438738822937
856.5545375347137
857.686187505722
859.5321657657623
860.6714382171631
861.8136830329895
862.980286359787
864.0960547924042
865.2008090019226
866.3301737308502
867.4440360069275
868.6462254524231
869.8432919979095
870.9840092658997
872.1197516918182
873.2820041179657
874.4213087558746
875.545928478241
876.6906440258026
877.8034353256226
878.9171905517578
880.022031545639
881.1188969612122
882.2979686260223
883.449654340744
884.6078674793243
885.8318164348602
887.029890537262
888.1791954040527
889.3688189983368
890.5001347064972
891.7313449382782
892.8835427761078
894.0103132724762
895.1361043453217
896.2818915843964
897.4171702861786
898.5589847564697
899.694714307785
900.848878622055
902.0600256919861
903.221194267273
904.4382417201996
905.6393134593964
906.8128962516785
907.9371542930603
909.0998818874359
910.2431020736694
911.3739488124847
912.5591461658478
913.6790459156036
914.7679698467255
915.9472641944885
917.502964258194
917.5348782539368
917.5712957382202
917.6052091121674
917.6381192207336
917.6725432872772
917.6984694004059
917.7214167118073
917.7448723316193
917.7668137550354
917.7897524833679
917.8126912117004
917.8366279602051
917.8580837249756
917.8810234069824
917.9029650688171
917.926905632019
917.9503655433655
917.9723019599915
917.9962382316589
918.01917719841
918.0411205291748
918.0635740756989
918.0865116119385
918.1084530353546
918.132392168045
918.1548457145691
918.1777844429016
918.200722694397
918.2226641178131
918.246125459671
918.2690637111664
918.2910053730011
918.3139441013336
918.3368892669678
918.3603422641754
918.3832733631134
918.4052147865295
918.42915558815
918.4516134262085
918.4745516777039
918.4974954128265
918.5204293727875
918.5423717498779
918.5648300647736
918.5867667198181
918.6107034683228
918.6336441040039
918.6550993919373
918.6790351867676
919.4204626083374
919.4444029331207
919.4668626785278
919.4887998104095
919.5117452144623
919.53369307518
919.5561480522156
919.5790915489197
919.60302734375
919.6249659061432
919.6474225521088
919.6703631877899
919.6942994594574
919.7162444591522
919.7391858100891
919.7626357078552
919.7855694293976
919.8075120449066
919.8314509391785
919.8539106845856
919.8768491744995
919.899787902832
919.9217293262482
919.9456624984741
919.967120885849
919.9900553226471
920.0129990577698
920.0349507331848
920.058402299881
920.081344127655
920.1032853126526
920.1272215843201
920.1496834754944
920.1716232299805
920.1955597400665
920.2175004482269
920.2394499778748
920.2628989219666
920.284836769104
920.3067815303802
920.3297202587128
920.3521749973297
920.3751113414764
920.3980481624603
920.4219851493835
920.444925069809
920.4673764705658
920.4893176555634
920.5132582187653
920.5352032184601
