86.28399658203125
78.16184997558594
72.18181610107422
65.8092269897461
59.41810607910156
53.6804084777832
47.92890930175781
42.997589111328125
38.056175231933594
32.98280715942383
27.974287033081055
24.59539031982422
21.17505645751953
18.05721092224121
15.904081344604492
14.891331672668457
13.65755558013916
11.621582984924316
10.554898262023926
10.972326278686523
11.950542449951172
12.002523422241211
12.515514373779297
13.581596374511719
13.89218521118164
13.327423095703125
12.07082462310791
10.465837478637695
9.217412948608398
9.06992244720459
8.973265647888184
8.452052116394043
8.176734924316406
7.846623420715332
7.4783196449279785
7.066206455230713
7.5164713859558105
7.724193572998047
7.838900089263916
7.397366523742676
6.5248188972473145
6.031792163848877
5.869758129119873
6.335860252380371
6.651368141174316
6.8459553718566895
6.656981945037842
6.168750762939453
6.17270565032959
6.52567195892334
6.431877136230469
6.2638373374938965
6.211534023284912
6.222041606903076
5.961216926574707
5.546457767486572
5.73815393447876
5.966455936431885
6.020329475402832
5.6496148109436035
5.851369380950928
5.887204647064209
6.078124046325684
5.852563381195068
5.466147422790527
5.663071632385254
5.858131408691406
5.862265586853027
5.761659622192383
5.541199207305908
5.69667911529541
5.785087585449219
5.578582763671875
5.448254585266113
5.439731121063232
5.759060382843018
5.8355255126953125
5.71532678604126
5.680902004241943
5.739114761352539
5.742053985595703
5.509988307952881
5.5720672607421875
5.759557247161865
5.567383766174316
5.712233543395996
5.715406894683838
5.8693084716796875
5.861246109008789
5.719605922698975
5.740900993347168
5.771960258483887
5.8105621337890625
5.763463020324707
5.779866695404053
5.689135551452637
5.548712253570557
5.428079605102539
5.55598258972168
5.620622634887695
5.431806564331055
5.295414447784424
5.559579372406006
5.697224140167236
5.540839672088623
5.614075660705566
5.36993408203125
5.51231575012207
5.368603229522705
5.407343864440918
5.648946762084961
5.615845680236816
5.347032070159912
5.135834217071533
5.461547374725342
5.527299880981445
5.436886787414551
5.444464206695557
5.43069314956665
5.400268077850342
5.374609470367432
5.718878746032715
5.59694242477417
5.553311347961426
5.748787879943848
5.87023401260376
5.809135437011719
5.655001163482666
5.825192451477051
5.790833950042725
5.621994972229004
5.506386756896973
5.6955389976501465
5.77816104888916
5.622989177703857
5.534737586975098
5.831501483917236
6.014931678771973
5.707431793212891
5.496349334716797
5.933823108673096
6.264631271362305
6.133265018463135
5.566770076751709
5.511199474334717
5.821267127990723
6.0201849937438965
5.789812088012695
5.4000678062438965
5.54564094543457
28.043533325195312
27.76088523864746
27.380725860595703
27.121458053588867
27.03350067138672
27.0831356048584
27.107826232910156
27.007387161254883
26.883981704711914
26.863462448120117
26.877199172973633
26.925336837768555
26.940359115600586
26.94451141357422
26.968204498291016
26.92123031616211
26.85132598876953
26.748979568481445
26.77732276916504
26.781696319580078
26.767358779907227
26.76922035217285
26.749908447265625
26.72072982788086
26.710838317871094
26.72730255126953
26.791597366333008
26.717695236206055
26.701730728149414
26.671092987060547
26.60125732421875
26.635251998901367
26.69109344482422
26.669546127319336
26.637344360351562
26.68252182006836
26.71967887878418
26.70989990234375
26.694793701171875
26.679227828979492
26.660240173339844
26.671207427978516
26.704113006591797
26.65464973449707
26.64559555053711
26.68079948425293
26.689437866210938
26.66960906982422
26.70077896118164
26.69879913330078
26.667383193969727
26.6300106048584
26.67062759399414
26.680078506469727
26.67242431640625
26.66094207763672
26.657516479492188
26.644006729125977
26.659006118774414
26.66205406188965
26.656103134155273
26.652360916137695
26.674072265625
26.625001907348633
26.60859489440918
26.636165618896484
26.64517593383789
26.61384391784668
26.617387771606445
26.625553131103516
26.673812866210938
26.68206787109375
26.608905792236328
26.618255615234375
26.66796875
26.679290771484375
26.65294647216797
26.610788345336914
26.598276138305664
26.627906799316406
26.612634658813477
26.605714797973633
26.63872718811035
26.622343063354492
26.600162506103516
26.598073959350586
26.579301834106445
26.614299774169922
26.65431022644043
26.684221267700195
26.681028366088867
26.665668487548828
26.664148330688477
26.63652229309082
26.602554321289062
26.66596794128418
26.65277099609375
26.630369186401367
26.63089370727539
26.620946884155273
26.625947952270508
26.61963653564453
26.616384506225586
26.664737701416016
26.64128875732422
26.6058406829834
26.646652221679688
26.66348648071289
26.684341430664062
26.670406341552734
26.691362380981445
26.70217514038086
26.64397430419922
26.671279907226562
26.694915771484375
26.703163146972656
26.664989471435547
26.640039443969727
26.64405059814453
26.675941467285156
26.684465408325195
26.6632137298584
26.650630950927734
26.63970184326172
26.703662872314453
26.71073341369629
26.644956588745117
26.63748550415039
26.672407150268555
26.66442108154297
26.710237503051758
26.683818817138672
26.627368927001953
26.62903594970703
26.627811431884766
26.607759475708008
26.59081268310547
26.636817932128906
26.676362991333008
26.652910232543945
26.645109176635742
26.615209579467773
26.61661148071289
26.615997314453125
26.62179183959961
26.62153434753418
26.639841079711914
26.66510009765625
26.653549194335938
26.636653900146484
26.659486770629883
25.354032516479492
24.136608123779297
22.98637580871582
21.910978317260742
21.001867294311523
20.19549560546875
19.348281860351562
18.506322860717773
17.665729522705078
16.89358139038086
16.20464324951172
15.534537315368652
14.87603759765625
14.173590660095215
13.53903865814209
12.867707252502441
12.21451473236084
11.659825325012207
11.0234375
10.453118324279785
9.835659980773926
9.270151138305664
8.74003791809082
8.235536575317383
7.809579849243164
7.485543727874756
7.193325519561768
6.97667932510376
6.867936611175537
6.883349418640137
6.971367835998535
7.037329196929932
7.016451358795166
6.893990516662598
6.742095947265625
6.5241265296936035
6.331453800201416
6.142340183258057
5.9921875
5.9114813804626465
5.94331169128418
5.957944869995117
5.97052001953125
5.936646461486816
5.791159152984619
5.752721309661865
5.653875827789307
5.597408294677734
5.613784313201904
9.43789005279541
7.053459644317627
7.04683780670166
7.39777135848999
6.897676944732666
6.190812587738037
6.065467834472656
6.358508110046387
6.335262298583984
5.95387601852417
5.762109756469727
5.909206390380859
5.9402313232421875
5.772762298583984
5.5450239181518555
5.6285014152526855
5.726902961730957
5.675965785980225
5.532912254333496
5.468768119812012
5.53790807723999
5.535581588745117
5.419771194458008
5.410449981689453
5.472191333770752
5.4147539138793945
5.351293563842773
5.371901512145996
5.4265851974487305
5.372229099273682
5.314413070678711
5.350520133972168
5.365094184875488
5.314515113830566
5.311442852020264
5.339034080505371
5.319171905517578
5.29206657409668
5.30611515045166
5.311342716217041
5.292506694793701
5.2914137840271
5.300245761871338
5.2904438972473145
5.286439418792725
5.291586875915527
5.281075477600098
5.280060291290283
5.284151077270508
5.281153678894043
5.273647785186768
5.269730567932129
5.267124176025391
5.268113613128662
5.2695746421813965
5.268537998199463
5.269162178039551
5.268560409545898
5.2669572830200195
5.267367362976074
5.267757892608643
5.268721580505371
5.267121315002441
5.268405914306641
5.270542144775391
5.2698588371276855
5.270269393920898
5.270266056060791
5.269863128662109
5.269019603729248
5.268581390380859
5.266725063323975
5.266140937805176
5.264697074890137
5.266079902648926
5.26682186126709
5.26663875579834
5.2659382820129395
5.264701843261719
5.265460014343262
5.265435218811035
5.263089179992676
5.264535427093506
5.265171527862549
5.265399932861328
5.264848709106445
5.26515007019043
5.2639970779418945
5.262875556945801
5.262637138366699
5.2627716064453125
5.2636518478393555
5.263912200927734
5.262754917144775
5.2617034912109375
5.262275695800781
5.261866569519043
5.263177394866943
5.262969493865967
5.2637810707092285
5.262762546539307
5.263223648071289
5.2630767822265625
5.261928558349609
5.261908531188965
5.261908054351807
5.261767387390137
5.261656761169434
5.260021209716797
5.261076927185059
5.26116418838501
5.261767387390137
5.262038230895996
5.26090145111084
5.259963512420654
5.26078462600708
5.260702133178711
5.260052680969238
5.257513999938965
5.257879734039307
5.258381366729736
5.258601665496826
5.258340835571289
5.257961750030518
5.258737087249756
5.257488250732422
5.257529258728027
5.2583184242248535
5.258533477783203
5.259121417999268
5.258654594421387
5.2589216232299805
5.259171485900879
5.258386611938477
5.258432865142822
5.258064270019531
5.25798225402832
5.25713586807251
5.257955551147461
5.25849723815918
5.2581000328063965
5.257519721984863
5.257417678833008
5.257600784301758
5.258253574371338
5.258673667907715
5.258637428283691
5.258899688720703
5.258775234222412
5.259130001068115
