13.061767578125
11.437970161437988
9.814175605773926
8.869084358215332
9.168779373168945
8.980774879455566
8.458635330200195
7.70849609375
6.793606281280518
5.754751205444336
5.080225944519043
4.807090759277344
4.554307460784912
4.103124141693115
3.4881441593170166
2.736377477645874
2.0837841033935547
1.9249303340911865
1.5485999584197998
1.1696500778198242
1.1398104429244995
1.105108618736267
1.0651780366897583
1.2764689922332764
1.4059765338897705
1.4632222652435303
1.4564839601516724
1.4786986112594604
1.3466520309448242
1.1203256845474243
0.9216276407241821
1.1055198907852173
1.0080811977386475
0.7148919105529785
0.9244022369384766
0.9872717261314392
0.9245989322662354
0.9769347906112671
0.9688047170639038
0.9064731597900391
0.7955280542373657
0.6409687399864197
0.7186708450317383
0.8380738496780396
0.8907613754272461
0.8835283517837524
0.822472333908081
0.7259694337844849
0.6691185235977173
0.6885630488395691
0.7296977043151855
0.8246121406555176
0.8094189167022705
0.7633147239685059
0.9352383613586426
0.8657751083374023
0.6612149477005005
0.8764204978942871
0.8241949081420898
0.746670126914978
0.8765933513641357
0.8175102472305298
0.7554484009742737
0.9868962168693542
1.0294301509857178
0.8190689086914062
0.7785347700119019
0.9196666479110718
0.8055624961853027
0.6989089250564575
0.766351580619812
0.5946365594863892
0.9541240930557251
1.0676888227462769
0.9429959058761597
0.6242988109588623
0.8079317808151245
0.8067739605903625
0.6265041828155518
0.7301164269447327
0.6403965353965759
0.82593834400177
0.8760032653808594
0.7035610675811768
0.8326349258422852
0.9490949511528015
0.8396205902099609
0.6557939052581787
0.8635697364807129
0.8538780212402344
0.633638858795166
0.940127432346344
1.0962036848068237
1.027664303779602
0.7587162256240845
0.8549836874008179
1.050331950187683
1.0202316045761108
0.7887688875198364
0.8211699724197388
1.1059013605117798
1.1139837503433228
1.1009140014648438
1.0689435005187988
1.0200841426849365
0.9561282992362976
0.8786914348602295
0.7892069816589355
0.7468012571334839
0.715726375579834
0.6823447942733765
0.7534650564193726
0.8128461837768555
0.8461458086967468
0.8560953140258789
0.8451340198516846
0.8154538869857788
0.7690188884735107
0.7075873613357544
0.6327358484268188
0.6401342749595642
0.6931019425392151
0.7389647364616394
0.7604894638061523
0.7602003812789917
0.7403788566589355
0.7030425071716309
0.6500331163406372
0.5841044187545776
0.6488946676254272
0.6886762976646423
0.7050184011459351
0.7003349661827087
0.6768090128898621
0.6363836526870728
0.6190610527992249
0.6407109498977661
0.6713566780090332
0.6796432137489319
0.667874276638031
0.6381151676177979
0.6153402328491211
0.6213841438293457
0.636794924736023
0.6418941020965576
0.6272745728492737
0.5949658751487732
0.6191504597663879
0.6433484554290771
0.6460306644439697
28.367258071899414
27.858739852905273
27.1583251953125
26.332015991210938
25.41817855834961
24.44115447998047
23.42560577392578
22.383928298950195
21.314998626708984
20.22739601135254
19.125442504882812
18.014822006225586
16.8970890045166
15.83021354675293
14.867526054382324
14.059844017028809
13.386116027832031
12.778034210205078
12.20476245880127
11.646788597106934
11.10454273223877
10.56293773651123
10.027862548828125
9.492003440856934
8.954362869262695
8.410940170288086
7.882869720458984
7.392732620239258
6.949126243591309
6.559010028839111
6.205959320068359
5.866753578186035
5.536607265472412
5.206600189208984
4.869884014129639
4.532776355743408
4.213245868682861
3.9183332920074463
3.645350694656372
3.4014079570770264
3.1808722019195557
2.969801664352417
2.7602334022521973
2.554996967315674
2.3670637607574463
2.21238374710083
2.086188554763794
1.9904143810272217
1.9280762672424316
1.8893048763275146
1.883988857269287
1.8768844604492188
1.8535584211349487
1.8154456615447998
1.766718864440918
1.7207798957824707
1.6778234243392944
1.6364989280700684
1.599113941192627
1.5574657917022705
1.5109105110168457
1.4711298942565918
1.4401321411132812
1.4158835411071777
1.399890422821045
1.3920583724975586
1.386359691619873
1.374847650527954
1.355748176574707
1.333768606185913
1.31693434715271
1.3024697303771973
1.293984293937683
1.2900482416152954
1.2889708280563354
1.2883338928222656
1.2864139080047607
1.2804458141326904
1.272094964981079
1.2636336088180542
1.2560207843780518
1.251413345336914
1.2489334344863892
1.2468531131744385
1.2474663257598877
1.2467961311340332
1.2445015907287598
1.2443708181381226
1.2435046434402466
1.24000883102417
1.2386289834976196
1.236649513244629
1.2353755235671997
1.234586477279663
1.2322261333465576
1.2310457229614258
1.228981375694275
1.2297251224517822
1.228913426399231
1.2290375232696533
1.2302055358886719
1.229761004447937
1.2281452417373657
1.2275346517562866
1.2260383367538452
1.2252731323242188
1.224949836730957
1.2252320051193237
1.225375771522522
1.2251241207122803
1.2260247468948364
1.2249455451965332
1.2247121334075928
1.2248042821884155
1.2236050367355347
1.224362850189209
1.2251734733581543
1.2246898412704468
1.2235170602798462
1.2248066663742065
1.2252888679504395
1.2243034839630127
1.2220430374145508
1.2253406047821045
1.226607084274292
1.2248921394348145
1.2215089797973633
1.2226858139038086
1.2222723960876465
1.221989393234253
1.2222223281860352
1.2217893600463867
1.220738410949707
1.221982717514038
1.2222800254821777
1.2223825454711914
1.2218966484069824
1.220898151397705
1.2205361127853394
1.2208787202835083
1.2205551862716675
1.2209486961364746
1.2206716537475586
1.221113681793213
1.2205729484558105
1.2205291986465454
1.2212982177734375
1.2196522951126099
1.2218742370605469
1.2231199741363525
1.2227660417556763
1.222546935081482
1.2222065925598145
1.2217631340026855
1.2212265729904175
1.2206110954284668
1.2199180126190186
1.219153642654419
1.2192819118499756
1.219961404800415
1.220279574394226
1.220277190208435
1.2199923992156982
1.2194689512252808
1.2189310789108276
1.2186787128448486
1.2189750671386719
1.2190909385681152
1.2190425395965576
1.2188538312911987
1.2185429334640503
1.2187227010726929
1.2188336849212646
1.218867540359497
1.21882963180542
1.2187199592590332
1.2185537815093994
1.2183321714401245
1.2180638313293457
1.2181813716888428
1.2182683944702148
1.2182848453521729
1.2183115482330322
1.2182798385620117
1.2181873321533203
1.2180445194244385
1.2178767919540405
1.2176941633224487
1.21768319606781
1.21779203414917
1.2178288698196411
1.2177917957305908
1.21769118309021
1.217869520187378
1.2178889513015747
1.2177635431289673
1.2175700664520264
1.2175829410552979
1.2175254821777344
1.2174073457717896
1.2174038887023926
1.2173467874526978
1.2171543836593628
1.2175488471984863
1.2176201343536377
1.2174023389816284
1.2172101736068726
1.2173664569854736
1.2174351215362549
1.2173488140106201
1.2171316146850586
1.2169291973114014
1.2169941663742065
1.21688973903656
1.216921091079712
1.2169171571731567
1.21677827835083
1.216749668121338
1.216749906539917
1.2166471481323242
1.2166011333465576
1.2166799306869507
1.2165635824203491
1.2166980504989624
1.2167612314224243
1.2166759967803955
1.2164788246154785
1.2165172100067139
1.2164374589920044
1.2163939476013184
1.2164115905761719
1.2163081169128418
1.216294288635254
1.216294527053833
1.216216802597046
1.2161751985549927
1.216168761253357
1.2161163091659546
1.2160383462905884
1.2161815166473389
1.2162240743637085
1.2161271572113037
1.2160741090774536
1.215965747833252
1.2159521579742432
1.2158522605895996
1.215901255607605
1.2158722877502441
1.215866208076477
1.2158750295639038
1.2158130407333374
1.2157520055770874
1.2157142162322998
1.2157795429229736
1.2157841920852661
1.2156784534454346
1.2157797813415527
1.2158143520355225
1.2157188653945923
1.2156907320022583
1.2158372402191162
1.215704321861267
1.2157673835754395
1.2158620357513428
1.2158045768737793
1.2157692909240723
1.2158312797546387
1.2158221006393433
1.215747356414795
1.2157416343688965
1.2157353162765503
1.215620517730713
1.2156002521514893
1.2156802415847778
1.2156728506088257
1.215677261352539
1.215854287147522
1.21575927734375
1.2156561613082886
1.2157398462295532
1.2156672477722168
1.2156271934509277
1.2157344818115234
1.2156307697296143
1.2156341075897217
1.215645432472229
1.2155615091323853
1.2155556678771973
1.2156462669372559
1.2156530618667603
1.2155323028564453
1.2156810760498047
1.2155852317810059
1.2155728340148926
1.2155572175979614
1.2156214714050293
1.2156643867492676
1.2155588865280151
1.2156827449798584
1.2157281637191772
1.2156264781951904
1.2155791521072388
1.2155940532684326
1.2155656814575195
1.2155883312225342
1.215503454208374
1.2155019044876099
1.2155028581619263
1.215527892112732
1.2155262231826782
1.2155272960662842
1.2154836654663086
1.215570092201233
1.2155561447143555
1.2155293226242065
1.215558409690857
1.2155251502990723
1.2154805660247803
1.215433955192566
1.215586543083191
1.2154645919799805
1.2156620025634766
1.2157620191574097
1.2157135009765625
1.2155296802520752
1.2156193256378174
1.215710163116455
1.215576410293579
1.2154747247695923
1.2157033681869507
1.2157857418060303
1.2157231569290161
1.2155245542526245
1.2155765295028687
1.2156903743743896
1.215543508529663
1.2154312133789062
1.2156541347503662
1.215728521347046
1.2156612873077393
1.2154581546783447
1.2156710624694824
1.215800166130066
1.2156376838684082
1.2154368162155151
1.2155580520629883
1.2155277729034424
1.2153996229171753
1.215432047843933
1.2153908014297485
143.85858154296875
126.34904479980469
109.36158752441406
94.34234619140625
86.52861785888672
77.55587768554688
68.1185531616211
60.927879333496094
54.31475830078125
48.328369140625
42.04631042480469
35.899932861328125
31.387540817260742
28.995677947998047
25.707834243774414
22.17228126525879
18.131732940673828
13.894674301147461
11.978593826293945
12.079055786132812
13.269243240356445
14.504463195800781
14.440521240234375
15.982197761535645
16.72545051574707
15.943784713745117
13.826194763183594
12.245705604553223
10.501192092895508
10.096722602844238
9.636454582214355
8.797954559326172
8.22081184387207
8.362258911132812
8.333789825439453
7.728447914123535
7.530096530914307
7.257256507873535
6.996874809265137
6.47796630859375
6.3033599853515625
5.916585445404053
6.570915222167969
6.92256498336792
6.641157150268555
6.509894371032715
6.362964630126953
6.432991981506348
6.4033708572387695
6.1599931716918945
6.133809566497803
5.8304033279418945
5.608278274536133
5.145050525665283
5.5326738357543945
5.551829814910889
5.618311882019043
5.2821197509765625
4.997344970703125
4.824002742767334
4.987401962280273
5.073034286499023
5.207282066345215
5.07540225982666
5.23438024520874
5.121623992919922
5.130910873413086
4.809788227081299
4.621864318847656
5.040637969970703
4.94140625
4.683736801147461
5.0124711990356445
5.307816982269287
5.037408828735352
4.80808687210083
4.885617733001709
4.725489616394043
4.658141136169434
4.770290374755859
4.916242599487305
5.152434349060059
5.123481750488281
4.923460483551025
4.779577732086182
4.692172050476074
4.7937331199646
5.337654113769531
5.235278129577637
4.990952968597412
4.682822227478027
4.638330459594727
4.485783100128174
4.828486442565918
4.71447229385376
4.607704162597656
4.810064315795898
4.840121269226074
4.5391387939453125
4.667222499847412
4.774866104125977
4.747373104095459
4.650531768798828
4.321439266204834
4.630136966705322
5.272136211395264
5.081021785736084
4.944634437561035
4.924731254577637
5.224306106567383
5.284509181976318
5.252848148345947
5.116775035858154
5.098858833312988
5.418161869049072
5.598392963409424
4.934445381164551
4.869435787200928
4.959209442138672
4.890620231628418
4.778130531311035
4.471775531768799
4.881079196929932
5.307975769042969
4.942706108093262
5.025698661804199
5.16428279876709
5.264045715332031
5.400769233703613
5.122457981109619
4.723917007446289
4.999557018280029
5.22383975982666
4.977786064147949
4.967280864715576
4.785616397857666
5.051266670227051
4.984283447265625
4.486447811126709
4.666253566741943
4.744475364685059
4.480708122253418
4.77413272857666
5.067489147186279
4.937726020812988
4.8801445960998535
4.796633720397949
4.7762346267700195
4.758246898651123
4.54832124710083
22.500883102416992
22.22650146484375
21.741451263427734
21.211498260498047
20.7281494140625
20.484140396118164
20.415536880493164
20.46698760986328
20.532678604125977
20.614971160888672
20.597503662109375
20.54015350341797
20.44529914855957
20.355144500732422
20.32114028930664
20.274272918701172
20.217342376708984
20.13914680480957
20.101318359375
20.047012329101562
20.06209373474121
20.148984909057617
20.16309356689453
20.086496353149414
20.03399085998535
20.005462646484375
20.004493713378906
19.98056411743164
19.985885620117188
19.994953155517578
19.99770736694336
19.975059509277344
19.931541442871094
19.88296127319336
19.890962600708008
19.933523178100586
19.95170783996582
19.93246841430664
19.89826011657715
19.91974639892578
19.897537231445312
19.867027282714844
19.85696792602539
19.893869400024414
19.873735427856445
19.89148712158203
19.88638687133789
19.869556427001953
19.877962112426758
19.907638549804688
19.89657211303711
19.897655487060547
19.887191772460938
19.888671875
19.926610946655273
19.94212532043457
19.914411544799805
19.861408233642578
19.900554656982422
19.893287658691406
19.867321014404297
19.85447120666504
19.874544143676758
19.885711669921875
19.883052825927734
19.881624221801758
19.873790740966797
19.871810913085938
19.850229263305664
19.870145797729492
19.88179588317871
19.880796432495117
19.857885360717773
19.86110496520996
19.899011611938477
19.904958724975586
19.898935317993164
19.852924346923828
19.8647518157959
19.886995315551758
19.886873245239258
19.88636589050293
19.89345932006836
19.878786087036133
19.9043025970459
19.890148162841797
19.867189407348633
19.86429786682129
19.886497497558594
19.866952896118164
19.872182846069336
19.88515281677246
19.881593704223633
19.845245361328125
19.857803344726562
19.856678009033203
19.871986389160156
19.86014175415039
19.83135414123535
19.850290298461914
19.86614227294922
19.84615707397461
19.848453521728516
19.88216781616211
19.913475036621094
19.91644287109375
19.85961151123047
19.846189498901367
19.852617263793945
19.867938995361328
19.850385665893555
19.834232330322266
19.84050750732422
19.854055404663086
19.905702590942383
19.881793975830078
19.875329971313477
19.870338439941406
19.85085105895996
19.892478942871094
19.87625503540039
19.878210067749023
19.870473861694336
19.855693817138672
19.869861602783203
19.895130157470703
19.903133392333984
19.84906768798828
19.85660743713379
19.877227783203125
19.894197463989258
19.88974380493164
19.857452392578125
19.866195678710938
19.85084342956543
19.84630012512207
19.87147331237793
19.86375617980957
19.852832794189453
19.852157592773438
19.839458465576172
19.847232818603516
19.891592025756836
19.873125076293945
19.87069320678711
19.857463836669922
19.88314437866211
19.885805130004883
19.86350440979004
19.90489959716797
19.88994598388672
16.017698287963867
13.217928886413574
11.069783210754395
9.8589506149292
9.73265552520752
10.24112606048584
10.906243324279785
11.54560375213623
12.127347946166992
12.595084190368652
12.799657821655273
12.921270370483398
12.90189266204834
12.749039649963379
12.491025924682617
12.271699905395508
11.899155616760254
11.502116203308105
11.167074203491211
10.812569618225098
10.440837860107422
10.090485572814941
10.054378509521484
10.293280601501465
10.465556144714355
10.453036308288574
10.375629425048828
10.092567443847656
9.582818984985352
9.106374740600586
8.997535705566406
8.852981567382812
8.750636100769043
8.606306076049805
8.48680305480957
8.291276931762695
8.003087997436523
7.6936750411987305
7.407464027404785
7.264956951141357
7.1449408531188965
7.0302324295043945
6.817943096160889
6.731904983520508
6.735829830169678
6.700518608093262
6.686417579650879
6.621492862701416
6.541863441467285
6.49925422668457
6.453989505767822
6.435299396514893
6.422152996063232
6.433616638183594
6.433870315551758
6.431403160095215
6.3890380859375
6.335311412811279
6.328568458557129
6.280120372772217
6.245599746704102
6.204514503479004
6.20028018951416
6.188107967376709
6.160599708557129
6.0500078201293945
5.94217586517334
5.867103099822998
5.778964042663574
5.697255611419678
5.639158248901367
5.597541332244873
5.573952674865723
5.567867279052734
5.574209213256836
5.580718040466309
5.565196990966797
5.554233551025391
5.526663303375244
5.496619701385498
5.496431827545166
5.512328624725342
5.514024257659912
5.498940944671631
5.487057685852051
5.473036289215088
5.464954376220703
5.45925760269165
5.4578776359558105
5.442659378051758
5.42799186706543
5.4268798828125
5.428194999694824
5.426054954528809
5.418107986450195
5.4128923416137695
5.404629707336426
5.405940532684326
5.403749465942383
5.400471210479736
5.395995616912842
5.389229774475098
5.3905558586120605
5.387907981872559
5.388821601867676
5.392843723297119
5.391202449798584
5.390380382537842
5.390143394470215
5.391401290893555
5.388970375061035
5.387602806091309
5.3844499588012695
5.383810997009277
5.384802341461182
5.381049633026123
5.378428936004639
5.37846565246582
5.377213954925537
5.377124786376953
5.378186225891113
5.376972198486328
5.376937389373779
5.374428749084473
5.375452041625977
5.376529216766357
5.377553939819336
5.380296230316162
5.3807291984558105
5.378357887268066
5.377065181732178
5.375980854034424
5.375706195831299
5.374422550201416
5.375598907470703
5.373648643493652
5.3740434646606445
5.375148773193359
5.374439716339111
5.373636245727539
5.372244358062744
5.3713555335998535
5.372679233551025
5.373722553253174
5.372318267822266
5.371295928955078
5.3718109130859375
5.370865821838379
5.370456218719482
5.371132850646973
5.371389389038086
5.372923374176025
5.374742031097412
5.376224040985107
5.375804901123047
5.373808860778809
5.374269962310791
5.375779628753662
5.375375747680664
5.37585973739624
5.374867916107178
5.373478412628174
5.373327732086182
5.3734941482543945
5.37388277053833
5.37419319152832
5.374593734741211
5.37462854385376
5.374598979949951
5.373854637145996
5.373976230621338
5.3731279373168945
5.373271942138672
5.372859954833984
5.3727850914001465
5.372430801391602
5.372043609619141
5.370997428894043
5.370584487915039
5.370779514312744
5.371219635009766
5.3709845542907715
5.371194839477539
5.370882987976074
5.370311737060547
5.370488166809082
5.371236324310303
5.3704376220703125
5.370307922363281
5.368948936462402
5.368699073791504
5.367494106292725
5.367969512939453
5.3688154220581055
5.368159770965576
5.367993354797363
5.367720127105713
5.367754936218262
5.367725372314453
5.367929935455322
5.368009090423584
5.368484973907471
5.368437767028809
5.368573188781738
5.36850643157959
5.368228435516357
5.368773937225342
5.36939001083374
5.369330406188965
5.370853900909424
5.372382164001465
5.371743202209473
5.371524333953857
5.3716325759887695
5.371469974517822
5.371116638183594
5.371245861053467
5.372752666473389
5.372743606567383
5.372722625732422
5.3725810050964355
5.3723955154418945
5.372378826141357
5.37133264541626
5.371612071990967
5.371409893035889
5.372138500213623
5.370940208435059
5.370952606201172
5.369502067565918
5.369441986083984
5.369533061981201
5.36925745010376
5.3709940910339355
5.371179103851318
5.371090412139893
5.371041297912598
5.370985984802246
5.370979309082031
5.370795726776123
5.370773792266846
5.370743751525879
5.370495319366455
5.370095729827881
5.369668960571289
5.370018482208252
5.370291233062744
5.370240211486816
5.370275974273682
5.370382308959961
5.369609832763672
5.369392395019531
5.3693342208862305
5.369448661804199
5.369523048400879
5.369343280792236
5.369331359863281
5.369270324707031
5.369070053100586
5.369012355804443
5.369143486022949
5.368797302246094
5.368655204772949
5.368557929992676
5.368675231933594
5.368632793426514
5.369306564331055
5.369170665740967
5.369974136352539
5.369509696960449
5.369274616241455
5.369293212890625
5.369011878967285
5.368978500366211
5.3683953285217285
5.367919445037842
5.367879867553711
5.367852210998535
5.367854118347168
5.36704158782959
5.367184638977051
5.3676042556762695
5.366358280181885
5.36565637588501
5.365748882293701
5.365690231323242
5.365506172180176
5.366677284240723
5.367593765258789
5.36747932434082
5.367939472198486
5.367766380310059
5.3678693771362305
5.368165969848633
5.367222785949707
5.366850852966309
5.366957187652588
5.3676581382751465
5.367764472961426
5.367427825927734
5.36752462387085
5.367335319519043
5.367175102233887
5.367030620574951
5.368747711181641
5.368038654327393
5.3677978515625
5.367758750915527
5.367873191833496
5.367611408233643
5.367151737213135
5.366861820220947
5.366471767425537
5.366506576538086
5.365920543670654
5.365759372711182
5.367069244384766
5.3681206703186035
5.367712497711182
5.36793851852417
5.368249416351318
5.367836952209473
5.368138790130615
5.3672194480896
5.367738723754883
5.367533206939697
5.366267204284668
5.3656487464904785
5.365673542022705
5.365655422210693
5.363531589508057
5.363418102264404
5.362773418426514
5.362790584564209
5.36251974105835
5.36224889755249
5.3622941970825195
5.362850666046143
5.363086700439453
5.362967491149902
5.363048076629639
5.362867832183838
5.3628716468811035
5.36269474029541
5.362861156463623
5.362326145172119
5.3623175621032715
5.362304210662842
5.364354133605957
5.3638458251953125
5.363795757293701
5.363845348358154
5.363987922668457
5.364941120147705
5.364805698394775
5.364874839782715
5.365027904510498
5.36501407623291
5.364953994750977
5.364926815032959
5.363554000854492
5.363541603088379
5.363158702850342
5.36314058303833
5.363279819488525
5.363833427429199
5.363857269287109
5.3638014793396
5.364024639129639
5.3640265464782715
5.3636956214904785
5.36368465423584
5.3636250495910645
5.364144325256348
5.363989353179932
5.363893508911133
5.363959312438965
5.363956928253174
5.363893032073975
5.363885402679443
5.364030361175537
5.364028453826904
5.363882064819336
5.363874912261963
5.364025115966797
5.363916397094727
5.363774299621582
5.363778591156006
5.364048480987549
5.36407995223999
5.36398458480835
5.364114284515381
5.363186836242676
5.3635993003845215
5.364150524139404
5.365222454071045
5.367433071136475
5.369518280029297
5.370306015014648
0.7335373163223267
0.7237604856491089
0.7147589325904846
0.706728458404541
0.6996290683746338
0.6932550072669983
0.6876130700111389
0.682568371295929
0.6778751015663147
0.6736098527908325
0.6696399450302124
0.6659153699874878
0.6624333262443542
0.6592706441879272
0.6564042568206787
0.653867244720459
0.6515873074531555
0.6495000720024109
0.6478164196014404
0.6465805768966675
0.6458929181098938
0.6458047032356262
0.6454238891601562
0.6450031995773315
0.6445149779319763
0.6440118551254272
0.6435671448707581
0.643153190612793
0.6428161263465881
0.6425832509994507
0.6424668431282043
0.6424229145050049
0.6424630284309387
0.6424513459205627
0.6423444151878357
0.642188549041748
0.642063558101654
0.6419153809547424
0.6417316198348999
0.6416296362876892
0.6415703892707825
0.6415533423423767
0.641548752784729
0.6415231823921204
0.6414588093757629
0.6413781642913818
0.6413260102272034
0.6412415504455566
0.6412007808685303
0.6411735415458679
0.6411975622177124
0.6411908864974976
0.6411197185516357
0.6411105394363403
0.641086995601654
0.6410398483276367
0.6410050988197327
0.6410033106803894
0.6410049200057983
0.6410138607025146
0.6410039067268372
0.640960156917572
0.6409872174263
0.6410298943519592
0.6410006284713745
0.6409613490104675
0.6409451961517334
0.6409346461296082
0.6409713625907898
0.6409699320793152
0.6409243941307068
0.6409069895744324
0.6408931612968445
0.6409029364585876
0.640911340713501
0.640900731086731
0.6408699154853821
0.640868067741394
0.6408953070640564
0.6409053206443787
0.6408740282058716
0.6408659219741821
0.640872597694397
0.6408935785293579
0.6408982872962952
0.6408924460411072
0.6408893465995789
0.6408815383911133
0.6408969163894653
0.6408987045288086
0.6408858299255371
0.6408832669258118
0.6408880352973938
0.6409019827842712
0.6408893465995789
0.6408836245536804
0.6408936977386475
0.6409006714820862
0.6409016847610474
0.6408887505531311
