15.414137840270996
14.562882423400879
13.985239028930664
13.443975448608398
12.902708053588867
12.361444473266602
11.820178031921387
11.278910636901855
10.73764705657959
10.196383476257324
9.655116081237793
9.113849639892578
8.572586059570312
8.031322479248047
7.490055084228516
6.948788642883301
6.407524585723877
5.866261005401611
5.324994087219238
4.783727169036865
4.2424635887146
3.701199531555176
3.983466386795044
3.839416742324829
3.3871545791625977
2.704988479614258
2.051213264465332
1.8656895160675049
1.642625093460083
1.3861701488494873
1.125192642211914
1.099909782409668
0.7448852062225342
0.6064459681510925
1.0685219764709473
1.2191877365112305
1.1622309684753418
1.2042655944824219
1.186884880065918
1.1162445545196533
0.9978339076042175
0.8874371647834778
0.8875399827957153
0.7200688123703003
0.6417408585548401
0.5167126655578613
0.43929219245910645
0.554734468460083
0.6843417882919312
0.7464706897735596
0.747951865196228
0.7002457976341248
0.5928337574005127
0.6351873278617859
0.6612420082092285
0.4245832562446594
0.7392078638076782
0.8965581655502319
0.7870599627494812
0.5100235342979431
0.5614116787910461
0.6874978542327881
0.599968433380127
0.41907280683517456
0.46548992395401
0.42780786752700806
0.3884032368659973
0.37138015031814575
0.4197254776954651
0.46484917402267456
0.46795904636383057
0.4693225026130676
0.4411160945892334
0.44587254524230957
0.3833353519439697
0.5998089909553528
0.6276771426200867
0.4326269030570984
0.504542887210846
0.4905015230178833
0.4432991147041321
0.4322528839111328
0.49622803926467896
0.48351138830184937
0.44367313385009766
0.43222904205322266
0.4915699362754822
0.4795864224433899
0.44242143630981445
0.4309043288230896
0.48876404762268066
0.47720521688461304
0.4405990242958069
0.4291549324989319
0.48689544200897217
0.4803106188774109
0.42631030082702637
0.40061473846435547
0.4145488142967224
0.5538702011108398
0.4817590117454529
0.45475661754608154
0.45331716537475586
0.45981407165527344
0.46025365591049194
0.4552394151687622
0.4453107714653015
0.43095648288726807
0.4126310348510742
0.3907233476638794
0.3664076328277588
0.3643736243247986
0.3820344805717468
0.39445310831069946
0.4002183675765991
0.399993360042572
0.39437711238861084
0.383913516998291
0.39636194705963135
0.3947317600250244
0.3721281886100769
0.3689974546432495
0.385013222694397
0.37839412689208984
0.35748183727264404
0.3670409321784973
0.36302804946899414
0.36117732524871826
0.3623291850090027
0.36143362522125244
0.3694400191307068
0.35980045795440674
0.36927610635757446
0.3750041127204895
0.35964250564575195
0.3743797540664673
0.38470178842544556
0.37361085414886475
0.36500245332717896
0.3783181309700012
0.3776565194129944
0.3582417964935303
0.36720186471939087
0.368712842464447
0.3590911626815796
0.37234872579574585
0.37227123975753784
0.3592684864997864
0.36060214042663574
0.353221595287323
34.03800582885742
33.43440628051758
32.61342239379883
31.660390853881836
30.61536407470703
29.498687744140625
28.32792854309082
27.116586685180664
25.874361038208008
24.609460830688477
23.333093643188477
22.047956466674805
20.757652282714844
19.46438980102539
18.20750617980957
17.19368553161621
16.38102149963379
15.669955253601074
14.997117042541504
14.34494686126709
13.698883056640625
13.05056381225586
12.402313232421875
11.758476257324219
11.105266571044922
10.438234329223633
9.7717924118042
9.112621307373047
8.507800102233887
8.002480506896973
7.560381889343262
7.1352925300598145
6.715214729309082
6.304691314697266
5.903265476226807
5.495932102203369
5.07882833480835
4.674290180206299
4.303400039672852
3.960300922393799
3.6326775550842285
3.3176143169403076
3.020151138305664
2.7466821670532227
2.4931893348693848
2.255018472671509
2.0449676513671875
1.8651543855667114
1.7287492752075195
1.664152979850769
1.652194857597351
1.6414587497711182
1.6191980838775635
1.5903300046920776
1.5539782047271729
1.5084514617919922
1.4616270065307617
1.4169529676437378
1.367164134979248
1.3058574199676514
1.237952709197998
1.1698358058929443
1.1140456199645996
1.0833303928375244
1.080124020576477
1.0900298357009888
1.098569393157959
1.1001651287078857
1.0881162881851196
1.0655529499053955
1.036137580871582
1.006469488143921
0.9831787943840027
0.9647217392921448
0.9529353976249695
0.9437099695205688
0.9321644902229309
0.9217785000801086
0.9113458395004272
0.901231050491333
0.8947386145591736
0.8952609300613403
0.8969305753707886
0.8977420330047607
0.8959147930145264
0.8937610983848572
0.8891485929489136
0.8823111653327942
0.8754269480705261
0.8700715899467468
0.8666303157806396
0.8678248524665833
0.8688605427742004
0.8695447444915771
0.8689792156219482
0.8679722547531128
0.8650197982788086
0.8620229363441467
0.8610262870788574
0.8606886267662048
0.8593831658363342
0.859456479549408
0.8599467873573303
0.8593095541000366
0.856833279132843
0.8545259237289429
0.8565723896026611
0.8577805161476135
0.8573274612426758
0.8550930619239807
0.8544058799743652
0.8569682836532593
0.8564597964286804
0.8531635403633118
0.8528665900230408
0.8547276258468628
0.8548014163970947
0.853192925453186
0.8513972759246826
0.8520309925079346
0.8522818088531494
0.851015567779541
0.850601851940155
0.8509182929992676
0.8495752811431885
0.8518564105033875
0.8520032167434692
0.8493001461029053
0.8515048027038574
0.8531686067581177
0.8530531525611877
0.8513578176498413
0.8494324684143066
0.8503265380859375
0.8504489660263062
0.8502035140991211
0.8483209609985352
0.8502761721611023
0.851210355758667
0.8504581451416016
0.8482213020324707
0.8492121696472168
0.8489285707473755
0.8476234674453735
0.8478481769561768
0.8478409051895142
0.8479959964752197
0.8475178480148315
0.8477556705474854
0.8473343253135681
0.8474419116973877
0.8473474383354187
0.8469783663749695
0.8465684056282043
0.846367359161377
0.8465858101844788
0.8466191291809082
0.8465003967285156
0.8462291359901428
0.846272885799408
0.8463427424430847
0.8463758230209351
0.8462467789649963
0.8460962772369385
0.8458956480026245
0.8459588289260864
0.8460201025009155
0.8459199070930481
0.8457634449005127
0.8458348512649536
0.8457814455032349
0.8456000089645386
0.8456735014915466
0.84562087059021
0.8454400897026062
0.8454574346542358
0.8454105257987976
0.8453682661056519
0.8452857732772827
0.8452577590942383
0.845211386680603
0.8451436758041382
0.8451367616653442
0.8451316952705383
0.8450659513473511
0.8451098203659058
0.8450087308883667
0.8449366092681885
0.844897985458374
0.844856858253479
0.8448939323425293
0.8447708487510681
0.8447751998901367
0.8447822332382202
0.8447202444076538
0.8447047472000122
0.8446676135063171
0.8446128368377686
0.8445620536804199
0.8445446491241455
0.8445028066635132
0.8444529175758362
0.8444935083389282
0.8444722890853882
0.8443095684051514
0.8444469571113586
0.8443306684494019
0.8442386984825134
0.8443976640701294
0.8443930149078369
0.8442363739013672
0.8441678285598755
0.8443479537963867
0.8442337512969971
0.8440015912055969
0.844046950340271
0.8439346551895142
0.8440245985984802
0.8440018892288208
0.8439280986785889
0.8438038229942322
0.8437567949295044
0.8437936305999756
0.843774139881134
0.8436827063560486
0.8436703681945801
0.8436126708984375
0.8435858488082886
0.8435187935829163
0.843471109867096
0.843548595905304
0.843502402305603
0.8434061408042908
0.8433376550674438
0.8434225916862488
0.8433540463447571
0.8433215618133545
0.8432464599609375
0.8432257175445557
0.8431429862976074
0.8433245420455933
0.8432521820068359
0.8430935144424438
0.8431098461151123
0.8430513143539429
0.8430280685424805
0.8429650068283081
0.8429438471794128
0.8428829908370972
0.8428770303726196
0.8428716063499451
0.8428678512573242
0.8428506851196289
0.8428065776824951
0.8429199457168579
0.8428899645805359
0.8428618907928467
0.842887282371521
0.8428754806518555
0.8428571224212646
0.8428954482078552
0.8427796959877014
0.8430348634719849
0.84305739402771
0.8428244590759277
0.8428938388824463
0.842954158782959
0.8428590297698975
0.8428364992141724
0.8430109024047852
0.8429039716720581
0.8428323268890381
0.8429203033447266
0.842851996421814
0.842836320400238
0.8428767323493958
0.8429057598114014
0.842752993106842
0.8429346680641174
0.8430032730102539
0.8429111242294312
0.8427499532699585
0.8430103659629822
0.8430027961730957
0.8427627086639404
0.842847466468811
0.842917799949646
0.8428305387496948
0.8428124189376831
0.8428686261177063
0.8428784012794495
0.8427621126174927
0.8428374528884888
0.8428963422775269
0.8427959084510803
0.8427496552467346
0.8427615761756897
0.8427274227142334
0.8427401185035706
0.8426942825317383
0.8427062630653381
0.8426566123962402
0.8427184224128723
0.8427431583404541
0.8427242636680603
0.8427754640579224
0.8426251411437988
0.8427954912185669
0.842805027961731
0.8426661491394043
0.8428027629852295
0.8428499102592468
0.8428357839584351
0.8427642583847046
0.8426651358604431
0.8426774144172668
0.8426507711410522
0.8426884412765503
0.8426504135131836
0.842638373374939
0.8427157998085022
0.842639684677124
0.8425851464271545
0.8426199555397034
0.8426151275634766
0.8427420854568481
0.8427208662033081
0.8426758050918579
0.8427077531814575
0.8426731824874878
0.8425867557525635
0.8427330255508423
0.8427286148071289
0.8426676392555237
0.8427518606185913
0.8426803946495056
0.8426830172538757
0.8427462577819824
0.8426554203033447
0.8426244258880615
0.8426133394241333
0.8425889015197754
0.8426048755645752
0.8426601886749268
0.8426898121833801
0.842658519744873
0.8425947427749634
0.8425637483596802
0.8425899744033813
0.8425304889678955
143.0646514892578
137.3912811279297
131.9110107421875
126.78742980957031
121.54051208496094
116.23222351074219
111.00837707519531
105.90441131591797
100.7406234741211
95.52810668945312
90.86991119384766
86.67627716064453
82.82620239257812
78.91294860839844
74.82876586914062
71.15179443359375
67.84202575683594
65.16434478759766
62.96501159667969
60.43274688720703
57.96578598022461
56.173526763916016
54.358970642089844
52.34613800048828
50.16648864746094
48.07669448852539
45.94104766845703
44.08369827270508
41.957733154296875
39.928192138671875
37.77753829956055
35.977455139160156
34.74882507324219
33.41618347167969
32.0466423034668
30.580364227294922
29.077730178833008
27.430788040161133
25.889375686645508
24.368837356567383
22.753931045532227
21.31446647644043
20.544967651367188
19.580106735229492
18.34304428100586
17.513195037841797
16.618099212646484
15.51726245880127
14.573080062866211
13.629372596740723
12.441685676574707
10.852252006530762
9.652616500854492
8.664573669433594
7.779633522033691
6.989026069641113
6.289831638336182
5.826396465301514
5.717779159545898
5.958465576171875
6.158801078796387
6.104662895202637
6.077486038208008
6.083242416381836
6.043765068054199
6.148743629455566
5.988353252410889
5.711856365203857
5.313619613647461
5.027627944946289
5.193349361419678
5.146754741668701
4.991556644439697
4.902939796447754
4.649679660797119
4.337831497192383
4.130002975463867
4.190329551696777
4.096709251403809
3.92702054977417
3.7974066734313965
3.6429495811462402
3.595606803894043
3.6383187770843506
3.4718987941741943
3.180940628051758
3.1431612968444824
3.0667898654937744
3.0504887104034424
2.98103404045105
2.9436209201812744
2.8909823894500732
2.747666835784912
2.5248498916625977
2.4930078983306885
2.669302225112915
2.621225595474243
2.462071418762207
2.4253742694854736
2.4779915809631348
2.40112566947937
2.5068371295928955
2.439469337463379
2.3798983097076416
2.2495245933532715
2.257230758666992
2.200901508331299
2.2580716609954834
2.200782537460327
2.1474215984344482
2.2197625637054443
2.2780613899230957
2.158985137939453
2.073636293411255
2.060258626937866
2.129647970199585
2.1739416122436523
2.0566303730010986
1.9364811182022095
2.0253846645355225
2.027444362640381
1.890329360961914
1.9294418096542358
1.9745310544967651
1.8594038486480713
1.9631407260894775
1.970597267150879
1.859370470046997
1.950742244720459
1.9048793315887451
1.9035784006118774
1.8994759321212769
2.115487575531006
2.1307473182678223
2.0041964054107666
1.81398344039917
1.8123795986175537
1.9891475439071655
1.957287311553955
1.809786081314087
1.8863712549209595
1.9704842567443848
1.8322539329528809
1.800386667251587
1.888803482055664
1.928312063217163
1.9399677515029907
1.8738577365875244
1.790073037147522
1.868833303451538
19.71847915649414
19.641830444335938
19.55044174194336
19.435989379882812
19.306373596191406
19.175262451171875
19.050636291503906
18.9263973236084
18.84202003479004
18.769502639770508
18.71061897277832
18.660171508789062
18.601409912109375
18.546295166015625
18.489477157592773
18.423337936401367
18.35256004333496
18.27684783935547
18.199337005615234
18.12178611755371
18.051025390625
17.982614517211914
17.917240142822266
17.864463806152344
17.823930740356445
17.784908294677734
17.76447296142578
17.76293182373047
17.761337280273438
17.750967025756836
17.73237419128418
17.719985961914062
17.72177505493164
17.721637725830078
17.72233772277832
17.72238540649414
17.724729537963867
17.729358673095703
17.732343673706055
17.733556747436523
17.729028701782227
17.723648071289062
17.718469619750977
17.712251663208008
17.707345962524414
17.698997497558594
17.69293975830078
17.690975189208984
17.686969757080078
17.686508178710938
17.685691833496094
17.687711715698242
17.689058303833008
17.686899185180664
17.686500549316406
17.685989379882812
17.686771392822266
17.684968948364258
17.68391227722168
17.67912483215332
17.675365447998047
17.672250747680664
17.66978645324707
17.665517807006836
17.664905548095703
17.666154861450195
17.664913177490234
17.6656551361084
17.663522720336914
17.662946701049805
17.663372039794922
17.66246223449707
17.662107467651367
17.66116714477539
17.66031265258789
17.660287857055664
17.659589767456055
17.656841278076172
17.65665054321289
17.655336380004883
17.654827117919922
17.65387535095215
17.653146743774414
17.653240203857422
17.653791427612305
17.654592514038086
17.65457534790039
17.654491424560547
17.654584884643555
17.65399169921875
17.65450668334961
17.655475616455078
17.65471839904785
17.653671264648438
17.652517318725586
17.651409149169922
17.650829315185547
17.64995002746582
17.65142250061035
17.651094436645508
17.650571823120117
17.650300979614258
17.649900436401367
17.648550033569336
17.647964477539062
17.648014068603516
17.647619247436523
17.647836685180664
17.6475887298584
17.647991180419922
17.647356033325195
17.646854400634766
17.646055221557617
17.645658493041992
17.644189834594727
17.643787384033203
17.643712997436523
17.643388748168945
17.64300537109375
17.643070220947266
17.64318084716797
17.64335823059082
17.64292335510254
17.641389846801758
17.64105796813965
17.640670776367188
17.640214920043945
17.640180587768555
17.63967514038086
17.63929557800293
17.639310836791992
17.639238357543945
17.638151168823242
17.637920379638672
17.63753890991211
17.637155532836914
17.637483596801758
17.63709831237793
17.636123657226562
17.63573455810547
17.635358810424805
17.634822845458984
17.634443283081055
17.634668350219727
17.634279251098633
17.63330078125
17.632915496826172
17.632932662963867
17.63215446472168
17.631669998168945
17.63193130493164
16.791584014892578
16.00662612915039
15.287115097045898
14.635292053222656
14.020681381225586
13.456170082092285
12.881107330322266
12.322305679321289
11.77163028717041
11.217190742492676
10.697686195373535
10.239166259765625
9.821074485778809
9.442489624023438
9.107086181640625
8.810090065002441
8.54439640045166
8.294984817504883
8.059678077697754
7.87041711807251
7.740364074707031
7.645303249359131
7.550836563110352
7.454870700836182
7.366357803344727
7.285433769226074
7.197437763214111
7.106048583984375
7.016116142272949
6.921774387359619
6.825489521026611
6.724716663360596
6.626530170440674
6.525928497314453
6.425094127655029
6.327811241149902
6.234764575958252
6.153365612030029
6.078910827636719
6.008532524108887
5.947543144226074
5.893316745758057
5.844367027282715
5.80073356628418
5.761783123016357
5.732090473175049
5.711177349090576
5.696143627166748
5.6815314292907715
5.666393280029297
5.647533416748047
5.6255011558532715
5.601839542388916
5.576945781707764
5.553319454193115
5.528069972991943
5.5020341873168945
5.478518009185791
5.455514907836914
5.436377048492432
5.4195637702941895
5.403031349182129
5.384557723999023
5.367376327514648
5.349165439605713
5.330348491668701
5.310486316680908
5.291543960571289
5.272114276885986
5.25364875793457
5.236629486083984
5.219245910644531
5.203272342681885
5.187107086181641
5.16986083984375
5.1516265869140625
5.1343092918396
5.116485118865967
5.097466468811035
5.0785088539123535
5.05886173248291
5.038705348968506
5.01757287979126
4.997751712799072
4.978363513946533
4.958314418792725
4.937833309173584
4.915482044219971
4.893120288848877
4.8693742752075195
4.84637451171875
4.821828842163086
4.797645092010498
4.773499488830566
4.749023914337158
4.724307537078857
4.70062255859375
4.6777729988098145
4.656296730041504
4.635935306549072
4.6125054359436035
4.5981974601745605
4.593931198120117
4.595102310180664
4.5980377197265625
4.602403163909912
4.6072492599487305
4.611227989196777
4.61533260345459
4.61674690246582
4.617201805114746
4.618132591247559
4.616839408874512
4.614813327789307
4.6118483543396
4.608118534088135
4.604597091674805
4.6005988121032715
4.596614837646484
4.59218692779541
4.588957786560059
4.585471153259277
4.582332134246826
4.580204010009766
4.579716682434082
4.5784382820129395
4.577291965484619
4.576837062835693
4.576835632324219
4.577554225921631
4.5781965255737305
4.5793657302856445
4.579734802246094
4.579174518585205
4.578376293182373
4.577183723449707
4.5760297775268555
4.573674201965332
4.572946548461914
4.572419166564941
4.570852279663086
4.571008205413818
4.570696830749512
4.570191383361816
4.570130348205566
4.570978164672852
4.570614814758301
4.570497035980225
4.569936275482178
4.570010662078857
4.570043563842773
4.569576263427734
4.569248676300049
4.5681233406066895
4.567753314971924
4.567984104156494
4.566614627838135
4.566701889038086
4.566489219665527
4.566370964050293
4.56745719909668
4.567615509033203
4.567659854888916
4.5677313804626465
4.567739963531494
4.567691326141357
4.5674920082092285
4.567816734313965
4.567224502563477
4.567060947418213
4.56677770614624
4.5668416023254395
4.566929340362549
4.566984176635742
4.567025661468506
4.567169189453125
4.5671539306640625
4.566916465759277
4.567208290100098
4.567602157592773
4.567090034484863
4.566860198974609
4.566849708557129
4.566458225250244
4.566488265991211
4.566117286682129
4.566320896148682
4.566256523132324
4.566446781158447
4.5661468505859375
4.566288948059082
4.565791606903076
4.5654144287109375
4.565159797668457
4.565438747406006
4.565423965454102
4.565676689147949
4.565520286560059
4.565277576446533
4.565204620361328
4.565066337585449
4.564569473266602
4.564379692077637
4.5648369789123535
4.564831733703613
4.564859867095947
4.5647687911987305
4.564883232116699
4.564804553985596
4.564941883087158
4.564953804016113
4.565195560455322
4.565447807312012
4.565325736999512
4.56472110748291
4.56436824798584
4.564214706420898
4.564242362976074
4.564389705657959
4.564378261566162
4.5644989013671875
4.56444787979126
4.564326763153076
4.563603401184082
4.563629627227783
4.56384801864624
4.56409215927124
4.564300060272217
4.564276218414307
4.564105033874512
4.565034866333008
4.564772129058838
4.564718723297119
4.564656734466553
4.5646491050720215
4.566259860992432
4.566435813903809
4.566392421722412
4.566393852233887
4.566188812255859
4.566147327423096
4.566109657287598
4.566136837005615
4.566279888153076
4.566224098205566
4.5660600662231445
4.5651936531066895
4.565223693847656
4.56553316116333
4.565497875213623
4.56537389755249
4.565696716308594
4.566707134246826
4.566536903381348
4.565664768218994
4.565768718719482
4.566715240478516
4.566720962524414
4.566841125488281
4.5663557052612305
4.567042350769043
4.567633152008057
4.567718505859375
4.568437576293945
4.56791877746582
4.567274570465088
4.567094802856445
4.567235946655273
4.566939353942871
4.56765079498291
4.567107677459717
4.568264961242676
4.568130016326904
4.5685038566589355
4.568519592285156
4.568797588348389
4.568909645080566
4.568585395812988
4.568854331970215
4.568821430206299
4.568782329559326
4.568732738494873
4.568868637084961
4.568838119506836
4.568937301635742
4.568857669830322
4.569144248962402
4.569219589233398
4.569202423095703
4.568844795227051
4.568809986114502
4.568765640258789
4.568592071533203
4.5691657066345215
4.568903923034668
4.568854808807373
4.568395137786865
4.568342685699463
4.568076133728027
4.568389415740967
4.568455696105957
4.569100379943848
4.569241523742676
4.569278717041016
4.568928241729736
4.568809509277344
4.5691046714782715
4.56866979598999
4.568528175354004
4.568500995635986
4.568454742431641
4.568374156951904
4.568971633911133
4.568459987640381
4.568428993225098
4.568395614624023
4.568847179412842
4.568718910217285
4.568075180053711
4.568170070648193
4.568502426147461
4.5684661865234375
4.569098949432373
4.568510055541992
4.568747520446777
4.569177627563477
4.569156169891357
4.569217681884766
4.569182872772217
4.5692620277404785
4.569811820983887
4.569644451141357
4.569191932678223
4.569087982177734
4.569519996643066
4.569010257720947
4.569058418273926
4.5689826011657715
4.569604873657227
4.5696306228637695
4.568938732147217
4.568844318389893
4.568733215332031
4.568696975708008
4.5687174797058105
4.568675994873047
4.570098876953125
4.5685882568359375
4.568447113037109
4.568333625793457
4.568735599517822
4.568850040435791
4.568805694580078
4.569536209106445
4.569277286529541
4.568696022033691
4.568313121795654
4.568214416503906
4.568180084228516
4.568208694458008
4.568243026733398
4.568744659423828
4.568665027618408
4.568518161773682
4.56786584854126
4.567635536193848
4.567844867706299
4.567896366119385
4.568031311035156
4.567755699157715
4.568835735321045
4.568893909454346
4.56847620010376
4.56758451461792
4.567748069763184
4.5675506591796875
4.567630767822266
4.567718029022217
4.567801475524902
4.568485260009766
4.568723201751709
4.568577766418457
4.567502498626709
4.568517684936523
4.568639278411865
4.568237781524658
4.567727565765381
4.568830490112305
4.569001197814941
4.568821907043457
4.567892074584961
4.568276405334473
4.568480491638184
4.5679168701171875
4.567728042602539
4.56833553314209
4.568870544433594
4.5689005851745605
4.568871974945068
0.7483856678009033
0.738883376121521
0.7313215136528015
0.7243655323982239
0.7178589105606079
0.7117034792900085
0.7063962817192078
0.7023724317550659
0.6986770629882812
0.6949277520179749
0.6912363171577454
0.6876697540283203
0.6842101812362671
0.681252658367157
0.6786682605743408
0.6763949394226074
0.674690842628479
0.6735799312591553
0.6728991270065308
0.672637939453125
0.6728554964065552
0.6729011535644531
0.6724785566329956
0.6719620227813721
0.6713416576385498
0.6707822680473328
0.6702969074249268
0.669743001461029
0.6692678332328796
0.6689280271530151
0.6688083410263062
0.6688625812530518
0.6689819097518921
0.6689937710762024
0.6688908338546753
0.6686851382255554
0.6684592962265015
0.6682279109954834
0.668028712272644
0.6679428219795227
0.6678959131240845
0.6678637266159058
0.6678570508956909
0.6678353548049927
0.6677371263504028
0.6676285266876221
0.6675728559494019
0.6674724817276001
0.6674064993858337
0.6673905849456787
0.6674095988273621
0.6673983335494995
0.6673349738121033
0.667305588722229
0.6672394275665283
0.6671900749206543
0.6671869158744812
0.6672050952911377
0.6671996116638184
0.6671797633171082
0.667126476764679
0.6670958995819092
0.6671285629272461
0.6671661734580994
0.6671526432037354
0.6671040058135986
0.6670671105384827
0.6670730113983154
0.6671138405799866
0.6671141386032104
0.6670682430267334
0.6670328974723816
0.6670156121253967
0.6670384407043457
0.6670578718185425
0.6670430302619934
0.6670202016830444
0.6670016050338745
0.6669985055923462
0.6670255661010742
0.6670101881027222
0.6669979095458984
0.6670132875442505
0.667019248008728
0.666993260383606
0.6670032739639282
0.6670359969139099
0.667035698890686
0.6670479774475098
0.6670299172401428
0.6669982671737671
0.6670173406600952
0.6670348644256592
0.6670495271682739
0.6670429706573486
0.6670131683349609
0.6669950485229492
0.6670113801956177
0.6670404672622681
0.6670329570770264
