2.315915107727051
2.4630680084228516
2.6042349338531494
2.7683448791503906
2.9284543991088867
3.090198516845703
3.248307228088379
3.410433292388916
3.560581684112549
3.7097251415252686
4.553051710128784
4.700692892074585
4.842578411102295
4.98774528503418
5.163796901702881
5.3728015422821045
5.542392015457153
5.706167221069336
5.875499486923218
6.0585691928863525
6.938157081604004
7.097273588180542
7.266443967819214
7.450059652328491
7.622708082199097
7.818732738494873
7.988504886627197
8.149610996246338
8.306234359741211
8.46985650062561
9.37244462966919
9.546043157577515
9.720152616500854
9.888741254806519
10.06430983543396
10.231404542922974
10.4089674949646
10.561150312423706
10.722310781478882
10.872942924499512
11.743061542510986
11.901170015335083
12.060778141021729
12.21640920639038
12.379021883010864
12.578032493591309
12.750953912734985
12.937508583068848
13.11260724067688
13.295673608779907
14.218689441680908
14.39225697517395
14.54090666770935
14.709502220153809
14.877082347869873
15.029958248138428
15.199542045593262
15.403530597686768
15.559671640396118
15.71436858177185
16.715566158294678
16.899609327316284
17.06829309463501
17.25734043121338
17.439906120300293
17.600042819976807
17.774128675460815
17.94570779800415
18.105855703353882
18.2759530544281
19.19734477996826
19.382925033569336
19.577961921691895
19.744572401046753
19.899688720703125
20.056419849395752
20.24150276184082
20.41258716583252
20.583229541778564
20.74186611175537
21.58253026008606
21.742795944213867
21.903399229049683
22.052550554275513
22.21070885658264
22.358383417129517
22.52997875213623
22.70259428024292
22.874205827713013
23.031395435333252
23.92260479927063
24.068758249282837
24.237844228744507
24.38845419883728
24.537129402160645
24.68827509880066
24.83047103881836
24.986112594604492
25.175158977508545
25.34675621986389
26.25621509552002
26.4183030128479
26.581918478012085
26.802888870239258
26.9799542427063
27.138581037521362
27.332611322402954
27.50175642967224
27.677326440811157
27.83895206451416
28.769347667694092
28.944915771484375
29.114502668380737
29.31053376197815
29.46815586090088
29.63674020767212
29.79986834526062
29.962981939315796
30.120098114013672
30.275727033615112
31.248936414718628
31.40804409980774
31.56665349006653
31.734742641448975
31.889349699020386
32.065430641174316
32.235512256622314
32.398605823516846
32.55630803108215
32.72838258743286
33.67066717147827
33.855711936950684
34.031795024871826
34.198880434036255
34.37444353103638
34.5333194732666
34.7120041847229
34.876588582992554
35.05565619468689
35.22075271606445
36.145803689956665
36.29399251937866
36.45414328575134
36.61377215385437
36.809791564941406
36.98337197303772
37.14348363876343
37.29762077331543
37.454930782318115
37.606579065322876
38.518622398376465
38.67123985290527
38.832852840423584
38.99446225166321
39.15306639671326
39.32865929603577
39.49078059196472
39.64091491699219
39.79955506324768
39.946194648742676
40.844242334365845
40.99988150596619
41.15150308609009
41.31319236755371
41.47942280769348
41.65848135948181
41.86547589302063
42.019245862960815
42.2157986164093
42.364415645599365
43.29790759086609
43.437562227249146
43.58381485939026
43.7474410533905
43.93858289718628
44.08677434921265
44.28380274772644
44.42545533180237
44.57267689704895
44.72686314582825
45.634549379348755
45.799190044403076
45.95131754875183
46.10494661331177
46.27209687232971
46.43619990348816
46.58613443374634
46.7461998462677
46.900378704071045
47.08296728134155
47.959766149520874
48.1178994178772
48.28899669647217
48.437660932540894
48.58035182952881
48.73402214050293
48.88469099998474
49.033416748046875
49.17756676673889
49.325215101242065
50.2133674621582
50.356520891189575
50.50125741958618
50.65737581253052
50.8090181350708
50.97462797164917
51.15320134162903
51.3023841381073
51.50339078903198
51.66169023513794
52.66676735877991
52.82491111755371
52.97149419784546
53.166534662246704
53.31371760368347
53.46535658836365
53.612492084503174
53.75366711616516
53.898818492889404
54.0380425453186
54.9860942363739
55.14678931236267
55.30596876144409
55.46309161186218
55.62120699882507
55.775853872299194
55.93445897102356
56.091132164001465
56.2467565536499
56.40647792816162
57.454514265060425
57.6181526184082
57.7762815952301
57.93140745162964
58.08208966255188
58.22923994064331
58.39334964752197
58.53552222251892
58.71010708808899
58.85878896713257
59.7026903629303
59.85582184791565
60.00646638870239
60.15259861946106
60.30023980140686
60.44590210914612
60.602559089660645
60.758230447769165
60.90686225891113
61.05403017997742
61.98747110366821
62.14856004714966
62.303266763687134
62.45499062538147
62.60262417793274
62.75345206260681
62.91105771064758
63.06672549247742
63.22085213661194
63.3680899143219
64.26809597015381
64.42028498649597
64.57643365859985
64.72208380699158
64.87225770950317
65.02293634414673
65.17557692527771
65.32122325897217
65.46938061714172
65.62926387786865
66.51668787002563
66.66586709022522
66.81551814079285
66.96423888206482
67.11386251449585
67.26415586471558
67.41727614402771
67.56791853904724
67.72354483604431
67.86672592163086
68.97583651542664
69.14444255828857
69.31560778617859
69.48474431037903
69.65633511543274
69.82368755340576
69.99227333068848
70.16041564941406
70.32701444625854
70.49838137626648
71.5833728313446
71.75350713729858
71.91461086273193
72.06725764274597
72.21730017662048
72.36394572257996
72.50960302352905
72.65276384353638
72.80795288085938
72.95607686042786
73.83194994926453
73.97908687591553
74.12323260307312
74.2654116153717
74.41204738616943
74.58963441848755
74.76371955871582
74.92107343673706
75.0637264251709
75.21047520637512
76.09805154800415
76.24956488609314
76.41241478919983
76.57951641082764
76.73073196411133
76.8833520412445
77.06106209754944
77.22146439552307
77.38209557533264
77.56966876983643
78.44882321357727
78.63137316703796
78.79197931289673
78.99197959899902
79.14310550689697
79.2892394065857
79.44935059547424
79.61343693733215
79.77403974533081
79.93116044998169
80.8055624961853
80.96717858314514
81.11530375480652
81.26491212844849
81.41755652427673
81.58571410179138
81.73933577537537
81.88546204566956
82.03011226654053
82.17786598205566
83.06099677085876
83.21179628372192
83.37439393997192
83.5245463848114
83.6711196899414
83.8382625579834
83.98344326019287
84.12858819961548
84.28319883346558
84.44036269187927
85.27862787246704
85.43126773834229
85.61181020736694
85.76195192337036
85.91858673095703
86.06970500946045
86.23081827163696
86.38295006752014
86.54355382919312
86.69817233085632
87.58814024925232
87.74312806129456
87.89482951164246
88.04976105690002
88.20690155029297
88.35901594161987
88.50968837738037
88.66230344772339
88.81844854354858
88.96817445755005
89.88890385627747
90.05351090431213
90.22638845443726
90.39101481437683
90.53975462913513
90.69349360466003
90.8421790599823
91.00184965133667
91.15265679359436
91.33864116668701
92.24851655960083
92.44471979141235
92.6083288192749
92.76545739173889
92.90861105918884
93.05029916763306
93.21495532989502
93.40998649597168
93.56560254096985
93.74569892883301
94.63493299484253
94.80055570602417
94.95568609237671
95.10584712028503
95.25498461723328
95.40325546264648
95.55760407447815
95.72419786453247
95.91528248786926
96.0733916759491
96.96757173538208
97.11321377754211
97.26384496688843
97.45187211036682
97.63990449905396
97.78856706619263
97.93758010864258
98.09575128555298
98.28629231452942
98.4354932308197
99.29883217811584
99.44812321662903
99.60623717308044
99.75488209724426
99.9149956703186
100.09293365478516
100.26702570915222
100.42319345474243
100.57234191894531
100.72948145866394
101.63977193832397
101.79193830490112
101.94456624984741
102.09370350837708
102.24134874343872
102.39520454406738
102.53855919837952
102.73551940917969
102.89187002182007
103.03453087806702
103.90896129608154
104.05911493301392
104.20277905464172
104.39390444755554
104.54554271697998
104.71229410171509
104.86143064498901
105.00962519645691
105.18071842193604
105.3330807685852
106.20300149917603
106.37412428855896
106.53853869438171
106.68519806861877
106.83965849876404
106.99371814727783
107.15332651138306
107.30645871162415
107.46658492088318
107.62318897247314
108.49074673652649
108.64486289024353
108.80912113189697
108.9708890914917
109.11913061141968
109.2672860622406
109.42239379882812
109.58401131629944
109.76508045196533
109.92831110954285
110.92869567871094
111.09777760505676
111.26292634010315
111.42704463005066
111.62156915664673
111.79885125160217
111.97195291519165
112.1719617843628
112.3430449962616
112.50320267677307
113.31675148010254
113.47187232971191
113.62499761581421
113.78061747550964
113.93323612213135
114.07638621330261
114.2340018749237
114.3831217288971
114.53575420379639
114.68041253089905
115.54841804504395
115.70253777503967
115.8746087551117
116.01677703857422
116.16741728782654
116.31853151321411
116.48612642288208
116.6392469406128
116.78689336776733
116.93353295326233
117.79560685157776
117.95322871208191
118.10835003852844
118.25462627410889
118.42471313476562
118.5748507976532
118.73913908004761
118.88328862190247
119.0364990234375
119.19167447090149
120.77782368659973
121.72115755081177
122.68205046653748
123.67405033111572
124.59820818901062
125.48359608650208
126.470379114151
127.4029312133789
128.3957118988037
129.37065529823303
130.93293690681458
131.85769724845886
132.76385498046875
133.70365190505981
134.66589260101318
135.58181858062744
136.46502304077148
137.41498446464539
138.35584354400635
139.2818295955658
140.82832837104797
141.7780055999756
142.74921822547913
143.64004588127136
144.6384792327881
145.55231547355652
146.45515608787537
147.45972871780396
148.46237969398499
149.43254232406616
151.11790561676025
152.08517837524414
153.02389216423035
153.9486563205719
154.91271305084229
155.8315715789795
156.7818398475647
157.72320771217346
158.63949251174927
159.5763177871704
161.21170377731323
162.1744887828827
163.15625095367432
164.07619166374207
165.000807762146
165.98821234703064
166.9106683731079
167.8031244277954
168.72785758972168
169.73383903503418
171.28015446662903
172.2348210811615
173.20057678222656
174.141845703125
175.07271337509155
176.06191730499268
177.04970693588257
178.01450395584106
178.93631076812744
179.91805171966553
181.50523805618286
182.53082919120789
183.45640468597412
184.36985683441162
185.3490424156189
186.2774453163147
187.18377137184143
188.13949823379517
189.11688685417175
190.05057954788208
191.6058840751648
192.57611846923828
193.56592869758606
194.53968214988708
195.4590539932251
196.4027795791626
197.42762994766235
198.3578073978424
199.33456802368164
200.2640781402588
201.88288974761963
202.7715425491333
203.666894197464
204.61002922058105
205.59392428398132
206.48852682113647
207.39097213745117
208.32716536521912
209.28522396087646
210.26309847831726
211.9601230621338
212.94051933288574
213.84704303741455
214.84065198898315
215.8231680393219
216.76510763168335
217.70482540130615
218.6155183315277
219.6107053756714
220.5385456085205
222.1865062713623
223.1558802127838
224.0408537387848
224.9754602909088
225.8414661884308
226.78174543380737
227.6740951538086
228.6044728755951
229.52424383163452
230.4049928188324
231.97267532348633
232.91093969345093
233.8728382587433
234.780339717865
235.72235441207886
236.6468424797058
237.61571645736694
238.63359379768372
239.62739896774292
240.59447526931763
242.13413834571838
243.106121301651
244.1034815311432
245.05198335647583
245.98304963111877
246.96675491333008
247.98658156394958
248.95407032966614
249.8870210647583
250.7812623977661
252.37158513069153
253.34923005104065
254.32361006736755
255.22543621063232
256.15821647644043
257.2154417037964
258.1522150039673
259.1473743915558
260.08864521980286
261.1260087490082
262.99115896224976
264.0283305644989
265.0537555217743
266.10037183761597
267.15143275260925
268.1995587348938
269.2642858028412
270.3298878669739
271.2514898777008
272.15736174583435
273.7155599594116
274.63145422935486
275.5658829212189
276.62681245803833
277.6568531990051
278.701936006546
279.7365758419037
280.79421281814575
281.7819857597351
282.7518906593323
284.34719228744507
285.2801790237427
286.2310721874237
287.18581104278564
288.15269327163696
289.09190368652344
289.9862494468689
290.9355368614197
291.9069528579712
292.8627882003784
294.64548993110657
295.70950269699097
296.7807505130768
297.86261343955994
298.96621775627136
300.0206334590912
300.94557905197144
301.9762587547302
303.0055196285248
303.92281699180603
305.44740295410156
306.33403730392456
307.2251195907593
308.1841697692871
309.0904085636139
309.99637937545776
311.05802512168884
312.0043067932129
313.0309648513794
313.9713797569275
315.6079411506653
316.53230357170105
317.4417872428894
318.40603256225586
319.4005832672119
320.45139813423157
321.4712700843811
322.386262178421
323.2681345939636
324.1705856323242
325.81097507476807
326.7648642063141
327.69658184051514
328.6839897632599
329.57896900177
330.5472106933594
331.5338201522827
332.50056767463684
333.5751836299896
334.6075255870819
336.4496033191681
337.4483599662781
338.41590690612793
339.3704273700714
340.27076482772827
341.30995178222656
342.32555413246155
343.34102034568787
344.2627673149109
345.2690670490265
346.8713536262512
347.83136343955994
348.78059220314026
349.68642020225525
350.6121244430542
351.5696039199829
352.5722141265869
353.5104305744171
354.4692323207855
355.4184432029724
357.0569064617157
357.96232652664185
358.8523907661438
359.78791761398315
360.79584407806396
361.73595333099365
362.64873218536377
363.5684266090393
364.4878098964691
365.44326066970825
367.0981123447418
368.0001401901245
368.9491641521454
369.8841779232025
370.9064030647278
371.8256721496582
372.73055148124695
373.68693709373474
374.5958466529846
375.4972538948059
377.18959641456604
378.1363728046417
379.12812542915344
380.0758230686188
381.05083441734314
382.0182957649231
383.0853636264801
384.1326355934143
385.0860810279846
386.0705020427704
387.76601243019104
388.7310039997101
389.6591441631317
390.5846736431122
391.4870023727417
392.4193115234375
393.3995430469513
394.3516809940338
395.33916091918945
396.29297947883606
398.02345514297485
398.99898409843445
399.92894172668457
400.8625650405884
401.8836262226105
402.88879776000977
403.92641162872314
404.9565625190735
406.01846957206726
407.09749960899353
408.7662410736084
409.8239777088165
410.87746572494507
411.87991666793823
412.92198729515076
413.9078450202942
414.9044072628021
415.85220170021057
416.78392696380615
417.77259039878845
419.562349319458
420.59284377098083
421.62438774108887
422.5720980167389
423.5517416000366
424.5833477973938
425.57939863204956
426.5470519065857
427.5131311416626
428.5790045261383
430.3511788845062
431.3766486644745
432.41906785964966
433.54579067230225
434.6096365451813
435.62316513061523
436.5903477668762
437.6562612056732
438.6628248691559
439.673406124115
441.567622423172
442.663028717041
443.72085452079773
444.6669533252716
445.7054765224457
446.71391224861145
447.76494336128235
448.7563407421112
449.7786281108856
450.7896559238434
452.6353404521942
453.6948549747467
454.6950669288635
455.7211284637451
456.75311756134033
457.83357548713684
458.867623090744
459.93836545944214
460.96742963790894
462.0014593601227
463.81185841560364
464.8651599884033
465.90014243125916
466.87975215911865
467.8644914627075
468.82043862342834
469.74798822402954
470.7566246986389
471.7334027290344
472.6971185207367
474.4138014316559
475.3754575252533
476.3286020755768
477.29141449928284
478.22261023521423
479.1827232837677
480.1604027748108
481.08926653862
482.13861751556396
483.1682553291321
484.9779601097107
485.9190483093262
486.8903157711029
487.89199113845825
488.83343839645386
489.78538370132446
490.7172746658325
491.59930777549744
492.66116070747375
493.7305290699005
495.3544194698334
496.2797713279724
497.2052357196808
498.1555619239807
499.1181449890137
500.11911725997925
501.12329959869385
502.091148853302
503.0392701625824
503.9473717212677
505.7409608364105
506.6824908256531
507.60312271118164
508.58169865608215
509.51017570495605
510.41835045814514
511.3481078147888
512.3054926395416
513.2712564468384
514.188588142395
515.7720868587494
516.6818342208862
517.5953047275543
518.5159142017365
519.4706716537476
520.4232547283173
521.374707698822
522.3961114883423
523.413248538971
524.4101994037628
526.0220935344696
526.9359605312347
527.9573657512665
528.9660549163818
529.9308397769928
530.8737738132477
531.7991967201233
532.7125141620636
533.6409094333649
534.5760836601257
536.2746636867523
537.1980288028717
538.1319930553436
539.0504214763641
540.052303314209
541.0430517196655
542.0207951068878
543.0460090637207
544.0702075958252
545.0360383987427
546.7657446861267
547.7655682563782
548.6638910770416
549.5868434906006
550.5404505729675
551.530195236206
552.5063169002533
553.4451293945312
554.3859822750092
555.3393540382385
557.1310770511627
558.2390098571777
559.3610391616821
560.4577341079712
561.5589258670807
562.656929731369
563.741272687912
564.8390915393829
565.9381873607635
567.0394606590271
569.0197172164917
570.1327555179596
571.1598508358002
572.0729429721832
573.0481307506561
574.0096888542175
574.977365732193
575.9325082302094
576.9424874782562
577.9510366916656
579.5471477508545
580.4850881099701
581.4727311134338
582.4266932010651
583.3765652179718
584.4336893558502
585.5121052265167
586.5766649246216
587.6926999092102
588.7491798400879
590.6392004489899
591.7062768936157
592.814455986023
593.8346891403198
594.809184551239
595.8351962566376
596.9451971054077
597.9314126968384
598.8429839611053
599.7744791507721
601.3900270462036
602.4513273239136
603.5519213676453
604.571142911911
605.4930694103241
606.4729428291321
607.5047869682312
608.6635324954987
609.5870254039764
610.5009031295776
612.2599000930786
613.2383623123169
614.1666059494019
615.0633261203766
616.0031461715698
616.9600389003754
617.9052860736847
618.8333101272583
619.8086512088776
620.8030803203583
622.564195394516
623.4710741043091
624.391585111618
625.3446955680847
626.3729500770569
627.3367590904236
628.2752983570099
629.2277412414551
630.1990585327148
631.231386423111
632.8718614578247
633.8219652175903
634.7328367233276
635.6676931381226
636.6278862953186
637.6086299419403
638.5793647766113
639.5440726280212
640.4554867744446
641.3897185325623
643.0080432891846
643.954347372055
644.9133825302124
645.8840320110321
646.8569052219391
647.7707102298737
648.6622450351715
649.5457375049591
650.4557228088379
651.4367690086365
653.2519295215607
654.2817974090576
655.2991981506348
656.317366361618
657.3824167251587
658.4456832408905
659.5587635040283
660.6548254489899
661.7503509521484
662.7626357078552
664.398802280426
665.4203987121582
666.3897743225098
667.3735458850861
668.2923817634583
669.2414917945862
670.2723002433777
671.1961107254028
672.127242565155
673.0823323726654
674.7391457557678
675.652881860733
676.5583772659302
677.4765453338623
678.3631863594055
679.2417299747467
680.1509006023407
681.0528688430786
682.0041065216064
682.926739692688
684.415500164032
685.321049451828
686.2433929443359
687.154100894928
688.0542738437653
688.9478347301483
689.9148004055023
690.8372774124146
691.7999830245972
692.732339143753
694.3059277534485
695.2342159748077
696.166955947876
697.0978195667267
698.0359270572662
699.0655167102814
700.0163793563843
700.9488155841827
701.8881492614746
702.8025686740875
704.4232807159424
705.3710281848907
706.2543015480042
707.1372203826904
708.0925979614258
709.001211643219
709.8880875110626
710.8174166679382
711.7468447685242
712.6841735839844
714.2430634498596
715.1985056400299
716.1528692245483
717.0553431510925
717.954039812088
718.9010579586029
719.8266680240631
720.7472898960114
721.6254572868347
722.5358009338379
724.2029526233673
725.1566531658173
726.0843558311462
726.9873046875
727.8774998188019
728.7529814243317
729.6590740680695
730.6283612251282
731.5138309001923
732.4592595100403
734.1421821117401
735.1054396629333
736.0655543804169
737.0058052539825
737.9116542339325
738.8449792861938
739.7424478530884
740.649849653244
741.5517656803131
742.4401762485504
743.9967489242554
744.9223403930664
745.8325724601746
746.8124647140503
747.7646901607513
748.6924152374268
749.6375818252563
750.5893573760986
751.4996275901794
752.4127972126007
754.0418779850006
754.9714343547821
755.8743994235992
756.8039081096649
757.7395732402802
758.6764566898346
759.5888638496399
760.5200836658478
761.4664258956909
762.3857905864716
764.0136487483978
764.9031872749329
765.8456707000732
766.7906050682068
767.7144317626953
768.6914675235748
769.619476556778
770.5620274543762
771.4583241939545
772.4366581439972
774.0905547142029
775.0162830352783
775.9324023723602
776.8815686702728
777.8073043823242
778.7448279857635
779.7359709739685
780.6713874340057
781.6175928115845
782.6003210544586
784.3228209018707
785.3629553318024
786.2553124427795
787.1780605316162
788.123717546463
789.0145442485809
789.9068691730499
790.8631262779236
791.803163766861
792.7114498615265
794.245025396347
795.1648261547089
796.0222759246826
796.9476976394653
797.894015789032
798.8352560997009
799.7308940887451
800.676164150238
801.6533288955688
802.6001234054565
804.2701666355133
805.2694504261017
806.3159584999084
807.2762198448181
808.247435092926
809.1982867717743
810.1590368747711
811.0431001186371
811.9780497550964
812.9281876087189
814.5088481903076
815.3790562152863
816.2851033210754
817.2092909812927
818.14546251297
819.0521130561829
819.9642107486725
820.9054486751556
821.8102838993073
822.6922373771667
824.3286712169647
825.2624406814575
826.1732375621796
827.0719451904297
827.9489388465881
828.831536769867
829.7493515014648
830.6656265258789
831.5800471305847
832.4699401855469
834.0205724239349
834.9563150405884
835.8611013889313
836.8342249393463
837.747528553009
838.7101001739502
839.6219353675842
840.5686950683594
841.5487811565399
842.4895522594452
843.1634039878845
843.2089176177979
843.263778924942
843.3197417259216
843.3751504421234
843.4036457538605
843.4245617389679
843.4445385932922
843.4654858112335
843.4864592552185
844.1358880996704
844.1558294296265
844.1777830123901
844.1987731456757
844.219749212265
844.2416622638702
844.2626349925995
844.2836155891418
844.304435968399
844.3253800868988
844.9712238311768
844.9912030696869
845.0141406059265
845.0350844860077
845.0550315380096
845.0759787559509
845.09694480896
845.1168947219849
845.1383521556854
845.1593017578125
845.8016490936279
845.8225905895233
845.8441767692566
845.8651461601257
845.8856823444366
845.9069983959198
845.927943944931
845.9488899707794
845.9688680171967
845.9907946586609
846.6569106578827
846.676860332489
846.6978147029877
846.7187588214874
846.7407004833221
846.7616441249847
846.7825899124146
846.8045432567596
846.8244895935059
846.8454329967499
847.4947497844696
847.5147006511688
847.5356438159943
847.5565850734711
847.5777559280396
847.5987093448639
847.6191759109497
847.6401197910309
847.6611025333405
847.6820731163025
848.3278713226318
848.3478207588196
848.3682913780212
848.3902730941772
848.4114465713501
848.4313712120056
848.4533402919769
848.4752533435822
848.4966511726379
848.5165977478027
849.1585257053375
849.1804757118225
849.2009830474854
849.2229242324829
849.242874622345
849.2638144493103
849.2847788333893
849.3057279586792
849.3276681900024
849.3496067523956
850.00000166893
850.0199465751648
850.0408911705017
850.0618352890015
850.0822994709015
850.1022443771362
850.1236951351166
850.1446435451508
850.1645858287811
850.1850392818451
850.834041595459
850.8549873828888
850.876580953598
850.8971028327942
850.9179978370667
850.9379439353943
850.958888053894
850.9806978702545
851.0016450881958
851.0245792865753
