14.928550720214844
13.304753303527832
12.164352416992188
12.087427139282227
11.742093086242676
11.048652648925781
10.137031555175781
9.458024978637695
8.91676139831543
8.765311241149902
8.360980033874512
7.749451637268066
6.974442481994629
6.21043586730957
5.669168949127197
5.127902507781982
4.772778034210205
4.303975582122803
3.6696360111236572
2.962841033935547
3.056903123855591
2.922363519668579
2.482564687728882
1.8150851726531982
1.4277234077453613
1.2188255786895752
1.2072622776031494
1.3547732830047607
1.1587560176849365
0.7695913314819336
0.9912058711051941
1.1335060596466064
1.2396409511566162
1.2133047580718994
1.165059208869934
1.1460721492767334
0.9221717715263367
0.7375553250312805
0.692245364189148
0.719781219959259
0.5566522479057312
0.6595626473426819
0.6334632635116577
0.6638213992118835
0.6955340504646301
0.6932258605957031
0.6783351302146912
0.5311578512191772
0.5810022354125977
0.5538433790206909
0.5712568759918213
0.6013959646224976
0.5520656704902649
0.515301525592804
0.43390393257141113
0.6703242659568787
0.6381034851074219
0.6512239575386047
0.7074609398841858
0.812394917011261
0.6747111678123474
0.5464538931846619
0.6318032741546631
0.5164384841918945
0.4777073860168457
0.5046799778938293
0.6014823913574219
0.7010608911514282
0.6740108132362366
0.6251096725463867
0.6197065114974976
0.5588099360466003
0.5842387676239014
0.6085246801376343
0.4567846655845642
0.589124858379364
0.47993361949920654
0.700126588344574
0.7648378610610962
0.5994737148284912
0.6257921457290649
0.7357954978942871
0.615343451499939
0.5657285451889038
0.6405696272850037
0.49263685941696167
0.7093861699104309
0.8066326379776001
0.6821155548095703
0.5024507641792297
0.7328614592552185
0.7344663143157959
0.526188313961029
0.7250651717185974
0.8718341588973999
0.7966399192810059
0.5943238735198975
0.6337881088256836
0.6978660821914673
0.5501210689544678
0.6426915526390076
0.6525203585624695
0.6410166621208191
0.6104514002799988
0.5628451704978943
0.5078420042991638
0.48637688159942627
0.47954022884368896
0.5145862698554993
0.5259230732917786
0.5160421133041382
0.4871740937232971
0.44164061546325684
0.45055150985717773
0.46287477016448975
0.45398324728012085
0.4397869110107422
0.44947564601898193
0.4474356770515442
0.4427224397659302
0.4330649971961975
0.4442676901817322
0.4441767930984497
0.44531673192977905
0.4420146346092224
0.44239163398742676
0.43830275535583496
0.43902695178985596
0.43277740478515625
0.4373416304588318
0.4390448331832886
0.4351690411567688
0.44313669204711914
0.4322841763496399
0.45349597930908203
0.46020448207855225
0.4461124539375305
0.4519820213317871
0.4665479063987732
0.4681244492530823
0.4519268870353699
0.4414677619934082
0.4539504647254944
0.456729531288147
0.43921470642089844
0.4523366689682007
0.4644349217414856
0.45538991689682007
0.45596808195114136
0.4612237215042114
42.93490219116211
42.359580993652344
41.585506439208984
40.675167083740234
39.6738395690918
38.60187911987305
37.47658157348633
36.31184768676758
35.133544921875
33.93767547607422
32.72822952270508
31.508432388305664
30.283063888549805
29.06008529663086
27.838912963867188
26.61708641052246
25.399402618408203
24.191375732421875
22.99183464050293
21.798355102539062
20.611675262451172
19.43450927734375
18.269203186035156
17.114900588989258
15.971738815307617
14.83908748626709
13.731122016906738
12.712175369262695
11.767230987548828
10.866811752319336
9.99288558959961
9.134446144104004
8.284417152404785
7.480384349822998
6.835667610168457
6.284459114074707
5.812897682189941
5.378258228302002
4.958895206451416
4.546242713928223
4.1329193115234375
3.737257957458496
3.3821346759796143
3.062830924987793
2.760380506515503
2.483581781387329
2.2724905014038086
2.2044806480407715
2.1631274223327637
2.121866226196289
2.103471517562866
2.0869617462158203
2.0678842067718506
2.0342679023742676
1.9818549156188965
1.912081003189087
1.8189435005187988
1.6933989524841309
1.5394865274429321
1.3803296089172363
1.2545433044433594
1.1825451850891113
1.1672136783599854
1.188429832458496
1.220909833908081
1.2295398712158203
1.2029869556427002
1.1463483572006226
1.0782045125961304
1.020726203918457
0.9897089600563049
0.9805659055709839
0.9848676323890686
0.9914807677268982
0.9897563457489014
0.9722184538841248
0.9457936882972717
0.9243512153625488
0.9106469750404358
0.9045505523681641
0.9019433259963989
0.8974933624267578
0.8890979290008545
0.8813583850860596
0.874247670173645
0.8666279315948486
0.8631516695022583
0.8614634275436401
0.8598923683166504
0.8612457513809204
0.8591420650482178
0.8541837334632874
0.847724437713623
0.8458898067474365
0.8476079702377319
0.8473636507987976
0.8443872928619385
0.8394289016723633
0.8392638564109802
0.8401176929473877
0.8392529487609863
0.8365132808685303
0.835167646408081
0.8353183269500732
0.832849383354187
0.8318295478820801
0.832485556602478
0.8315313458442688
0.8318084478378296
0.832078754901886
0.8322080373764038
0.8299552202224731
0.8283727169036865
0.8283252716064453
0.8280971050262451
0.8275429606437683
0.8284705877304077
0.8272565007209778
0.8275071382522583
0.8270655274391174
0.8270500898361206
0.8265992403030396
0.8266350030899048
0.8262521624565125
0.8273919820785522
0.8258578777313232
0.8284848928451538
0.8293554782867432
0.8284231424331665
0.825896143913269
0.8283895254135132
0.829913854598999
0.8286950588226318
0.8274867534637451
0.8269921541213989
0.8280743360519409
0.8272689580917358
0.8272465467453003
0.8276915550231934
0.8275765180587769
0.8269326686859131
0.8258109092712402
0.8252558708190918
0.8249518871307373
0.8252630829811096
0.8256977796554565
0.8248940706253052
0.8249621987342834
0.824520468711853
0.8247501850128174
0.8244495391845703
0.824356734752655
0.8242145776748657
0.8243498802185059
0.8243530988693237
0.8241828083992004
0.8239614963531494
0.8239538073539734
0.8238980770111084
0.8239525556564331
0.8237501382827759
0.8238610029220581
0.8238979578018188
0.8238884210586548
0.8238228559494019
0.8237099647521973
0.8238955736160278
0.8238043785095215
0.8236141800880432
0.823737621307373
0.8237929344177246
0.8236687779426575
0.8236978054046631
0.8237550854682922
0.823752224445343
0.8236976861953735
0.8235884308815002
0.8234435319900513
0.8234336972236633
0.8234244585037231
0.8234488368034363
0.8234127759933472
0.8233580589294434
0.8232540488243103
0.8233010172843933
0.8232854604721069
0.8233169317245483
0.8232907056808472
0.8232481479644775
0.8232128024101257
0.8231602907180786
0.8232053518295288
0.823087215423584
0.8233007192611694
0.8233324289321899
0.8231053352355957
0.8232651948928833
0.8234049081802368
0.8233547806739807
0.8231368064880371
0.8230735659599304
0.8231793642044067
0.8230173587799072
0.8230118155479431
0.8230941295623779
0.8229949474334717
0.8229215741157532
0.8229674100875854
0.8230241537094116
0.8228654861450195
0.82280433177948
0.8228015899658203
0.8227438926696777
0.822671115398407
0.8226686716079712
0.8227580785751343
0.8227123022079468
0.8226593136787415
0.8226601481437683
0.8226181268692017
0.8226696252822876
0.822562575340271
0.8227705359458923
0.8227849006652832
0.8225468993186951
0.8227826952934265
0.8229286670684814
0.8228909373283386
0.8226789236068726
0.8224702477455139
0.8225692510604858
0.8224310874938965
0.8224403858184814
0.8224090337753296
0.8224051594734192
0.8224998712539673
0.8223450183868408
0.8224798440933228
0.8225685358047485
0.8224808573722839
0.8222532868385315
0.8222953081130981
0.8222271800041199
0.8222565650939941
0.8221992254257202
0.8223063945770264
0.8222742080688477
0.8221736550331116
0.8221818208694458
0.8221051692962646
0.82207190990448
0.8221153020858765
0.8220630884170532
0.8221117854118347
0.8221148252487183
0.8221179842948914
0.8220893144607544
0.8221982717514038
0.8222389817237854
0.8221021890640259
0.8222925066947937
0.8223604559898376
0.8221806883811951
0.8222318887710571
0.8223612904548645
0.8223103284835815
0.8220980763435364
0.8223023414611816
0.8224306106567383
0.8223041296005249
0.8221763372421265
0.8222995400428772
0.8224207162857056
0.8223609924316406
0.8221547603607178
0.8221958875656128
0.8221850395202637
0.8221139907836914
0.8221091628074646
0.8220325112342834
0.8222507834434509
0.8222809433937073
0.8221522569656372
0.8221627473831177
0.8221725821495056
0.8220750093460083
0.8221592903137207
0.8221657872200012
0.8221113681793213
0.8221784830093384
0.8222121596336365
0.8221235275268555
0.8221418857574463
0.8221068978309631
0.822144091129303
0.8220608234405518
0.8221096396446228
0.8221356868743896
0.8219830989837646
0.8219774961471558
0.8221254348754883
0.8220636248588562
0.822091281414032
0.8221355676651001
0.8220118880271912
0.82215815782547
0.8222041726112366
0.8221349716186523
0.8220531940460205
0.822303295135498
0.8223680257797241
0.8222588896751404
0.8220144510269165
0.8220490217208862
0.822141170501709
0.8220047950744629
0.8221873044967651
0.8223068714141846
0.8222453594207764
0.8220617771148682
0.8221226334571838
0.8221276998519897
0.8219376802444458
0.8220530152320862
0.8219912052154541
0.8220707178115845
0.8222012519836426
0.8220990896224976
0.821993350982666
0.8222997784614563
0.8224164247512817
0.8223545551300049
0.8221341371536255
0.8220585584640503
0.8223274946212769
0.8223659992218018
0.8221656084060669
0.8219876289367676
0.8221319913864136
0.8220973014831543
0.8220068216323853
0.8220354318618774
0.8220124244689941
0.8219584822654724
0.8220627903938293
0.8221139311790466
0.8220181465148926
0.8219685554504395
0.8221325874328613
0.8220561742782593
116.39148712158203
111.50386047363281
107.60105895996094
103.57481384277344
99.5635757446289
95.44340515136719
91.45732879638672
87.5639877319336
83.63252258300781
79.65563201904297
75.90885162353516
72.49788665771484
69.18396759033203
66.03050994873047
62.85155487060547
59.69036865234375
57.20038604736328
54.6102409362793
51.98912811279297
49.4547119140625
46.97523498535156
44.75778579711914
42.69987869262695
40.50388717651367
38.517520904541016
36.54124069213867
34.6053581237793
33.1404914855957
31.460491180419922
30.566818237304688
29.429197311401367
28.19015121459961
27.093059539794922
26.097009658813477
25.09451675415039
23.77190589904785
22.17240333557129
20.64431381225586
19.00752830505371
17.671348571777344
16.481298446655273
15.740211486816406
14.947708129882812
14.041245460510254
13.072376251220703
11.8345365524292
10.517809867858887
9.16181755065918
7.892635345458984
6.860944747924805
5.865756034851074
5.118677616119385
4.492687225341797
3.9468207359313965
3.390401840209961
3.35690975189209
3.677501678466797
3.7647876739501953
3.795259714126587
3.6744346618652344
3.485745668411255
3.42695689201355
3.5413460731506348
3.5303025245666504
3.451409101486206
3.390383005142212
3.3227853775024414
3.150205373764038
3.10890793800354
2.9735167026519775
2.8834221363067627
2.889653444290161
2.791489362716675
2.669790267944336
2.707810878753662
2.6856794357299805
2.671457052230835
2.602515459060669
2.3844892978668213
2.392601728439331
2.3324575424194336
2.323057174682617
2.376699686050415
2.2562456130981445
2.2522759437561035
2.1597180366516113
2.0358362197875977
1.9768517017364502
2.0821614265441895
2.221543312072754
2.1761903762817383
2.0345287322998047
2.0911314487457275
2.1042213439941406
1.996823787689209
1.9521559476852417
2.017327070236206
2.1068787574768066
2.0854315757751465
2.0470950603485107
2.0001063346862793
2.0920722484588623
1.9773916006088257
1.8531522750854492
1.9711203575134277
1.975820779800415
1.9802542924880981
1.9386752843856812
1.9183343648910522
2.0489888191223145
1.9423787593841553
1.9655871391296387
1.9964134693145752
1.9498530626296997
1.9677166938781738
2.041428327560425
2.0114567279815674
1.9601647853851318
1.980098009109497
1.9727648496627808
1.8744394779205322
1.905009388923645
1.8670767545700073
1.9037609100341797
1.9934947490692139
1.997166633605957
1.977506399154663
1.9603432416915894
1.9896886348724365
2.170883893966675
2.1873536109924316
2.0528957843780518
1.8405836820602417
2.09684157371521
2.273181676864624
2.1216464042663574
2.020761251449585
1.9085091352462769
1.9974099397659302
2.094911813735962
2.0614101886749268
2.0080089569091797
2.0776925086975098
2.1004042625427246
1.8998967409133911
1.9403572082519531
2.009711980819702
1.9369652271270752
1.90675687789917
2.0086262226104736
21.016202926635742
20.955087661743164
20.91122055053711
20.832565307617188
20.75742530822754
20.737497329711914
20.681758880615234
20.642654418945312
20.60167694091797
20.53020668029785
20.454153060913086
20.40545082092285
20.33728790283203
20.284719467163086
20.217361450195312
20.15127944946289
20.096881866455078
20.061307907104492
20.02863121032715
20.011030197143555
19.982769012451172
19.971220016479492
19.962308883666992
19.95867156982422
19.964723587036133
19.976728439331055
19.974626541137695
19.977806091308594
19.981224060058594
19.980470657348633
19.980005264282227
19.977140426635742
19.970325469970703
19.96380615234375
19.948911666870117
19.93692398071289
19.921119689941406
19.908510208129883
19.893163681030273
19.884899139404297
19.867807388305664
19.860048294067383
19.846494674682617
19.82671356201172
19.813459396362305
19.798709869384766
19.788864135742188
19.77158546447754
19.776155471801758
19.786718368530273
19.796356201171875
19.803495407104492
19.813749313354492
19.820114135742188
19.825275421142578
19.825204849243164
19.824504852294922
19.824268341064453
19.817533493041992
19.815715789794922
19.809232711791992
19.80166244506836
19.79431915283203
19.78554916381836
19.78385353088379
19.776256561279297
19.7632999420166
19.76300621032715
19.763011932373047
19.760055541992188
19.75997543334961
19.762121200561523
19.762420654296875
19.76158332824707
19.76463508605957
19.7630615234375
19.769954681396484
19.777469635009766
19.77809715270996
19.778541564941406
19.778953552246094
19.778919219970703
19.777996063232422
19.77570152282715
19.7763614654541
19.77645492553711
19.77589225769043
19.775197982788086
19.774972915649414
19.77583885192871
19.775753021240234
19.775135040283203
19.77529525756836
19.773929595947266
19.773162841796875
19.771589279174805
19.770065307617188
19.771745681762695
19.771663665771484
19.771583557128906
19.77227783203125
19.77048110961914
19.76987075805664
19.769676208496094
19.769102096557617
19.76910400390625
19.767887115478516
19.76766586303711
19.767066955566406
19.767236709594727
19.766925811767578
19.76601791381836
19.765674591064453
19.765138626098633
19.764829635620117
19.76530647277832
19.764869689941406
19.76457405090332
19.764135360717773
19.76398468017578
19.764266967773438
19.763965606689453
19.762907028198242
19.76259994506836
19.762107849121094
19.761962890625
19.761667251586914
19.76123809814453
19.760940551757812
19.760961532592773
19.76066017150879
19.76132583618164
19.761520385742188
19.76122283935547
19.760229110717773
19.759925842285156
19.759634017944336
19.759334564208984
19.759031295776367
19.757976531982422
19.75767707824707
19.757183074951172
19.75707244873047
19.75678253173828
19.75649070739746
19.75618553161621
19.75588607788086
19.755592346191406
19.75605010986328
19.755762100219727
19.755460739135742
19.25478172302246
18.78220558166504
18.29631805419922
17.802738189697266
17.306838989257812
16.790361404418945
16.289405822753906
15.782052040100098
15.261953353881836
14.751150131225586
14.263293266296387
13.777860641479492
13.286515235900879
12.801395416259766
12.331876754760742
11.870199203491211
11.457159996032715
11.12561321258545
10.868051528930664
10.63655948638916
10.443659782409668
10.261377334594727
10.107227325439453
9.969761848449707
9.825736045837402
9.674849510192871
9.521852493286133
9.359390258789062
9.185749053955078
9.01646614074707
8.8472261428833
8.680649757385254
8.527941703796387
8.374337196350098
8.228425979614258
8.07091236114502
7.906797885894775
7.736612796783447
7.571174621582031
7.409726619720459
7.2599616050720215
7.128008842468262
7.00108003616333
6.882343292236328
6.7823004722595215
6.698602199554443
6.61992883682251
6.547656059265137
6.464147567749023
6.374173641204834
6.28655481338501
6.1996331214904785
6.134434223175049
6.081696510314941
6.0345892906188965
5.985386848449707
5.940180778503418
5.8927459716796875
5.843125343322754
5.794229030609131
5.75261926651001
5.714423656463623
5.676767349243164
5.638649940490723
5.600391387939453
5.557098388671875
5.513548851013184
5.468573570251465
5.422806262969971
5.377596378326416
5.331403732299805
5.29310941696167
5.253059387207031
5.210310935974121
5.164514064788818
5.119271755218506
5.076332092285156
5.033195495605469
4.991422653198242
4.94896125793457
4.907613754272461
4.863636016845703
4.82003116607666
4.771923542022705
4.72860050201416
4.6835479736328125
4.638521194458008
4.592416286468506
4.546732425689697
4.501495361328125
4.45811128616333
4.417324066162109
4.375908851623535
4.334671497344971
4.29430627822876
4.256598472595215
4.22225284576416
4.18984317779541
4.156501293182373
4.123337745666504
4.092721462249756
4.066125869750977
4.035686016082764
3.996537923812866
3.9538416862487793
3.9137940406799316
3.8801467418670654
3.8467695713043213
3.814066171646118
3.7795443534851074
3.7482032775878906
3.714040517807007
3.67598819732666
3.641225814819336
3.6056461334228516
3.576000928878784
3.5452184677124023
3.5148913860321045
3.4854700565338135
3.45819091796875
3.42704701423645
3.397526741027832
3.3687353134155273
3.3384149074554443
3.310321092605591
3.282421112060547
3.2558679580688477
3.2311811447143555
3.206892251968384
3.18277907371521
3.160714864730835
3.140014171600342
3.1209702491760254
3.105720043182373
3.0934860706329346
3.0837676525115967
3.077383279800415
3.0721282958984375
3.069981336593628
3.06909441947937
3.0690817832946777
3.0696306228637695
3.0722763538360596
3.0739152431488037
3.0731165409088135
3.073132038116455
3.0741424560546875
3.074294090270996
3.074857711791992
3.0753424167633057
3.0761735439300537
3.0755200386047363
3.074594736099243
3.0749597549438477
3.076686143875122
3.0776824951171875
3.0783345699310303
3.078171968460083
3.0780279636383057
3.077821731567383
3.077608585357666
3.077561616897583
3.0760512351989746
3.07623291015625
3.076134204864502
3.077195405960083
3.0780837535858154
3.0776774883270264
3.0786824226379395
3.0805487632751465
3.0807132720947266
3.080749750137329
3.0810976028442383
3.0818262100219727
3.081392765045166
3.0798959732055664
3.08076810836792
3.079587697982788
3.080291509628296
3.079789161682129
3.077767848968506
3.0772757530212402
3.0777623653411865
3.077449321746826
3.077580690383911
3.077306032180786
3.0777580738067627
3.0782723426818848
3.080373764038086
3.0796561241149902
3.079143524169922
3.0784952640533447
3.0779266357421875
3.0775134563446045
3.079598903656006
3.0789175033569336
3.076695203781128
3.076970100402832
3.0772738456726074
3.0766172409057617
3.075422763824463
3.0755724906921387
3.0758512020111084
3.0759525299072266
3.0747745037078857
3.0739710330963135
3.0735442638397217
3.0730764865875244
3.0744781494140625
3.072092056274414
3.0733234882354736
3.0726351737976074
3.071988582611084
3.0724337100982666
3.073927879333496
3.0724871158599854
3.0720596313476562
3.072094440460205
3.0744259357452393
3.0742990970611572
3.0737369060516357
3.075978994369507
3.0757081508636475
3.073575735092163
3.0739269256591797
3.07383394241333
3.0726802349090576
3.072631597518921
3.0716910362243652
3.0716800689697266
3.0719802379608154
3.0722873210906982
3.073482036590576
3.075258731842041
3.0758984088897705
3.0750179290771484
3.0754551887512207
3.075132369995117
3.0768015384674072
3.0757739543914795
3.0770373344421387
3.076530933380127
3.0771753787994385
3.077136278152466
3.077627182006836
3.0772886276245117
3.0772035121917725
3.078372001647949
3.080504894256592
3.079808473587036
3.0799036026000977
3.0800271034240723
3.0806736946105957
3.0806660652160645
3.082329750061035
3.0807974338531494
3.080641269683838
3.079869031906128
3.080183506011963
3.0802183151245117
3.0807158946990967
3.0814568996429443
3.081407070159912
3.0818116664886475
3.0824027061462402
3.0824990272521973
3.082407236099243
3.082568645477295
3.082531452178955
3.0830564498901367
3.0832643508911133
3.083162307739258
3.0831220149993896
3.0830488204956055
3.0829215049743652
3.0831191539764404
3.0827929973602295
3.083632707595825
3.083113431930542
3.0833559036254883
3.084258556365967
3.0830788612365723
3.082929849624634
3.082427740097046
3.0830159187316895
3.081359386444092
3.0811421871185303
3.080307960510254
3.0805504322052
3.081343650817871
3.078967571258545
3.078512191772461
3.0791006088256836
3.077329635620117
3.076932668685913
3.075535774230957
3.074389696121216
3.0726406574249268
3.073150396347046
3.073428153991699
3.0731027126312256
3.073214530944824
3.0742416381835938
3.0758461952209473
3.0767574310302734
3.075737237930298
3.0729215145111084
3.0742266178131104
3.0741569995880127
3.0745182037353516
3.07537579536438
3.07395339012146
3.0732932090759277
3.071699619293213
3.072984218597412
3.07287859916687
3.071115016937256
3.07136869430542
3.071094274520874
3.0714447498321533
3.0737826824188232
3.071614980697632
3.0710136890411377
3.070455551147461
3.0700087547302246
3.070474147796631
3.070887804031372
3.0721757411956787
3.072629690170288
3.075991153717041
3.0759928226470947
3.075145959854126
3.0751776695251465
3.0742523670196533
3.0757651329040527
3.0743088722229004
3.0737640857696533
3.074542999267578
3.073016405105591
3.0730180740356445
3.072877883911133
3.073045492172241
3.0720815658569336
3.074204206466675
3.0748353004455566
3.074606418609619
3.075254440307617
3.074869394302368
3.074838399887085
3.0769433975219727
3.076667308807373
3.076200246810913
3.075632095336914
3.0766942501068115
3.075860023498535
3.077253818511963
3.076263904571533
3.0752527713775635
3.076176166534424
3.075895071029663
3.075519561767578
3.075890064239502
3.0759401321411133
3.0758323669433594
3.0761337280273438
3.075685977935791
3.077599048614502
3.077181339263916
3.0764904022216797
3.0767955780029297
3.0767977237701416
3.0773096084594727
3.080495595932007
3.080479860305786
3.0810797214508057
3.0814690589904785
3.0819361209869385
3.081831216812134
3.0818636417388916
3.08195161819458
3.0821034908294678
3.0813257694244385
3.0807998180389404
3.080599784851074
3.08038330078125
3.0797626972198486
3.0798540115356445
3.0800633430480957
3.0798068046569824
3.0798840522766113
3.0799286365509033
3.079200029373169
3.078943967819214
3.0791335105895996
3.079380989074707
3.079028606414795
3.07930588722229
3.0798840522766113
3.079946994781494
0.3894927203655243
0.3827117681503296
0.3760029673576355
0.36938634514808655
0.36287590861320496
0.3564739525318146
0.3502470850944519
0.3444003462791443
0.33909714221954346
0.334294855594635
0.3299388587474823
0.3261549174785614
0.32318273186683655
0.32099512219429016
0.31955486536026
0.3187962472438812
0.3187384307384491
0.31926462054252625
0.32016921043395996
0.32064089179039
0.32058554887771606
0.3201330900192261
0.31934455037117004
0.31838124990463257
0.31737953424453735
0.3164643347263336
0.3156774342060089
0.3149811029434204
0.31444036960601807
0.3141951560974121
0.314206600189209
0.3142296075820923
0.3142302632331848
0.31413137912750244
0.31383901834487915
0.313495010137558
0.31321096420288086
0.3129870295524597
0.31278982758522034
0.3126569092273712
0.3125245273113251
0.3124183118343353
0.31230416893959045
0.3122505843639374
0.3121998608112335
0.3121365010738373
0.31206047534942627
0.311941921710968
0.31177762150764465
0.3116157650947571
0.31167882680892944
0.31173175573349
0.3117363452911377
0.311690092086792
0.3115825653076172
0.31145036220550537
0.31137219071388245
0.31143853068351746
0.3115183711051941
0.31148722767829895
0.3113791048526764
0.3112799823284149
0.3112562596797943
0.31130796670913696
0.31136152148246765
0.31134694814682007
0.31129589676856995
0.3112655282020569
0.31129977107048035
0.31132054328918457
0.31124550104141235
0.31125685572624207
0.3113001883029938
0.3113057613372803
0.31127750873565674
0.3112636208534241
0.31126639246940613
0.3112777769565582
0.311291366815567
0.31124579906463623
0.31122905015945435
0.31119775772094727
0.3112025856971741
0.3112473487854004
0.3111976683139801
0.31121036410331726
0.31121793389320374
0.3112030625343323
0.3112401068210602
0.31121841073036194
0.31115275621414185
0.3111545741558075
0.31122297048568726
0.31121572852134705
0.31120574474334717
0.31125760078430176
0.3112368881702423
0.3111962676048279
0.31114643812179565
0.3111303448677063
