2.2202916145324707
2.4088134765625
2.565419912338257
2.7255022525787354
2.8821074962615967
3.0382087230682373
3.191819429397583
3.363382339477539
3.5134971141815186
3.665116310119629
3.819216251373291
3.976818561553955
4.126929044723511
4.281540155410767
4.434643268585205
4.607207775115967
4.778773784637451
4.936861515045166
5.088479518890381
5.243577241897583
5.40117883682251
5.552289724349976
5.707895994186401
5.866494655609131
6.029568433761597
6.191157579421997
6.344259738922119
6.500865459442139
6.653972625732422
6.810581684112549
6.963195562362671
7.132254600524902
7.28885817527771
7.44794774055481
7.610542058944702
7.768146753311157
7.946183681488037
8.103785276412964
8.267373323440552
8.427455186843872
8.587052345275879
8.742148876190186
8.933658361434937
9.092257261276245
9.252341270446777
9.420917272567749
9.587495803833008
9.750571966171265
9.912163257598877
10.0697660446167
10.978060722351074
11.133153915405273
11.30271577835083
11.460801124572754
11.626369714736938
11.78695559501648
11.955013036727905
12.122581005096436
12.290145874023438
12.48862886428833
12.658680200576782
12.820261716842651
12.986830234527588
13.156880855560303
13.326442241668701
13.489021301269531
13.658076763153076
13.822650909423828
14.021132946014404
14.18769907951355
14.349772691726685
14.515343427658081
14.674426555633545
14.86892056465149
15.031494617462158
15.186098098754883
15.355152606964111
15.523717641830444
15.712229013442993
15.868318557739258
16.068795204162598
16.24234914779663
16.408915042877197
16.57498049736023
16.739551067352295
16.89415669441223
17.051244735717773
17.21582007408142
17.375900268554688
17.53249478340149
17.698063850402832
17.85315465927124
18.0047664642334
18.157864570617676
18.315454244613647
18.48052191734314
18.637115001678467
18.804194688796997
18.976250410079956
19.13784146308899
20.023423671722412
20.183507442474365
20.385988473892212
20.549572467803955
20.707176208496094
20.867257356643677
21.034833908081055
21.204404830932617
21.36648154258728
21.534064292907715
21.69465732574463
21.855738878250122
22.017329216003418
22.174421787261963
22.335017442703247
22.49760413169861
22.6576886177063
22.830251693725586
22.989338397979736
23.15391993522644
23.32049822807312
23.48058319091797
23.6391818523407
23.81074833869934
23.98080348968506
24.139402627944946
24.302987575531006
24.47304344177246
24.63264036178589
24.7957181930542
24.95830488204956
25.12289047241211
25.280978679656982
25.44257879257202
25.60915970802307
25.781211376190186
25.939813137054443
26.10289239883423
26.269468307495117
26.42906665802002
26.58516025543213
26.744757413864136
26.910335540771484
27.06742763519287
27.232008934020996
27.398077964782715
27.55667519569397
27.728240966796875
27.89530920982361
28.074853658676147
28.961172819137573
29.139718770980835
29.308781147003174
29.479350805282593
29.680843591690063
29.85539984703064
30.018988370895386
30.175081729888916
30.359612703323364
30.523200273513794
30.689269304275513
30.85485315322876
31.018439769744873
31.18351125717163
31.3451030254364
31.5031955242157
31.665781259536743
31.822386026382446
31.97947669029236
32.15004849433899
32.3061420917511
32.470725774765015
32.63132071495056
32.8183331489563
32.977927923202515
33.1385235786438
33.29761099815369
33.46319270133972
33.62977623939514
33.792853593826294
33.95145511627197
34.11951732635498
34.28510046005249
34.44769048690796
34.61575269699097
34.7803373336792
34.944921255111694
35.13643169403076
35.29252624511719
35.45810651779175
35.63565468788147
35.79773449897766
35.97827696800232
36.14585614204407
36.3089325428009
36.46653938293457
36.634116649627686
36.796194553375244
36.972747564315796
37.1363320350647
38.010422229766846
38.172014236450195
38.33210015296936
38.495686769485474
38.65727972984314
38.82235026359558
38.9839391708374
39.145529985427856
39.305612087249756
39.48615860939026
39.65572428703308
39.82877779006958
39.98338532447815
40.14896750450134
40.31603288650513
40.48859477043152
40.66315174102783
40.837202072143555
41.00078797340393
41.19030737876892
41.3608763217926
41.52395153045654
41.69153094291687
41.85511755943298
42.02118921279907
42.20571947097778
42.368309020996094
42.53737545013428
42.70994329452515
42.88051414489746
43.04259634017944
43.21116757392883
43.394700050354004
43.56427240371704
43.73732376098633
43.89891719818115
44.06848859786987
44.23455834388733
44.405125856399536
44.56871438026428
44.73777508735657
44.907344341278076
45.073928117752075
45.239006757736206
45.40857434272766
45.582136154174805
45.76068687438965
45.929747343063354
46.098323583602905
46.264904260635376
47.18508529663086
47.349159479141235
47.519726514816284
47.691293478012085
47.8598690032959
48.022947549819946
48.194512367248535
48.36508369445801
48.5331449508667
48.696736574172974
48.89622616767883
49.06379961967468
49.228869676589966
49.39844012260437
49.57698655128479
49.782464265823364
49.953521490097046
50.113117933273315
50.287676095962524
50.47719097137451
50.65024256706238
50.85372543334961
51.03326678276062
51.21979117393494
51.404322147369385
51.583866119384766
51.74295210838318
51.932472705841064
52.09805226325989
52.294548988342285
52.45962476730347
52.637173652648926
52.83965563774109
52.995264291763306
53.17780113220215
53.34386992454529
53.51244521141052
53.67304182052612
53.852075815200806
54.03960061073303
54.2051842212677
54.376749753952026
54.54880142211914
54.709396839141846
54.8859498500824
55.05201864242554
55.21660399436951
55.38018798828125
55.563212394714355
55.765695333480835
56.6778678894043
56.89781188964844
57.06687307357788
57.228463888168335
57.39604210853577
57.566099882125854
57.7830536365509
57.95011925697327
58.12667202949524
58.3012273311615
58.465304136276245
58.62290596961975
58.81043004989624
58.976497650146484
59.161027669906616
59.32960271835327
59.4931902885437
59.66324830055237
59.84179615974426
60.00737905502319
60.16746187210083
60.330050468444824
60.514583349227905
60.68663573265076
60.85620713233948
61.025776863098145
61.19634532928467
61.36740016937256
61.532984495162964
61.698567390441895
61.86563467979431
62.03121733665466
62.220736503601074
62.40127515792847
62.56834053993225
62.72793936729431
62.89301419258118
63.05660009384155
63.23514652252197
63.397735595703125
63.5618097782135
63.75033164024353
63.91990375518799
64.09594655036926
64.26252627372742
64.44207453727722
64.60366702079773
64.77372694015503
64.93931102752686
65.10888242721558
66.0373125076294
66.20389032363892
66.3649754524231
66.56745862960815
66.73902750015259
66.90460991859436
67.06868362426758
67.2402515411377
67.40233016014099
67.57090353965759
67.74347019195557
67.91803026199341
68.08210372924805
68.24968266487122
68.42623734474182
68.58831548690796
68.75689053535461
68.9244704246521
69.10999917984009
69.30100107192993
69.47057056427002
69.63615274429321
69.83963537216187
70.00370931625366
70.17128396034241
70.3368673324585
70.49794936180115
70.66153478622437
70.8520495891571
71.01463985443115
71.18170595169067
71.3492865562439
71.51486825942993
71.68492722511292
71.85051083564758
72.06196904182434
72.22655534744263
72.39262175559998
72.5751600265503
72.75769805908203
72.92128562927246
73.11878156661987
73.28584861755371
73.44644522666931
73.61850047111511
73.78807187080383
73.95265769958496
74.1232283115387
74.29627871513367
74.45687556266785
75.37339186668396
75.53398704528809
75.70703625679016
75.8796010017395
76.05116963386536
76.22122836112976
76.38381791114807
76.55139422416687
76.71447372436523
76.88205122947693
77.04763174057007
77.2226767539978
77.39025545120239
77.55783414840698
77.74535536766052
77.91940522193909
78.08398795127869
78.25057005882263
78.4116518497467
78.5782310962677
78.74082064628601
78.90589022636414
79.06449389457703
79.22358202934265
79.38317632675171
79.54177641868591
79.70485377311707
79.87342619895935
80.0335099697113
80.18911576271057
80.34871220588684
80.5097963809967
80.69034075737
80.84993720054626
81.01301145553589
81.17360663414001
81.3326940536499
81.49627876281738
81.657870054245
81.81396579742432
81.97655296325684
82.14113473892212
82.29822635650635
82.45782351493835
82.62189435958862
82.78049492835999
82.96003913879395
83.12810039520264
83.28271126747131
83.44530653953552
84.31910562515259
84.47670555114746
84.63678979873657
84.79439043998718
84.95897507667542
85.11706519126892
85.2806556224823
85.44373154640198
85.60232973098755
85.76292562484741
85.92201137542725
86.08160853385925
86.24368858337402
86.4102668762207
86.57385325431824
86.72795820236206
86.88257193565369
87.04066109657288
87.19926285743713
87.35387086868286
87.51296520233154
87.67456126213074
87.83165454864502
88.0092031955719
88.17079448699951
88.36529731750488
88.52338552474976
88.69594597816467
88.85953116416931
89.06201505661011
89.22908329963684
89.4215943813324
89.5831835269928
89.74526453018188
89.91682839393616
90.10933542251587
90.27092623710632
90.43100905418396
90.60955810546875
90.77114701271057
90.93023490905762
91.12673473358154
91.28932356834412
91.45938181877136
91.61698055267334
91.76959729194641
91.93167448043823
92.12917113304138
92.31470084190369
92.47529911994934
94.22865009307861
95.28147196769714
96.30389332771301
97.33326363563538
98.35165476799011
99.3491141796112
100.31567573547363
101.2687337398529
102.22031807899475
103.20182180404663
104.1848087310791
105.15832662582397
106.10093259811401
107.05897688865662
108.01953387260437
108.98056960105896
109.95707988739014
110.91962718963623
111.85074710845947
112.79682278633118
113.71298289299011
114.65658378601074
115.62061429023743
116.6315369606018
117.59456944465637
118.56210160255432
119.5336172580719
120.52358293533325
121.44923162460327
122.36439538002014
123.3125250339508
124.25314092636108
125.21417951583862
126.18968987464905
127.14375686645508
128.07539224624634
129.02953052520752
130.00704073905945
130.9291799068451
131.93062591552734
132.90514183044434
133.8796546459198
134.85565829277039
135.84622621536255
136.81376218795776
137.77380752563477
138.8136649131775
139.80812406539917
140.7846302986145
141.7845709323883
143.35566449165344
144.32219910621643
145.31369137763977
146.27773761749268
147.226331949234
148.16444659233093
149.08660292625427
150.02921867370605
150.98327445983887
151.9398491382599
152.914377450943
153.84550428390503
154.77662706375122
155.80600881576538
156.75859308242798
157.70268893241882
158.65129280090332
159.6387779712677
160.5918517112732
161.54743003845215
162.48255062103271
163.427636384964
164.37921595573425
165.36272311210632
166.3237750530243
167.2764081954956
168.24743962287903
169.2030212879181
170.14213013648987
171.1436152458191
172.09320950508118
173.04528307914734
173.98489904403687
174.8960883617401
175.82422256469727
176.8306758403778
177.7922327518463
178.78470730781555
179.80710768699646
180.84952402114868
181.80410861968994
182.7313106060028
183.69985127449036
184.70428848266602
185.7117302417755
186.69272828102112
187.68820214271545
188.6587462425232
189.64232325553894
190.58941268920898
192.1494641304016
193.13196277618408
194.09700465202332
195.0785357952118
196.03213334083557
196.9702467918396
197.90237736701965
198.83601927757263
199.81900882720947
200.813490152359
201.77106356620789
202.75056958198547
203.69167160987854
204.67318081855774
205.7424521446228
206.71000003814697
207.65661191940308
208.63760447502136
209.6320812702179
210.57069849967957
211.5277602672577
212.4449338912964
213.3945300579071
214.34960317611694
215.29820346832275
216.22833466529846
217.1564712524414
218.0901026725769
219.01225090026855
219.94537258148193
221.01419806480408
221.99571466445923
223.0021471977234
223.98963689804077
224.9736204147339
225.94016456604004
226.93563103675842
227.92711210250854
228.8941466808319
229.87065839767456
230.88307762145996
231.8356647491455
232.78175568580627
233.74929642677307
234.73279690742493
235.71481728553772
236.66341090202332
237.6025173664093
238.58702206611633
239.53663516044617
241.14058446884155
242.15101552009583
243.1494743824005
244.12847089767456
245.0750687122345
246.10843896865845
247.03957748413086
248.02906107902527
249.0015902519226
249.94968366622925
250.9272301197052
251.88380646705627
252.8568217754364
253.81240034103394
254.80088758468628
255.77042388916016
256.7494361400604
257.7508850097656
258.6865062713623
259.61065220832825
260.5497534275055
261.51730012893677
262.45241713523865
263.4169578552246
264.43536829948425
265.4009282588959
266.3924021720886
267.3305115699768
268.3050494194031
269.2381670475006
270.19522047042847
271.23908281326294
272.19913840293884
273.1756680011749
274.19607186317444
275.1845498085022
276.2069435119629
277.17248797416687
278.14602422714233
279.0970985889435
280.0397160053253
281.0257031917572
282.0241641998291
283.04507875442505
284.03404426574707
285.0195384025574
285.99207377433777
286.919207572937
287.8478605747223
288.7879681587219
290.42054772377014
291.4210684299469
292.3846879005432
293.3517506122589
294.31041264533997
295.24150252342224
296.2000801563263
297.1612150669098
298.12477445602417
299.04795718193054
299.9767141342163
300.9188163280487
301.86294436454773
302.81553411483765
303.7736294269562
304.7352104187012
305.69687509536743
306.6744775772095
307.6067032814026
308.5598294734955
309.55535554885864
310.51698422431946
311.4630837440491
312.39923214912415
313.47311997413635
314.4626386165619
315.4790663719177
316.4459571838379
317.4070568084717
318.43496346473694
319.4663436412811
320.43889141082764
321.41989254951477
322.3724834918976
323.3670482635498
324.3172492980957
325.2898151874542
326.23608207702637
327.21115350723267
328.18966269493103
329.16022872924805
330.10436034202576
331.1028780937195
332.0724973678589
332.98269176483154
333.9218647480011
334.88645458221436
335.82657766342163
336.7587354183197
337.7044653892517
339.29664611816406
340.25371956825256
341.2142996788025
342.1684763431549
343.1330785751343
344.06820917129517
345.0138795375824
345.97991609573364
346.97939682006836
347.9399561882019
348.9364733695984
349.9020345211029
350.8571689128876
351.88163709640503
352.8621747493744
353.88766646385193
354.8911542892456
355.88268876075745
356.83028388023376
357.8417241573334
358.8232727050781
359.8407826423645
360.8711664676666
361.86672949790955
362.8522620201111
363.82342982292175
364.77006673812866
365.73122572898865
366.71880412101746
367.6943361759186
368.71878480911255
369.6773829460144
370.60160398483276
371.55919766426086
372.5433270931244
373.55179715156555
374.565749168396
375.50884079933167
376.4674463272095
377.4265310764313
378.3831250667572
379.3382315635681
380.28094720840454
381.2421154975891
382.2127938270569
383.17086386680603
384.1663839817047
385.09802436828613
386.094496011734
387.04858899116516
388.67532110214233
389.64386510849
390.63937759399414
391.63189148902893
392.5810568332672
393.5217206478119
394.5017306804657
395.45238637924194
396.44188022613525
397.4265100955963
398.4279577732086
399.40004682540894
400.3832037448883
401.3978111743927
402.41424584388733
403.4137017726898
404.3712933063507
405.3608205318451
406.3189241886139
407.2585492134094
408.2156162261963
409.1952226161957
410.13832807540894
411.09593081474304
412.0360357761383
412.99559688568115
413.9601492881775
414.92325162887573
415.8808870315552
416.8200407028198
417.74818992614746
418.7267196178436
419.67036747932434
420.6445198059082
421.6050901412964
422.6065864562988
423.634135723114
424.66553139686584
425.6381461620331
426.5967164039612
427.5678083896637
428.59774684906006
429.5448398590088
430.5314280986786
431.5309638977051
432.50750064849854
433.46656107902527
434.43020033836365
435.3774528503418
436.3106424808502
437.92836904525757
438.88343334198
439.82603549957275
440.793155670166
441.7826795578003
442.74424409866333
443.7153046131134
444.7059509754181
445.7204644680023
446.6860113143921
447.6495931148529
448.56876015663147
449.5368206501007
450.5044300556183
451.5199146270752
452.4855375289917
453.4505777359009
454.40019392967224
455.34430742263794
456.3069670200348
457.3154468536377
458.29995560646057
459.2470495700836
460.2694482803345
461.2380049228668
462.2015678882599
463.1696116924286
464.13918447494507
465.1197028160095
466.09025049209595
467.10278248786926
468.0389015674591
468.99099946022034
469.9815135002136
470.96501564979553
471.92960000038147
472.90812945365906
473.8292906284332
474.8098249435425
475.7699089050293
476.73756670951843
477.69178915023804
478.66338062286377
479.5865354537964
480.53215074539185
481.52961444854736
482.47969126701355
483.4721736907959
484.4132752418518
485.4481728076935
487.05922055244446
487.9973421096802
488.9698820114136
489.9485194683075
490.8976695537567
491.87720012664795
492.84922099113464
493.91710019111633
494.8986909389496
495.91316843032837
496.9186363220215
497.88818311691284
498.8816659450531
499.8407254219055
500.7783784866333
501.7454047203064
502.709969997406
503.6560571193695
504.5782129764557
505.512850522995
506.4729518890381
507.4225425720215
508.362664937973
509.3202290534973
510.2654175758362
511.1965808868408
512.17111992836
513.1526672840118
514.1851887702942
515.1188552379608
516.109466791153
517.0924656391144
518.045049905777
518.9961569309235
519.9073297977448
520.865960597992
521.8170573711395
522.7408175468445
523.6629762649536
524.6325187683105
525.6125111579895
526.5401637554169
527.4812593460083
528.4698565006256
529.4379425048828
530.4728424549103
531.4703788757324
532.5018253326416
533.5022807121277
534.4548671245575
536.0859427452087
537.1184237003326
538.0976805686951
539.1132943630219
540.1128575801849
541.1014580726624
542.0596191883087
543.0082626342773
543.9583415985107
544.9189887046814
545.8730752468109
546.8356518745422
547.7777764797211
548.73335313797
549.6854250431061
550.6460294723511
551.6465229988098
552.6720685958862
553.6375706195831
554.6547048091888
555.5714659690857
556.5103361606598
557.4833903312683
558.4146633148193
559.3617391586304
560.3204109668732
561.2939364910126
562.260529756546
563.2371082305908
564.2101814746857
565.1647584438324
566.135415315628
567.1244733333588
568.0481467247009
568.9823107719421
569.9455256462097
570.9539666175842
571.9141511917114
572.9076550006866
573.9102182388306
574.9197611808777
575.9318332672119
576.8966906070709
577.8862788677216
578.8393545150757
579.8388183116913
580.7834186553955
581.72461104393
582.6872203350067
583.658349275589
585.3253636360168
586.2734637260437
587.2600555419922
588.2476854324341
589.2431845664978
590.271776676178
591.2878699302673
592.2480301856995
593.233598947525
594.1866638660431
595.1502950191498
596.0755643844604
597.018844127655
597.9939579963684
598.9984149932861
600.0059590339661
600.9595701694489
601.9640774726868
602.9665305614471
603.964996099472
604.9585464000702
605.9301054477692
606.907203912735
607.8747892379761
608.8188910484314
609.8124623298645
610.7976183891296
611.821608543396
612.7815299034119
613.7630853652954
614.7706356048584
615.7158243656158
616.6893637180328
617.6888344287872
618.6663527488708
619.64834856987
620.6170108318329
621.601514339447
622.6000800132751
623.5986568927765
624.5198080539703
625.4639258384705
626.4466211795807
627.3882486820221
628.3444347381592
629.3190422058105
630.3345911502838
631.3062424659729
632.2813329696655
633.2519133090973
634.9092757701874
635.8623616695404
636.8349411487579
637.8074769973755
638.7495799064636
639.6627926826477
640.6862013339996
641.7056229114532
642.68319439888
643.6747748851776
644.6413185596466
645.6053485870361
646.5549309253693
647.4770948886871
648.4935717582703
649.4591217041016
650.431654214859
651.390762090683
652.3394246101379
653.2685627937317
654.2266359329224
655.2161405086517
656.2026922702789
657.1483552455902
658.092452287674
659.034574508667
660.0200786590576
660.9552040100098
661.9456884860992
662.941171169281
663.958589553833
664.9685456752777
665.9266080856323
666.9101202487946
667.8926541805267
668.9160690307617
669.9614264965057
670.9489481449127
671.8915631771088
672.8476936817169
673.7903304100037
674.7234606742859
675.645610332489
676.6341059207916
677.6455507278442
678.6091034412384
679.6246056556702
680.5647301673889
681.5871329307556
682.6150441169739
684.2390105724335
685.2374882698059
686.1806206703186
687.1332130432129
688.0952894687653
689.079852104187
690.0404284000397
690.9795334339142
691.9206717014313
692.8483324050903
693.7984073162079
694.7510073184967
695.6941056251526
696.6322298049927
697.6137533187866
698.5962884426117
699.5503730773926
700.4870092868805
701.432115316391
702.3847274780273
703.3179013729095
704.2620089054108
705.1856853961945
706.1701853275299
707.1302740573883
708.0868480205536
709.0718591213226
710.0275106430054
710.9626429080963
711.8903074264526
712.8742971420288
713.8647742271423
714.8463304042816
715.8487586975098
716.8302798271179
717.7923295497894
718.7618799209595
719.7244539260864
720.6994819641113
721.6869940757751
722.6446175575256
723.6007151603699
724.5573077201843
725.4834625720978
726.4221301078796
727.3542511463165
728.3193109035492
729.2639503479004
730.2240104675293
731.1955459117889
732.8075566291809
733.7482256889343
734.6833786964417
735.6185443401337
736.6614255905151
737.619490146637
738.5630970001221
739.5072145462036
740.4433360099792
741.3969254493713
742.3585720062256
743.2657716274261
744.2208700180054
745.197455406189
746.1445436477661
747.0761861801147
748.0143029689789
748.9584007263184
749.9728662967682
750.9384412765503
751.9309344291687
752.948400259018
753.9408917427063
754.9034729003906
755.8854832649231
756.9043970108032
757.9537546634674
758.8888683319092
759.8464374542236
760.7985706329346
761.7521502971649
762.7087335586548
763.6558156013489
764.6383373737335
765.6084020137787
766.6183774471283
767.5855147838593
768.5470931529999
769.5131430625916
770.4737062454224
771.4018561840057
772.3753876686096
773.327478647232
774.2591183185577
775.2626824378967
776.2128040790558
777.2262706756592
778.1749103069305
779.1140289306641
780.0536422729492
781.4403829574585
781.5067942142487
781.5682406425476
781.6191201210022
781.6410758495331
781.6625499725342
781.6844925880432
781.7064309120178
781.7283790111542
781.7493476867676
781.7708775997162
781.7938168048859
781.8147592544556
781.8357019424438
781.8592000007629
781.8801777362823
781.9031205177307
781.9250574111938
781.9460377693176
781.9695558547974
781.99049949646
782.012439250946
782.0343840122223
782.0559148788452
782.0788795948029
782.099814414978
782.1221754550934
782.1451201438904
782.1666367053986
782.1885778903961
782.2115182876587
782.2334580421448
782.254403591156
782.277848482132
782.2997896671295
782.3217308521271
782.3436739444733
782.3661198616028
782.3870639801025
782.4100027084351
782.431943655014
782.4533026218414
782.4758603572845
782.4967849254608
782.5177302360535
782.5386877059937
782.5611667633057
782.5831089019775
782.6050612926483
782.6269953250885
783.2783875465393
783.3003323078156
783.3223614692688
783.3453028202057
783.3667516708374
783.3876962661743
783.4106342792511
783.4332022666931
783.4541840553284
783.4766275882721
783.4985618591309
783.5195307731628
783.5424554347992
783.5639069080353
783.5858528614044
783.606760263443
783.6287324428558
783.6496798992157
783.6710729598999
783.6940124034882
783.7149531841278
783.7358980178833
783.7583026885986
783.7802412509918
783.8011870384216
783.825119972229
783.8460922241211
783.8675494194031
783.8884963989258
783.9114398956299
783.933375120163
783.9543595314026
783.976676940918
783.9976286888123
784.0185716152191
784.0404744148254
784.0619864463806
784.0839529037476
784.1048738956451
784.1278128623962
784.1497914791107
784.1702754497528
784.1932146549225
784.215164899826
784.2351036071777
784.258579492569
784.2795608043671
784.3005092144012
784.3224701881409
784.3444261550903
