14.508843421936035
12.885046005249023
11.261250495910645
9.637453079223633
9.027993202209473
8.48672866821289
8.42702579498291
8.255874633789062
7.792823791503906
7.115434646606445
6.853141784667969
6.28740119934082
5.774659633636475
5.10579252243042
4.935797214508057
4.816455364227295
4.645326137542725
4.6299824714660645
4.490808486938477
4.145877838134766
3.626404047012329
3.2314321994781494
2.867928981781006
2.484916925430298
2.0847089290618896
1.7264716625213623
1.5198074579238892
1.1694573163986206
1.358658790588379
1.5310473442077637
1.6289077997207642
1.8700964450836182
1.7584584951400757
1.7642028331756592
1.728325366973877
1.7475627660751343
1.7113887071609497
1.623659610748291
1.4897339344024658
1.3143949508666992
1.2882672548294067
1.2705363035202026
1.396260380744934
1.4534927606582642
1.5026010274887085
1.4921553134918213
1.4915950298309326
1.4252119064331055
1.3680421113967896
1.2621842622756958
1.177517294883728
1.3120181560516357
1.330519437789917
1.3899989128112793
1.3892031908035278
1.4695502519607544
1.3389759063720703
1.2890197038650513
1.190271258354187
1.3311676979064941
1.3238691091537476
1.2986682653427124
1.3626717329025269
1.465886116027832
1.3149328231811523
1.214734435081482
1.3499819040298462
1.3035558462142944
1.255678415298462
1.536861777305603
1.5702627897262573
1.3558990955352783
1.4165050983428955
1.6490734815597534
1.7088062763214111
1.5245325565338135
1.2869142293930054
1.526599407196045
1.6642875671386719
1.5544630289077759
1.227500319480896
1.5285677909851074
1.765990972518921
1.7530344724655151
1.517959713935852
1.3102002143859863
1.4870189428329468
1.5663825273513794
1.4172412157058716
1.2222803831100464
1.5438474416732788
1.6591124534606934
1.5453838109970093
1.22779381275177
1.507642149925232
1.7405025959014893
1.7360352277755737
1.5199906826019287
1.3260983228683472
1.4324314594268799
1.5005074739456177
1.4856033325195312
1.45132315158844
1.3997561931610107
1.3362042903900146
1.3140134811401367
1.2886263132095337
1.2603663206100464
1.2295223474502563
1.2241326570510864
1.2591369152069092
1.2696213722229004
1.2581877708435059
1.2271754741668701
1.178660273551941
1.1529572010040283
1.1743985414505005
1.2008123397827148
1.2038581371307373
1.186003565788269
1.1494778394699097
1.147302269935608
1.1827237606048584
1.2005515098571777
1.196191430091858
1.1719785928726196
1.1544830799102783
1.1496729850769043
1.168300986289978
1.1648200750350952
1.1415518522262573
1.1458582878112793
1.1673800945281982
1.175608515739441
1.1629201173782349
1.1315054893493652
1.1530436277389526
1.1764042377471924
1.1775128841400146
1.1586822271347046
1.129534125328064
1.1529080867767334
1.1677212715148926
1.1612660884857178
1.1357523202896118
1.1432088613510132
1.1618233919143677
1.1589341163635254
1.1367685794830322
1.1390395164489746
26.299785614013672
25.79085350036621
25.10833740234375
24.326997756958008
23.493221282958984
22.668018341064453
21.88550567626953
21.12193489074707
20.328187942504883
19.502870559692383
18.65298080444336
17.791709899902344
16.942628860473633
16.12016487121582
15.319719314575195
14.565587997436523
13.910165786743164
13.306953430175781
12.730147361755371
12.17271900177002
11.634804725646973
11.131024360656738
10.665787696838379
10.21694278717041
9.775795936584473
9.334964752197266
8.890430450439453
8.449151039123535
8.021089553833008
7.605759143829346
7.218188285827637
6.875835418701172
6.557346343994141
6.2521233558654785
5.961337566375732
5.676581382751465
5.392726898193359
5.1141357421875
4.842233657836914
4.572975158691406
4.314188480377197
4.085875034332275
3.894871473312378
3.730217933654785
3.572932720184326
3.412599563598633
3.254819393157959
3.1059584617614746
2.954841136932373
2.8065810203552246
2.6667561531066895
2.541618824005127
2.436432361602783
2.33567214012146
2.236703872680664
2.138676404953003
2.037108898162842
1.9411855936050415
1.8696997165679932
1.843166470527649
1.8323341608047485
1.8247942924499512
1.8199061155319214
1.8179457187652588
1.816856861114502
1.8132777214050293
1.8050044775009155
1.7941585779190063
1.7807908058166504
1.7648564577102661
1.7458720207214355
1.7250823974609375
1.708165168762207
1.6927565336227417
1.6799366474151611
1.6720445156097412
1.6667368412017822
1.662398338317871
1.6567890644073486
1.6507375240325928
1.6451807022094727
1.6371371746063232
1.6271039247512817
1.6161187887191772
1.604904055595398
1.5951404571533203
1.587510585784912
1.586012363433838
1.5857969522476196
1.586925745010376
1.5870859622955322
1.5867207050323486
1.5854041576385498
1.5834553241729736
1.581456184387207
1.580605387687683
1.5776249170303345
1.5771571397781372
1.5762012004852295
1.5747431516647339
1.5731446743011475
1.5717169046401978
1.5705087184906006
1.569749116897583
1.5698598623275757
1.5706480741500854
1.569648265838623
1.5686731338500977
1.5679357051849365
1.5672507286071777
1.5683691501617432
1.5677909851074219
1.5681618452072144
1.5685093402862549
1.5682475566864014
1.567500114440918
1.5666930675506592
1.5656492710113525
1.5657676458358765
1.5658578872680664
1.5656607151031494
1.5657973289489746
1.5665844678878784
1.565056562423706
1.5657367706298828
1.566358208656311
1.5647211074829102
1.5652726888656616
1.566197395324707
1.5648393630981445
1.5658563375473022
1.5667681694030762
1.5664929151535034
1.5656415224075317
1.5646462440490723
1.566501259803772
1.5667895078659058
1.5646923780441284
1.5640507936477661
1.5655121803283691
1.5646685361862183
1.5627682209014893
1.563118815422058
1.5629355907440186
1.5628457069396973
1.5626097917556763
1.5625438690185547
1.5621699094772339
1.5627920627593994
1.5620262622833252
1.563004732131958
1.562886357307434
1.5625566244125366
1.562042474746704
1.5618574619293213
1.5622000694274902
1.562286138534546
1.562159538269043
1.561830759048462
1.5615861415863037
1.5617717504501343
1.5617178678512573
1.5614540576934814
1.5616521835327148
1.5617872476577759
1.561705231666565
1.561479926109314
1.5613820552825928
1.5615864992141724
1.5616278648376465
1.5614463090896606
1.5612322092056274
1.5614038705825806
1.5614087581634521
1.5612106323242188
1.561240792274475
1.5613350868225098
1.5612108707427979
1.5610265731811523
1.561068058013916
1.5609216690063477
1.5609443187713623
1.5609526634216309
1.5609614849090576
1.5609420537948608
1.560835361480713
1.5610015392303467
1.560973048210144
1.560743808746338
1.5608857870101929
1.5608792304992676
1.5606740713119507
1.5608956813812256
1.5609872341156006
1.5608608722686768
1.5606677532196045
1.56069815158844
1.5607692003250122
1.560667634010315
1.5604926347732544
1.5607314109802246
1.5607774257659912
1.5606040954589844
1.5604305267333984
1.5605132579803467
1.560383915901184
1.5604645013809204
1.560498833656311
1.5603203773498535
1.5602704286575317
1.5602151155471802
1.5602757930755615
1.5602365732192993
1.5602679252624512
1.5602911710739136
1.560267448425293
1.5601900815963745
1.560075044631958
1.5602304935455322
1.5602062940597534
1.5600147247314453
1.5601027011871338
1.5601027011871338
1.5599052906036377
1.5601274967193604
1.5602190494537354
1.560086727142334
1.5597667694091797
1.5601550340652466
1.5603504180908203
1.5603241920471191
1.560101866722107
1.559802532196045
1.5598804950714111
1.5600093603134155
1.5599119663238525
1.559672236442566
1.5596758127212524
1.5596535205841064
1.5595465898513794
1.559489369392395
1.5594816207885742
1.5595532655715942
1.5594463348388672
1.5595614910125732
1.5595810413360596
1.5593883991241455
1.5593998432159424
1.5593544244766235
1.5593100786209106
1.5593278408050537
1.559328317642212
1.5593898296356201
1.5592983961105347
1.5592730045318604
1.55922269821167
1.5593609809875488
1.5593461990356445
1.5593600273132324
1.5594024658203125
1.5593456029891968
1.559243083000183
1.5593632459640503
1.559330701828003
1.5593469142913818
1.5593150854110718
1.5593827962875366
1.5593390464782715
1.5592931509017944
1.5593652725219727
1.5593209266662598
1.5592234134674072
1.5592386722564697
1.5592536926269531
1.5592269897460938
1.5592960119247437
1.5592894554138184
1.5592026710510254
1.5591843128204346
1.5592944622039795
1.5592767000198364
1.559229850769043
1.5593196153640747
1.559248685836792
1.5592467784881592
1.5592764616012573
1.5592067241668701
1.5592169761657715
1.5591627359390259
1.5592632293701172
1.5591964721679688
1.5592952966690063
1.5593383312225342
1.5592057704925537
1.559190273284912
1.559145212173462
1.559226155281067
1.559253215789795
1.559253215789795
1.5592108964920044
1.5593452453613281
1.5592942237854004
1.5591520071029663
1.559268832206726
1.5592269897460938
1.5591894388198853
1.5593347549438477
1.5592677593231201
1.5591392517089844
1.5591685771942139
1.5591247081756592
1.559114694595337
1.559103012084961
1.559136986732483
1.559126615524292
1.5590996742248535
1.559070110321045
1.5591164827346802
1.5591307878494263
1.5592825412750244
1.5592337846755981
1.5592159032821655
1.5592490434646606
1.5592775344848633
1.559174656867981
1.5590755939483643
1.5592442750930786
1.559228539466858
1.5592155456542969
1.559337854385376
1.5593678951263428
1.5592081546783447
1.5592811107635498
1.5594635009765625
1.559475064277649
1.5592877864837646
1.55909264087677
1.5592098236083984
1.559138536453247
1.5591137409210205
1.5591344833374023
1.5590845346450806
1.5591237545013428
1.559146761894226
1.5590541362762451
1.5591883659362793
1.5591756105422974
1.5589983463287354
1.5589909553527832
1.5591644048690796
144.06410217285156
137.7080841064453
131.671630859375
126.56048583984375
121.54559326171875
116.31916809082031
111.69871520996094
106.92779541015625
102.13702392578125
98.1622314453125
94.91788482666016
91.32898712158203
87.98616790771484
84.49689483642578
80.69253540039062
76.97091674804688
73.61465454101562
70.99232482910156
69.18316650390625
67.11128234863281
65.23885345458984
63.13243865966797
60.74995422363281
58.439231872558594
56.047664642333984
53.84781265258789
52.01333236694336
49.83329391479492
47.21844482421875
44.78514099121094
42.868412017822266
41.10618591308594
39.268192291259766
37.2842903137207
35.44953155517578
33.67937469482422
31.747739791870117
30.01821517944336
28.049823760986328
26.107234954833984
24.44371223449707
22.838520050048828
21.25722885131836
19.51082992553711
17.800891876220703
16.147363662719727
14.424698829650879
12.85557746887207
11.451881408691406
10.106483459472656
8.551807403564453
6.7276506423950195
5.422425270080566
4.7409987449646
4.624813079833984
4.93711519241333
5.281827926635742
5.5578389167785645
5.6035685539245605
5.73533821105957
5.861635208129883
6.2396240234375
6.55513334274292
6.583034515380859
6.512680530548096
6.192502975463867
5.984005928039551
5.991058826446533
5.806219100952148
5.729825496673584
5.709568500518799
5.463668346405029
5.0981903076171875
4.83975887298584
4.880232810974121
4.9674177169799805
4.781096935272217
4.580305099487305
4.20997428894043
4.080593585968018
4.26877498626709
4.273881435394287
4.251225471496582
4.126454830169678
3.998612880706787
4.003021240234375
4.072873592376709
4.032224178314209
3.8641982078552246
3.8774006366729736
4.015958786010742
3.9530246257781982
3.908626079559326
3.9000725746154785
3.8753881454467773
3.918574571609497
3.866744041442871
3.7771100997924805
3.682884931564331
3.749920129776001
3.8348474502563477
3.9321837425231934
3.873581886291504
3.7544875144958496
3.785108804702759
3.8035683631896973
3.739349126815796
3.673637628555298
3.6704459190368652
3.7676305770874023
3.7995152473449707
3.6925110816955566
3.66854190826416
3.6147208213806152
3.656459093093872
3.5983638763427734
3.584501266479492
3.6343462467193604
3.5237584114074707
3.6159372329711914
3.6971755027770996
3.675196409225464
3.7104010581970215
3.6453890800476074
3.6369757652282715
3.623720169067383
3.560457468032837
3.5047388076782227
3.6676652431488037
3.8653268814086914
3.6712372303009033
3.5991904735565186
3.6944565773010254
3.685204029083252
3.7830467224121094
3.8561582565307617
3.7012622356414795
3.707124710083008
3.6181235313415527
3.7104480266571045
3.8163743019104004
3.650493621826172
3.5245869159698486
3.5153777599334717
3.677964687347412
3.714291572570801
3.558783531188965
3.532320022583008
3.441530704498291
3.5471339225769043
13.536022186279297
13.500675201416016
13.469406127929688
13.444665908813477
13.421268463134766
13.398713111877441
13.39383602142334
13.391387939453125
13.390186309814453
13.389862060546875
13.387207984924316
13.386659622192383
13.382250785827637
13.37127685546875
13.35533618927002
13.342185974121094
13.335412979125977
13.325971603393555
13.312917709350586
13.308079719543457
13.29670524597168
13.27729606628418
13.263437271118164
13.247596740722656
13.237015724182129
13.219498634338379
13.211135864257812
13.20788288116455
13.204825401306152
13.19570541381836
13.198382377624512
13.203962326049805
13.210983276367188
13.211347579956055
13.219501495361328
13.226645469665527
13.23853874206543
13.244312286376953
13.248329162597656
13.251468658447266
13.255393028259277
13.254963874816895
13.257959365844727
13.257078170776367
13.260625839233398
13.266688346862793
13.269123077392578
13.270926475524902
13.276399612426758
13.27836799621582
13.285569190979004
13.284501075744629
13.286420822143555
13.28703498840332
13.292315483093262
13.29748249053955
13.30197811126709
13.301612854003906
13.304500579833984
13.308684349060059
13.309999465942383
13.309377670288086
13.316375732421875
13.315094947814941
13.314889907836914
13.317091941833496
13.320517539978027
13.323064804077148
13.322900772094727
13.323503494262695
13.323915481567383
13.324481964111328
13.324217796325684
13.324029922485352
13.326386451721191
13.325374603271484
13.324254989624023
13.325029373168945
13.326663970947266
13.326266288757324
13.326827049255371
13.327259063720703
13.327508926391602
13.330276489257812
13.329355239868164
13.331023216247559
13.332178115844727
13.330820083618164
13.330102920532227
13.32874870300293
13.333041191101074
13.332521438598633
13.333654403686523
13.337408065795898
13.33814811706543
13.33846664428711
13.337495803833008
13.337013244628906
13.33828067779541
13.33749008178711
13.336872100830078
13.335460662841797
13.335142135620117
13.335025787353516
13.336421966552734
13.337190628051758
13.33977222442627
13.341325759887695
13.341243743896484
13.342411041259766
13.34091567993164
13.340591430664062
13.340675354003906
13.34218978881836
13.342351913452148
13.341972351074219
13.342292785644531
13.34191608428955
13.340265274047852
13.338383674621582
13.335206031799316
13.334587097167969
13.334254264831543
13.333858489990234
13.33409595489502
13.33454418182373
13.33487319946289
13.335077285766602
13.334013938903809
13.333696365356445
13.333329200744629
13.332935333251953
13.331026077270508
13.330639839172363
13.331083297729492
13.332286834716797
13.330362319946289
13.331937789916992
13.331571578979492
13.330942153930664
13.33215618133545
13.331766128540039
13.329462051391602
13.329837799072266
13.329477310180664
13.329115867614746
13.328533172607422
13.32813549041748
13.327836990356445
13.327547073364258
13.327728271484375
13.027365684509277
12.739920616149902
12.465733528137207
12.230941772460938
12.021615982055664
11.82888412475586
11.630524635314941
11.435741424560547
11.237319946289062
11.041487693786621
10.848466873168945
10.66640853881836
10.473111152648926
10.272323608398438
10.064186096191406
9.868308067321777
9.670125961303711
9.477792739868164
9.285892486572266
9.103779792785645
8.910318374633789
8.713088989257812
8.527052879333496
8.358230590820312
8.196568489074707
8.04179859161377
7.900879859924316
7.7721967697143555
7.665000915527344
7.561811923980713
7.456855297088623
7.3720703125
7.28560733795166
7.204087734222412
7.15024471282959
7.105326175689697
7.0666279792785645
7.044921398162842
7.029881954193115
7.000275135040283
6.978487014770508
6.942926406860352
6.914826393127441
6.890650749206543
6.857699394226074
6.840858459472656
6.824612617492676
6.800766944885254
6.775826454162598
6.739185333251953
6.703095436096191
6.673174858093262
6.645146369934082
6.623378753662109
6.610098361968994
6.598304271697998
6.588987827301025
6.570347309112549
6.547478199005127
6.531548023223877
6.5200886726379395
6.506368637084961
6.490749835968018
6.483097553253174
6.47012996673584
6.455329895019531
6.443624019622803
6.430827617645264
6.424350738525391
6.415246486663818
6.405876159667969
6.402892112731934
6.394537925720215
6.3876752853393555
6.379007816314697
6.363358497619629
6.3530707359313965
6.3426899909973145
6.32818603515625
6.3190765380859375
6.312566757202148
6.307757377624512
6.30077600479126
6.2952728271484375
6.300817966461182
6.2998151779174805
6.296151638031006
6.287134170532227
6.281001091003418
6.274318695068359
6.272097110748291
6.270300388336182
6.269579887390137
6.27290153503418
6.26396369934082
6.26718807220459
6.268062591552734
6.267736911773682
6.262692451477051
6.261168003082275
6.260590553283691
6.257460117340088
6.2548041343688965
6.2563700675964355
6.256337642669678
6.25048828125
6.2377519607543945
6.231560707092285
6.2272186279296875
6.20756196975708
6.194538116455078
6.189118385314941
6.182968616485596
6.176836967468262
6.163690567016602
6.161014556884766
6.16077184677124
6.158486366271973
6.1546735763549805
6.150760650634766
6.148974418640137
6.142593860626221
6.139523029327393
6.134961128234863
6.132248401641846
6.133770942687988
6.124507427215576
6.125858306884766
6.124850273132324
6.126952171325684
6.118589878082275
6.115921974182129
6.10828971862793
6.106809616088867
6.102311134338379
6.093672275543213
6.093547344207764
6.0862321853637695
6.078660011291504
6.078571319580078
6.076371669769287
6.0738372802734375
6.065190315246582
6.059499263763428
6.051723003387451
6.047243595123291
6.042596817016602
6.030859470367432
6.026407241821289
6.022150039672852
6.030874729156494
6.0365800857543945
6.036147594451904
6.039760112762451
6.03612756729126
6.031357765197754
6.02925443649292
6.0238871574401855
6.013310432434082
6.007711410522461
6.006946086883545
6.0026445388793945
6.003268718719482
6.000134468078613
5.999898433685303
6.000802993774414
5.993487358093262
5.984955787658691
5.9800705909729
5.986453056335449
5.982885837554932
5.976515293121338
5.970277786254883
5.969707489013672
5.965109825134277
5.9646124839782715
5.96532678604126
5.967997074127197
5.968624591827393
5.968130588531494
5.970184326171875
5.964639663696289
5.961556434631348
5.965698719024658
5.965038299560547
5.965864658355713
5.965384006500244
5.969177722930908
5.965642929077148
5.968906402587891
5.970709800720215
5.972266674041748
5.9700164794921875
5.970305919647217
5.966999053955078
5.9647536277771
5.963463306427002
5.960467338562012
5.9554219245910645
5.963180065155029
5.960129261016846
5.956222057342529
5.951199531555176
5.94634485244751
5.947037220001221
5.936243057250977
5.931103706359863
5.930265426635742
5.925426959991455
5.925198554992676
5.9233198165893555
5.925313949584961
5.9243011474609375
5.921179294586182
5.9247846603393555
5.927584648132324
5.933224201202393
5.935821533203125
5.936916351318359
5.9379801750183105
5.934675216674805
5.931399345397949
5.931175708770752
5.928610324859619
5.929344654083252
5.927828788757324
5.92514181137085
5.9253010749816895
5.9236979484558105
5.925588130950928
5.927715301513672
5.928828716278076
5.934755325317383
5.93746280670166
5.93680477142334
5.935972213745117
5.936689853668213
5.936901569366455
5.934990882873535
5.932977676391602
5.929001808166504
5.931225299835205
5.925567150115967
5.922001361846924
5.9173808097839355
5.916388511657715
5.915173530578613
5.912869930267334
5.912688732147217
5.9165568351745605
5.915951728820801
5.916545867919922
5.9149088859558105
5.917259216308594
5.916971206665039
5.916880130767822
5.915610313415527
5.917387008666992
5.917182445526123
5.913621425628662
5.911301136016846
5.912787914276123
5.908848762512207
5.909292221069336
5.908694744110107
5.913410663604736
5.910307884216309
5.909971714019775
5.91061544418335
5.908433437347412
5.910623073577881
5.912903785705566
5.91256856918335
5.9122724533081055
5.914586544036865
5.909440994262695
5.9036335945129395
5.903979301452637
5.906770706176758
5.905570983886719
5.905837535858154
5.908060073852539
5.910067081451416
5.905617713928223
5.905213356018066
5.8976969718933105
5.895962715148926
5.893420696258545
5.8954386711120605
5.894824981689453
5.893166542053223
5.890904903411865
5.892292499542236
5.89483642578125
5.89807653427124
5.89938497543335
5.901094436645508
5.901132106781006
5.901248455047607
5.900401592254639
5.899183750152588
5.897852897644043
5.898183822631836
5.896780967712402
5.899582862854004
5.896535873413086
5.894563674926758
5.895132064819336
5.892152786254883
5.8924665451049805
5.89223575592041
5.890305995941162
5.885457992553711
5.882072448730469
5.883251667022705
5.884030818939209
5.8862996101379395
5.887302398681641
5.885558605194092
5.884607315063477
5.885176181793213
5.886102676391602
5.886302947998047
5.88376522064209
5.883688926696777
5.88371467590332
5.882870674133301
5.880681991577148
5.880201816558838
5.880194187164307
5.879967212677002
5.874812126159668
5.870194911956787
5.868771076202393
5.875428199768066
5.875950813293457
5.872176170349121
5.8697710037231445
5.869836807250977
5.867895126342773
5.864214897155762
5.863069534301758
5.863643646240234
5.866758823394775
5.86732292175293
5.865053653717041
5.864510536193848
5.8640522956848145
5.862823963165283
5.862765312194824
5.86143684387207
5.860084056854248
5.8612823486328125
5.861894607543945
5.864017963409424
5.865077495574951
5.864656925201416
5.866385459899902
5.8668389320373535
5.866227626800537
5.864241123199463
5.866618633270264
5.865368843078613
5.863820552825928
5.863000869750977
5.860985279083252
5.861222267150879
5.8627448081970215
5.862424373626709
5.85935115814209
5.855673789978027
5.854602336883545
5.8581109046936035
5.856806755065918
5.8576178550720215
5.858148574829102
5.854532241821289
5.853191375732422
5.8521013259887695
5.852559566497803
5.8542327880859375
5.855732440948486
5.8541412353515625
5.849148273468018
5.845305442810059
5.834896087646484
5.817684173583984
5.806690692901611
5.803173542022705
5.802484035491943
5.802089691162109
5.7987751960754395
5.796614170074463
5.798008918762207
5.7985520362854
5.797656059265137
5.802402496337891
5.796664237976074
5.791740894317627
0.7969545125961304
0.7886940240859985
0.7823994159698486
0.7772581577301025
0.7728773951530457
0.7688438296318054
0.7652193307876587
0.7620497345924377
0.7588571906089783
0.7557042241096497
0.7527018189430237
0.7498980164527893
0.747177004814148
0.7447893023490906
0.7425781488418579
0.7403955459594727
0.738304615020752
0.7363553047180176
0.7347685694694519
0.7336813807487488
0.7335824966430664
0.7337211966514587
0.7335507869720459
0.733331561088562
0.7330244779586792
0.7327778339385986
0.7325665950775146
0.7323290705680847
0.7321093678474426
0.731893002986908
0.7317533493041992
0.7317352890968323
0.7317754030227661
0.7318074107170105
0.7317960858345032
0.7317143082618713
0.7316094040870667
0.7315037250518799
0.7314010858535767
0.7313465476036072
0.7313198447227478
0.7312828302383423
0.7312749624252319
0.7312999367713928
0.7312728762626648
0.7312175631523132
0.7311732769012451
0.7311173677444458
0.7310848236083984
0.731083869934082
0.7311108112335205
0.7311192750930786
0.7310688495635986
0.7310417294502258
0.7310184836387634
0.7310126423835754
0.7310075163841248
0.7310061454772949
0.7310038805007935
0.7309984564781189
0.730974555015564
0.7309683561325073
0.7309960722923279
0.7310088872909546
0.7310025691986084
0.7309796810150146
0.7309505939483643
0.7309539914131165
0.7309914231300354
0.7309980988502502
0.7309685945510864
0.7309378981590271
0.7309077978134155
0.7309311032295227
0.7309553623199463
0.7309585213661194
0.7309476733207703
0.7309092283248901
0.7309017181396484
0.730944812297821
0.7309408783912659
0.7309206128120422
0.7309297323226929
0.730944037437439
0.7309234142303467
0.7309284806251526
0.7309383749961853
0.7309402227401733
0.7309585809707642
0.7309496402740479
0.7309220433235168
0.730929970741272
0.7309391498565674
0.7309633493423462
0.7309627532958984
0.7309322953224182
0.7309111952781677
0.7309362292289734
0.7309635877609253
0.7309510707855225
