15.623956680297852
15.082693099975586
14.541426658630371
14.000162124633789
13.458895683288574
12.917632102966309
12.376364707946777
11.835097312927246
11.29383373260498
10.752570152282715
10.211302757263184
9.670036315917969
9.128772735595703
8.587508201599121
8.046241760253906
7.504974842071533
6.963711261749268
6.422447204589844
5.881180763244629
5.660384178161621
5.529894828796387
5.0953826904296875
4.43418550491333
4.262938499450684
4.085768222808838
4.135159492492676
4.279989719390869
4.084537029266357
3.6207714080810547
3.730825424194336
4.0422892570495605
4.266566753387451
4.222024440765381
4.245186805725098
4.210295677185059
4.123465061187744
3.990142822265625
3.8151838779449463
3.602912187576294
3.7886478900909424
3.8108625411987305
3.5779080390930176
3.356894016265869
3.7648162841796875
3.926365852355957
3.824662446975708
3.5674221515655518
3.6276438236236572
3.6273367404937744
3.572619676589966
3.4720025062561035
3.3214011192321777
3.412903070449829
3.4039416313171387
3.4522018432617188
3.4413299560546875
3.386584758758545
3.373900890350342
3.316614866256714
3.2813422679901123
3.3616058826446533
3.3453948497772217
3.373140811920166
3.396876811981201
3.3717923164367676
3.3427021503448486
3.35770320892334
3.2883458137512207
3.394282579421997
3.347534656524658
3.320127010345459
3.297980785369873
3.248352527618408
3.274665117263794
3.3094427585601807
3.291591167449951
3.3201792240142822
3.399790048599243
3.249368906021118
3.544827461242676
3.641907215118408
3.4975013732910156
3.320277452468872
3.6629981994628906
3.7720463275909424
3.642470359802246
3.3012874126434326
3.6517879962921143
3.902061939239502
3.9046905040740967
3.687161922454834
3.2739081382751465
3.737560749053955
4.047135353088379
4.109286308288574
3.9509706497192383
3.5962066650390625
3.3577940464019775
3.621406078338623
3.6474666595458984
3.4615299701690674
3.424020767211914
3.369628667831421
3.3001773357391357
3.2291808128356934
3.2763712406158447
3.318033456802368
3.3348448276519775
3.3294460773468018
3.304190158843994
3.261192798614502
3.2218732833862305
3.2544829845428467
3.2636008262634277
3.2517008781433105
3.222618341445923
3.2363674640655518
3.2460861206054688
3.234823703765869
3.219426393508911
3.226498603820801
3.2166175842285156
3.217966079711914
3.220029830932617
3.2141857147216797
3.2237133979797363
3.2149336338043213
3.2229058742523193
3.2151899337768555
3.235729694366455
3.239973545074463
3.2240800857543945
3.234060764312744
3.244929790496826
3.235114336013794
3.2220118045806885
3.2484331130981445
3.2567315101623535
3.2446794509887695
3.2143898010253906
3.2564618587493896
3.2789549827575684
3.2797939777374268
3.261213779449463
3.2252185344696045
3.2505922317504883
3.2777347564697266
3.2829203605651855
3.26841402053833
3.2362422943115234
35.828025817871094
35.26544189453125
34.506134033203125
33.607601165771484
32.620201110839844
31.573976516723633
30.475980758666992
29.339813232421875
28.1773681640625
27.000141143798828
25.80935287475586
24.605566024780273
23.39623260498047
22.18943977355957
20.990276336669922
19.866167068481445
18.825157165527344
17.82748794555664
16.85445785522461
15.902278900146484
14.989157676696777
14.262578964233398
13.67562198638916
13.150128364562988
12.65001392364502
12.16158676147461
11.679258346557617
11.206113815307617
10.7568359375
10.315742492675781
9.87179946899414
9.424660682678223
8.963828086853027
8.488075256347656
7.999128818511963
7.534862518310547
7.163495063781738
6.86966609954834
6.630990028381348
6.477606296539307
6.357089519500732
6.221322059631348
6.066706657409668
5.887631416320801
5.6847357749938965
5.4678449630737305
5.275794982910156
5.136194705963135
5.036229133605957
4.947134017944336
4.846958160400391
4.728024959564209
4.593782424926758
4.45463752746582
4.330815315246582
4.235325813293457
4.161585330963135
4.124269485473633
4.116916179656982
4.093518257141113
4.053565502166748
4.012028694152832
3.9801437854766846
3.9584245681762695
3.940694570541382
3.9311251640319824
3.9152181148529053
3.893927574157715
3.8709828853607178
3.851633071899414
3.833209753036499
3.815112590789795
3.8000099658966064
3.786756753921509
3.7735531330108643
3.7682528495788574
3.762655735015869
3.7548632621765137
3.7471556663513184
3.737293004989624
3.7300751209259033
3.7231099605560303
3.7165727615356445
3.711787223815918
3.711153030395508
3.714277982711792
3.7163453102111816
3.7140300273895264
3.7077198028564453
3.7030436992645264
3.699799060821533
3.6945295333862305
3.6898233890533447
3.68886137008667
3.688042402267456
3.6872198581695557
3.690187454223633
3.6912269592285156
3.6897828578948975
3.6862399578094482
3.68830943107605
3.688537836074829
3.686216115951538
3.682363748550415
3.6848154067993164
3.685837984085083
3.6847352981567383
3.6818182468414307
3.679208755493164
3.6821117401123047
3.682694435119629
3.680943012237549
3.6803088188171387
3.681523561477661
3.6804821491241455
3.6783337593078613
3.6782822608947754
3.6776137351989746
3.6773552894592285
3.676842212677002
3.6784021854400635
3.67830228805542
3.6769371032714844
3.677025079727173
3.6769371032714844
3.6766550540924072
3.676933765411377
3.676288366317749
3.6773784160614014
3.677183151245117
3.675978899002075
3.6783037185668945
3.6787874698638916
3.677500009536743
3.6758670806884766
3.677520275115967
3.6770544052124023
3.675431489944458
3.675758123397827
3.67525315284729
3.675718069076538
3.675208806991577
3.674795389175415
3.6765880584716797
3.6763014793395996
3.67484712600708
3.674983501434326
3.675135612487793
3.675654888153076
3.6746647357940674
3.6759698390960693
3.675950050354004
3.6757524013519287
3.675403356552124
3.674917221069336
3.674314022064209
3.6742777824401855
3.674711227416992
3.6750311851501465
3.675079107284546
3.6748833656311035
3.6744701862335205
3.6741058826446533
3.6739461421966553
3.674211263656616
3.6742682456970215
3.6741485595703125
3.6738686561584473
3.673909902572632
3.6739845275878906
3.674041986465454
3.67399525642395
3.6738085746765137
3.6736361980438232
3.6736645698547363
3.673755168914795
3.673668384552002
3.6734182834625244
3.6736183166503906
3.6737606525421143
3.673652410507202
3.6733217239379883
3.6735408306121826
3.6737325191497803
3.6737313270568848
3.6735639572143555
3.6732466220855713
3.673353672027588
3.673541784286499
3.6734774112701416
3.673269748687744
3.673147678375244
3.6732635498046875
3.6733462810516357
3.6732516288757324
3.6730003356933594
3.6730966567993164
3.673337936401367
3.6733672618865967
3.673166036605835
3.672901153564453
3.673030376434326
3.673168420791626
3.6731276512145996
3.6729228496551514
3.672736167907715
3.672900438308716
3.67289400100708
3.672657012939453
3.6727776527404785
3.6729073524475098
3.672860622406006
3.6726467609405518
3.6725893020629883
3.6727962493896484
3.6727919578552246
3.672553062438965
3.672483444213867
3.6726112365722656
3.672560930252075
3.6723947525024414
3.672407388687134
3.672365427017212
3.672274351119995
3.6723039150238037
3.672233819961548
3.672212600708008
3.672306776046753
3.6721866130828857
3.672231912612915
3.6722733974456787
3.6721489429473877
3.6721506118774414
3.67223858833313
3.6721694469451904
3.6720893383026123
3.671963691711426
3.672142267227173
3.6721560955047607
3.672002077102661
3.671975612640381
3.6720376014709473
3.671912670135498
3.6718685626983643
3.6717772483825684
3.6717658042907715
3.6717679500579834
3.6717581748962402
3.671747922897339
3.671717643737793
3.6717629432678223
3.671680450439453
3.6717395782470703
3.6718544960021973
3.6717894077301025
3.671603202819824
3.671781539916992
3.6717731952667236
3.671600103378296
3.6718876361846924
3.6719985008239746
3.671863555908203
3.6715798377990723
3.67189884185791
3.6720261573791504
3.6719777584075928
3.6717700958251953
3.6716647148132324
3.6718027591705322
3.671699047088623
3.671626567840576
3.671694755554199
3.6716537475585938
3.671659231185913
3.6716256141662598
3.671644926071167
3.671617031097412
3.6715428829193115
3.671621322631836
3.671682834625244
3.67167329788208
3.6716251373291016
3.671614170074463
3.671581745147705
3.6716206073760986
3.67163348197937
3.671682357788086
3.671722888946533
3.67170786857605
3.6716432571411133
3.6716434955596924
3.671607732772827
3.671564817428589
3.6715567111968994
3.671623945236206
3.6716418266296387
3.6715095043182373
3.671661138534546
3.671604633331299
3.6715564727783203
3.6715903282165527
3.6716346740722656
3.6716654300689697
3.671640634536743
3.671567916870117
3.6716628074645996
3.6716370582580566
3.671464681625366
3.6715779304504395
3.6714885234832764
3.6715035438537598
3.6715071201324463
3.6715292930603027
3.6715054512023926
3.671492099761963
3.67153000831604
3.671501874923706
3.671489715576172
3.671527147293091
3.6715028285980225
3.6715569496154785
3.6715240478515625
3.671548843383789
3.67157244682312
3.6714351177215576
3.671581745147705
3.6715266704559326
3.6715173721313477
3.671552896499634
3.671494245529175
3.6715097427368164
3.6714651584625244
3.671485662460327
3.671433687210083
3.671534538269043
3.671424388885498
3.6716413497924805
3.671718120574951
3.6716184616088867
3.6714389324188232
3.671555519104004
3.6714916229248047
3.671494722366333
3.6715428829193115
3.671436309814453
3.671442985534668
3.671417713165283
3.6714468002319336
3.6713712215423584
3.671492576599121
147.7998046875
132.9542694091797
118.02832794189453
103.1474609375
88.92718505859375
78.18194580078125
68.73506927490234
60.38710403442383
51.76502227783203
46.00759506225586
39.808284759521484
34.031227111816406
28.184612274169922
25.517669677734375
23.91427993774414
20.8409366607666
18.143712997436523
16.09296417236328
13.95827579498291
13.317136764526367
12.776223182678223
12.018280029296875
11.524365425109863
12.743945121765137
14.093976974487305
14.026622772216797
12.53660774230957
11.292710304260254
10.2711763381958
8.772299766540527
7.480759620666504
6.7970290184021
6.203420639038086
5.587719917297363
5.278558731079102
5.233526229858398
5.401460647583008
5.370289325714111
4.568444728851318
4.206042289733887
4.66130256652832
5.131226539611816
4.9300007820129395
3.9245102405548096
3.5920655727386475
3.7446670532226562
3.585068702697754
4.029271125793457
4.115472316741943
3.8452236652374268
3.5891613960266113
3.5730860233306885
3.6052706241607666
3.3749561309814453
3.2990360260009766
3.3314414024353027
2.9992761611938477
3.003513813018799
3.6089959144592285
3.7287888526916504
3.1794228553771973
2.8468494415283203
2.765007495880127
3.3050761222839355
3.3234407901763916
3.0167012214660645
2.7107133865356445
3.1545629501342773
3.1637606620788574
3.121025800704956
3.0559263229370117
2.9950921535491943
3.310763359069824
2.854671001434326
3.021691083908081
3.5002787113189697
3.457754611968994
3.026165008544922
2.843047618865967
3.512040376663208
4.009084701538086
3.5250964164733887
2.970982551574707
2.9111692905426025
3.6278858184814453
3.745197296142578
3.3635566234588623
2.9421749114990234
3.1412832736968994
3.7617199420928955
3.5391788482666016
3.017470359802246
2.7950093746185303
2.7729620933532715
3.027442693710327
2.9492294788360596
2.9252049922943115
2.868431806564331
2.963228940963745
3.2495040893554688
3.2347540855407715
3.240210771560669
3.0536274909973145
3.0114240646362305
3.1061460971832275
2.941561460494995
2.837920665740967
2.901306629180908
2.726545810699463
2.836003541946411
2.869433879852295
2.931161642074585
2.5721142292022705
2.786039352416992
2.752824306488037
2.7054615020751953
2.6111900806427
2.6806528568267822
2.7560932636260986
2.751589298248291
2.6925182342529297
2.725590467453003
2.5065789222717285
2.7012624740600586
2.970644474029541
2.9166409969329834
2.7270567417144775
2.7451870441436768
2.8700098991394043
2.97416090965271
2.7328596115112305
2.693873405456543
3.3513600826263428
3.2679293155670166
2.5167899131774902
2.5588197708129883
3.4457204341888428
3.5673766136169434
3.1970276832580566
3.0121207237243652
2.920764207839966
3.348489999771118
3.0460715293884277
2.9185876846313477
3.1003353595733643
3.471749782562256
3.46414852142334
3.0564827919006348
2.837113857269287
2.645904064178467
11.232702255249023
11.151688575744629
11.06856632232666
10.97902774810791
10.900771141052246
10.808367729187012
10.72180461883545
10.647745132446289
10.581550598144531
10.536343574523926
10.533702850341797
10.522173881530762
10.505409240722656
10.495976448059082
10.493600845336914
10.485365867614746
10.4696044921875
10.445091247558594
10.429529190063477
10.412784576416016
10.386941909790039
10.363007545471191
10.334050178527832
10.312200546264648
10.290382385253906
10.273566246032715
10.269722938537598
10.270023345947266
10.272823333740234
10.275005340576172
10.277791976928711
10.280820846557617
10.270824432373047
10.269211769104004
10.262591361999512
10.250575065612793
10.247769355773926
10.237545013427734
10.229212760925293
10.227801322937012
10.219919204711914
10.215786933898926
10.210471153259277
10.191113471984863
10.177145957946777
10.15678596496582
10.144308090209961
10.12471866607666
10.1162691116333
10.101539611816406
10.09553337097168
10.102684020996094
10.12077522277832
10.136466979980469
10.142553329467773
10.153151512145996
10.154902458190918
10.15367317199707
10.155170440673828
10.150598526000977
10.145256996154785
10.137908935546875
10.129617691040039
10.123126983642578
10.115110397338867
10.095943450927734
10.086530685424805
10.07352352142334
10.067391395568848
10.068391799926758
10.066383361816406
10.067119598388672
10.060992240905762
10.061866760253906
10.060615539550781
10.05794906616211
10.05832290649414
10.05823040008545
10.065458297729492
10.070154190063477
10.072648048400879
10.07067584991455
10.070745468139648
10.066381454467773
10.062348365783691
10.060534477233887
10.05700397491455
10.059422492980957
10.057694435119629
10.0581636428833
10.057613372802734
10.05810260772705
10.062819480895996
10.064191818237305
10.06362247467041
10.062142372131348
10.060296058654785
10.058653831481934
10.056526184082031
10.055937767028809
10.056805610656738
10.055212020874023
10.054399490356445
10.053466796875
10.050606727600098
10.049051284790039
10.048482894897461
10.049777030944824
10.050078392028809
10.052237510681152
10.052120208740234
10.051895141601562
10.050498962402344
10.051383018493652
10.049588203430176
10.050606727600098
10.05005168914795
10.049124717712402
10.049049377441406
10.047511100769043
10.045624732971191
10.045980453491211
10.045573234558105
10.045759201049805
10.046507835388184
10.04633903503418
10.046551704406738
10.046661376953125
10.045933723449707
10.04554557800293
10.045283317565918
10.044921875
10.044586181640625
10.043668746948242
10.042829513549805
10.042232513427734
10.041875839233398
10.04299259185791
10.042015075683594
10.041096687316895
10.040677070617676
10.040194511413574
10.039243698120117
10.038972854614258
10.039209365844727
10.0400390625
10.039685249328613
10.039095878601074
10.03800106048584
10.036585807800293
10.037405014038086
9.027780532836914
8.510909080505371
8.101446151733398
7.823583602905273
7.66348934173584
7.5275092124938965
7.414575099945068
7.302618026733398
7.30403995513916
7.377119541168213
7.510526180267334
7.647164821624756
7.717128753662109
7.698492527008057
7.620928764343262
7.480530738830566
7.278213024139404
7.028136253356934
6.76430606842041
6.497004508972168
6.230064392089844
6.017154693603516
5.819764614105225
5.635239601135254
5.464609146118164
5.313023090362549
5.22741174697876
5.217330455780029
5.220109462738037
5.216513633728027
5.168088436126709
5.094744682312012
5.011529922485352
4.933707237243652
4.900672435760498
4.889472007751465
4.886061668395996
4.8621296882629395
4.837404251098633
4.808873176574707
4.780269145965576
4.732677459716797
4.699564456939697
4.682156562805176
4.65189266204834
4.630078315734863
4.609919548034668
4.601373672485352
4.594422340393066
4.577709197998047
4.551037311553955
4.531108856201172
4.519286632537842
4.512150764465332
4.494155406951904
4.4779558181762695
4.4736809730529785
4.463927268981934
4.454405784606934
4.44556999206543
4.445573329925537
4.43626594543457
4.425213813781738
4.414634704589844
4.409958362579346
4.403951644897461
4.398684978485107
4.391076564788818
4.385404586791992
4.383296966552734
4.38022518157959
4.374340057373047
4.36407470703125
4.358104705810547
4.350768089294434
4.346235275268555
4.3419599533081055
4.333829402923584
4.327699184417725
4.326425552368164
4.323361396789551
4.324926853179932
4.3189568519592285
4.315191268920898
4.3135833740234375
4.308389186859131
4.3039116859436035
4.301714897155762
4.296983242034912
4.297712326049805
4.29572057723999
4.289344310760498
4.283352375030518
4.279242038726807
4.276088714599609
4.2728271484375
4.270761966705322
4.2642436027526855
4.262033939361572
4.259698867797852
4.225820541381836
4.193780899047852
4.160937309265137
4.126327037811279
4.093185901641846
4.067856788635254
4.046533584594727
4.02574348449707
4.006799697875977
3.989502191543579
3.9605298042297363
3.944593906402588
3.927316904067993
3.9000039100646973
3.879287004470825
3.859927177429199
3.8490798473358154
3.833199977874756
3.8137152194976807
3.796704053878784
3.7756755352020264
3.7556421756744385
3.7387094497680664
3.715968608856201
3.6930582523345947
3.6740353107452393
3.653660297393799
3.6396572589874268
3.618950843811035
3.595966100692749
3.578402519226074
3.559243679046631
3.5310211181640625
3.509967803955078
3.494464159011841
3.475473165512085
3.4673726558685303
3.4649593830108643
3.4599599838256836
3.447974681854248
3.4352476596832275
3.4200119972229004
3.4108340740203857
3.4060943126678467
3.40461802482605
3.401219129562378
3.3999321460723877
3.3998026847839355
3.3963801860809326
3.393705129623413
3.3942973613739014
3.3919482231140137
3.3941822052001953
3.3915178775787354
3.387006998062134
3.3830597400665283
3.379082441329956
3.374568223953247
3.3722894191741943
3.3694121837615967
3.3692822456359863
3.3667407035827637
3.367189884185791
3.366039752960205
3.3626046180725098
3.3580992221832275
3.355612277984619
3.354001760482788
3.351970911026001
3.3492910861968994
3.3446640968322754
3.345271348953247
3.3391575813293457
3.3403830528259277
3.338674783706665
3.333806276321411
3.328103542327881
3.3273708820343018
3.324908971786499
3.319729804992676
3.3160998821258545
3.314509630203247
3.3105111122131348
3.309363603591919
3.307644844055176
3.304366111755371
3.3033840656280518
3.2994890213012695
3.2975800037384033
3.295623302459717
3.2926411628723145
3.290621280670166
3.287813186645508
3.2801454067230225
3.2825372219085693
3.2792415618896484
3.2757387161254883
3.2731757164001465
3.275237560272217
3.2724878787994385
3.2715725898742676
3.274822473526001
3.2739481925964355
3.2747209072113037
3.2724475860595703
3.274958848953247
3.277860641479492
3.2804691791534424
3.2823381423950195
3.2803328037261963
3.280687093734741
3.280452251434326
3.280141830444336
3.280404806137085
3.2795355319976807
3.2795472145080566
3.2812929153442383
3.2833828926086426
3.283818244934082
3.28456974029541
3.283541679382324
3.279122829437256
3.2776217460632324
3.274627447128296
3.2751102447509766
3.2725625038146973
3.2723498344421387
3.2714297771453857
3.2728683948516846
3.274902820587158
3.2770581245422363
3.2779717445373535
3.2794368267059326
3.2818307876586914
3.279020309448242
3.2809646129608154
3.2800421714782715
3.2805821895599365
3.280186891555786
3.278820276260376
3.277768850326538
3.278369426727295
3.2801902294158936
3.282937526702881
3.2806785106658936
3.279874563217163
3.278599500656128
3.2791554927825928
3.2792935371398926
3.2790756225585938
3.279071569442749
3.2797553539276123
3.2787556648254395
3.2799954414367676
3.279265880584717
3.2798686027526855
3.278228998184204
3.275658130645752
3.27427077293396
3.2759108543395996
3.2782254219055176
3.2807693481445312
3.2757558822631836
3.2759156227111816
3.274183511734009
3.2740602493286133
3.268618583679199
3.268390655517578
3.268174648284912
3.2673544883728027
3.2686996459960938
3.268446922302246
3.269674777984619
3.270601511001587
3.270026445388794
3.270231246948242
3.2707455158233643
3.2727506160736084
3.2719273567199707
3.269688129425049
3.2687878608703613
3.2659332752227783
3.268376350402832
3.2686879634857178
3.269376277923584
3.2688088417053223
3.2707042694091797
3.2739338874816895
3.2759225368499756
3.274153470993042
3.2743566036224365
3.2721452713012695
3.2708189487457275
3.2720251083374023
3.2720792293548584
3.273261785507202
3.2748448848724365
3.2756638526916504
3.273388624191284
3.2729833126068115
3.2723591327667236
3.2717478275299072
3.2718067169189453
3.2717113494873047
3.2721850872039795
3.27441143989563
3.2751564979553223
3.2761995792388916
3.2762978076934814
3.2767128944396973
3.2757208347320557
3.27360463142395
3.2724852561950684
3.274585723876953
3.2732372283935547
3.2734410762786865
3.273578643798828
3.2711026668548584
3.273521661758423
3.273824691772461
3.272453784942627
3.271005630493164
3.269155263900757
3.268261671066284
3.2666938304901123
3.26985764503479
3.2708959579467773
3.2723357677459717
3.272348403930664
3.2722702026367188
3.2760472297668457
3.274630546569824
3.270552158355713
3.269415855407715
3.2696778774261475
3.267113447189331
3.264874219894409
3.26446795463562
3.2661964893341064
3.2662575244903564
3.2693724632263184
3.270491123199463
3.2695016860961914
3.2685811519622803
3.2697677612304688
3.270110607147217
3.2716665267944336
3.2706551551818848
3.272489547729492
3.2732293605804443
3.275632381439209
3.2745959758758545
3.2754013538360596
3.2744140625
3.270426034927368
3.2653250694274902
3.262617826461792
3.2636330127716064
3.263118267059326
3.2650437355041504
3.267820358276367
3.2677829265594482
3.272799491882324
3.272836446762085
3.2742419242858887
3.2718303203582764
3.2670845985412598
3.2681725025177
3.2686960697174072
3.275526762008667
3.2749876976013184
3.2757620811462402
3.276350259780884
3.27761173248291
3.276890993118286
3.275418281555176
3.271932363510132
3.264582395553589
3.264167308807373
3.262260913848877
3.2652509212493896
3.264986753463745
3.2647500038146973
3.2662150859832764
3.2664835453033447
3.2702531814575195
3.270972967147827
3.2688210010528564
3.265186071395874
3.265369176864624
3.266206741333008
3.2692599296569824
3.2690415382385254
3.2695302963256836
3.2688589096069336
3.27040696144104
3.273009777069092
3.27143931388855
3.2697293758392334
0.5736937522888184
0.5657598972320557
0.5582097172737122
0.5510735511779785
0.5445544123649597
0.5385562181472778
0.5331324338912964
0.5282541513442993
0.5238498449325562
0.5199130773544312
0.5163649916648865
0.5131636261940002
0.5103234648704529
0.5079618692398071
0.5061619281768799
0.504959225654602
0.5043318867683411
0.5041859149932861
0.5043998956680298
0.5047094225883484
0.5049399733543396
0.5048052072525024
0.5043162107467651
0.5036497116088867
0.5028702616691589
0.5020850896835327
0.5013601183891296
0.5007340908050537
0.5002715587615967
0.5000105500221252
0.4999469518661499
0.5000050067901611
0.500085175037384
0.5000481009483337
0.4998784065246582
0.49964797496795654
0.4994114339351654
0.4991829991340637
0.4989748001098633
0.4988357722759247
0.49876725673675537
0.49873825907707214
0.4987228810787201
0.49868524074554443
0.49859559535980225
0.4985008239746094
0.49843552708625793
0.4983465373516083
0.4982571303844452
0.4982004463672638
0.4982118606567383
0.49822455644607544
0.4981985092163086
0.4981595277786255
0.49807190895080566
0.49799758195877075
0.4979945719242096
0.49802473187446594
0.49803483486175537
0.49801987409591675
0.49795591831207275
0.49790528416633606
0.49791476130485535
0.4979516863822937
0.49795424938201904
0.4979317784309387
0.4979051649570465
0.49788913130760193
0.49790456891059875
0.49789324402809143
0.4978635311126709
0.4978625178337097
0.49787837266921997
0.4978767931461334
0.4978598654270172
0.49783071875572205
0.4978187680244446
0.49783676862716675
0.4978342652320862
0.497824490070343
0.49781304597854614
0.49781161546707153
0.4978107213973999
0.49782270193099976
0.4978164732456207
0.497819185256958
0.49783867597579956
0.4978216290473938
0.4978407323360443
0.4978373646736145
0.4978120028972626
0.4978228211402893
0.4978484511375427
0.49785059690475464
0.4978395700454712
0.4978239834308624
0.49780526757240295
0.49779465794563293
0.49780765175819397
0.49780362844467163
