15.012934684753418
12.30660629272461
10.381054878234863
9.04086971282959
7.303440570831299
7.481807708740234
7.792039394378662
8.053316116333008
8.071989059448242
7.898756980895996
7.759393692016602
7.561463356018066
7.431509971618652
7.08616828918457
6.711706638336182
6.365088939666748
6.072911739349365
5.671975135803223
5.1948933601379395
4.770882606506348
4.33351993560791
3.9324119091033936
3.42523455619812
2.9569790363311768
2.65745210647583
2.6663155555725098
2.4110541343688965
1.9363433122634888
1.5542924404144287
1.4017536640167236
1.2086167335510254
0.9792894124984741
0.8109346032142639
0.7732868194580078
0.48059970140457153
0.7106184959411621
0.9598821401596069
1.2217938899993896
1.2520954608917236
1.2561887502670288
1.2295126914978027
1.1506810188293457
1.0250508785247803
0.8574008941650391
0.961834192276001
1.0349347591400146
0.8622944355010986
0.4755973815917969
0.580112636089325
0.8590713143348694
0.8798137307167053
0.6739050149917603
0.3021746873855591
0.5257114768028259
0.5836814641952515
0.5289509892463684
0.48038363456726074
0.540691614151001
0.42699575424194336
0.5652397871017456
0.772644579410553
0.5902335047721863
0.37448257207870483
0.5089893937110901
0.776730477809906
0.6470799446105957
0.3596559166908264
0.4519715905189514
0.6727427244186401
0.5070477724075317
0.45638978481292725
0.5561366677284241
0.4447430372238159
0.4473164677619934
0.45789629220962524
0.28811395168304443
0.3879427909851074
0.4916831851005554
0.4954829812049866
0.3789156675338745
0.34165382385253906
0.40245503187179565
0.4108920693397522
0.5005687475204468
0.5121216177940369
0.3685459494590759
0.5695059895515442
0.6513997912406921
0.42594075202941895
0.34439414739608765
0.41120052337646484
0.40505528450012207
0.4149794578552246
0.33893436193466187
0.36702901124954224
0.5033046007156372
0.44180750846862793
0.3960460424423218
0.3037780523300171
0.451505184173584
0.5977168679237366
0.5781739950180054
0.5233079195022583
0.43705254793167114
0.35341978073120117
0.27972012758255005
0.2873823046684265
0.3449857234954834
0.37804245948791504
0.38908272981643677
0.38037747144699097
0.3539577126502991
0.3116533160209656
0.25509893894195557
0.2963721752166748
0.3401950001716614
0.3611236810684204
0.36150962114334106
0.34345388412475586
0.3088518977165222
0.25940537452697754
0.2855151891708374
0.3236353397369385
0.3396168351173401
0.33572763204574585
0.3139972686767578
0.2762526273727417
0.2580612897872925
0.28670430183410645
0.29434263706207275
0.28308331966400146
0.25484412908554077
0.2707749605178833
0.29179155826568604
0.29263049364089966
0.27534961700439453
0.24527907371520996
0.2652198076248169
0.26952624320983887
0.25536417961120605
0.25753676891326904
0.2671971917152405
0.25933533906936646
0.25340020656585693
0.2559155225753784
0.25392621755599976
0.24804174900054932
0.2478376030921936
0.25520026683807373
0.26350468397140503
17.440406799316406
17.14979362487793
16.75629425048828
16.29680824279785
15.792223930358887
15.259445190429688
14.700835227966309
14.122719764709473
13.53285026550293
12.932900428771973
12.326171875
11.716057777404785
11.103718757629395
10.489653587341309
9.876154899597168
9.265329360961914
8.668432235717773
8.153481483459473
7.676355361938477
7.222788333892822
6.780543327331543
6.346200466156006
5.915337562561035
5.489861488342285
5.071601867675781
4.68480110168457
4.3780364990234375
4.106683254241943
3.861128091812134
3.630131721496582
3.4303550720214844
3.25459623336792
3.088188648223877
2.9256482124328613
2.7601118087768555
2.5934314727783203
2.4219179153442383
2.244069814682007
2.0598034858703613
1.8754836320877075
1.7113198041915894
1.5906784534454346
1.5019117593765259
1.425978660583496
1.3531816005706787
1.2818288803100586
1.2088801860809326
1.1332626342773438
1.0572893619537354
0.9852110743522644
0.9211921095848083
0.868575930595398
0.8290929794311523
0.7974667549133301
0.7679154872894287
0.7411647439002991
0.7211551070213318
0.6982300281524658
0.672670841217041
0.6524778604507446
0.6367018222808838
0.6267052888870239
0.6183476448059082
0.6101289987564087
0.6040347814559937
0.596309244632721
0.5868582725524902
0.5837528705596924
0.5817735195159912
0.5794112682342529
0.5747957229614258
0.5704119205474854
0.5653241872787476
0.5592739582061768
0.5519939661026001
0.5457224249839783
0.5432155132293701
0.539793848991394
0.536245584487915
0.538325309753418
0.5373994708061218
0.5345680713653564
0.5331449508666992
0.5311194658279419
0.5289086103439331
0.5274592638015747
0.5244312286376953
0.5267361402511597
0.5262371301651001
0.5229957103729248
0.5204117894172668
0.5208215713500977
0.5212377309799194
0.5195721387863159
0.5160900354385376
0.5159542560577393
0.5168792009353638
0.5151517391204834
0.5121684670448303
0.5137144327163696
0.5148966908454895
0.5125096440315247
0.5087270736694336
0.5065106749534607
0.5069095492362976
0.5057071447372437
0.5051047801971436
0.5050603747367859
0.5046571493148804
0.5046048164367676
0.5030666589736938
0.5033268928527832
0.5044246315956116
0.5031424760818481
0.5038928985595703
0.5047361850738525
0.503631591796875
0.5022971630096436
0.5031002759933472
0.502265453338623
0.5013328194618225
0.501571774482727
0.5009915232658386
0.5018539428710938
0.5013555288314819
0.5013278722763062
0.5027769804000854
0.5024220943450928
0.50044846534729
0.5023428201675415
0.5025227665901184
0.5009537935256958
0.5014363527297974
0.5015002489089966
0.49987128376960754
0.500219464302063
0.5002098083496094
0.50044846534729
0.5002380013465881
0.49981480836868286
0.501124382019043
0.5011460781097412
0.5001240968704224
0.501858651638031
0.5021020174026489
0.5004851818084717
0.5009616017341614
0.5018686056137085
0.5005112290382385
0.5003082156181335
0.5011579990386963
0.5010368824005127
0.500739574432373
0.5002920031547546
0.5000998973846436
0.49993783235549927
0.4997459948062897
0.4995351731777191
0.4998002350330353
0.500086784362793
0.5001266598701477
0.4999503493309021
0.4995831251144409
0.49907010793685913
0.49909061193466187
0.49906522035598755
0.4990009665489197
0.49901705980300903
0.498848557472229
0.49855005741119385
0.49884048104286194
0.49895501136779785
0.49884429574012756
0.49880051612854004
0.498716801404953
0.4988034665584564
0.4987037777900696
0.4987465739250183
0.49874410033226013
0.49866989254951477
0.4986099898815155
0.49838149547576904
0.4985489845275879
0.4986586570739746
0.4985964000225067
0.4985964596271515
0.4985469877719879
0.49846187233924866
0.49842819571495056
0.4983989894390106
0.4982791244983673
0.4982598125934601
0.498198926448822
0.4982876181602478
0.4982832074165344
0.4982093870639801
0.4983251094818115
0.49833714962005615
0.4981633424758911
0.4982460141181946
0.49832743406295776
0.49819037318229675
0.4980734586715698
0.49814125895500183
0.49801838397979736
0.4981207251548767
0.4981580078601837
0.49799033999443054
0.49799010157585144
0.49794504046440125
0.4978606402873993
0.4979339838027954
0.49798494577407837
0.4979354739189148
0.497930645942688
0.49783819913864136
0.4979560673236847
0.4979625940322876
0.49778270721435547
0.4977976977825165
0.497808039188385
0.4976935088634491
0.4978674054145813
0.4978131949901581
0.49774450063705444
0.49776142835617065
0.49782007932662964
0.49780911207199097
0.4977306127548218
0.49761372804641724
0.49772199988365173
0.4977480471134186
0.49777111411094666
0.4977448284626007
0.49767473340034485
0.49757057428359985
0.4977250099182129
0.4976690709590912
0.4975319504737854
0.4977352023124695
0.49778494238853455
0.4976508617401123
0.4975568652153015
0.4976310431957245
0.497598797082901
0.49735963344573975
0.497537761926651
0.4975535273551941
0.4974973797798157
0.49746763706207275
0.4974983036518097
0.4974818825721741
0.4974406361579895
0.4974450170993805
0.49742645025253296
0.49732187390327454
0.49740323424339294
0.4974013566970825
0.49733784794807434
0.49756067991256714
0.4975946545600891
0.4974433183670044
0.49738869071006775
0.49747994542121887
0.497354656457901
0.49743837118148804
0.49752551317214966
0.49741971492767334
0.4973120093345642
0.49735885858535767
0.4973134398460388
0.4973260164260864
0.49729427695274353
0.49736249446868896
0.4973534047603607
0.49728792905807495
0.49728843569755554
0.4973312020301819
0.49729570746421814
0.4973532259464264
0.4973751902580261
0.4972595274448395
0.49742069840431213
0.4973981976509094
0.4972555339336395
0.4972650706768036
0.4973163306713104
0.49727144837379456
0.4973672330379486
0.4973939061164856
0.49724051356315613
0.49749985337257385
0.49759018421173096
0.49746882915496826
0.49729296565055847
0.4974414110183716
0.49745669960975647
0.49729546904563904
0.49742403626441956
0.49752941727638245
0.49741724133491516
0.49728330969810486
0.49745994806289673
0.4974675476551056
0.497305303812027
0.4974054992198944
0.49751585721969604
0.49741241335868835
0.49724477529525757
0.49731704592704773
0.49721622467041016
0.49728408455848694
0.4972209632396698
0.4973677396774292
0.49740907549858093
0.49727004766464233
0.4973888397216797
0.4974721372127533
0.4973459541797638
0.4973008334636688
0.49738964438438416
0.4972936511039734
0.49727702140808105
0.4973197877407074
0.4972270131111145
0.49723684787750244
0.49725672602653503
0.49718454480171204
0.49718859791755676
0.49728822708129883
0.49721091985702515
0.49734365940093994
0.49737101793289185
0.4971735179424286
0.4973164200782776
0.4973355531692505
0.4972139000892639
0.4972716271877289
0.4972488582134247
0.4972255825996399
0.497239351272583
0.4971805214881897
0.4971357583999634
0.4973423480987549
0.49737054109573364
0.49722030758857727
0.49735602736473083
0.49744755029678345
0.4973250925540924
0.4972362518310547
60.808441162109375
53.53590393066406
47.96186447143555
42.541351318359375
36.72768783569336
31.496524810791016
27.589996337890625
25.10417366027832
23.54462432861328
21.171051025390625
19.044300079345703
17.126054763793945
14.483970642089844
11.881332397460938
9.783893585205078
8.049300193786621
5.9534010887146
5.017154693603516
4.723655700683594
4.999391555786133
6.01540994644165
7.027745723724365
7.478631019592285
7.061296463012695
6.096305847167969
5.504214286804199
4.991440296173096
4.420721054077148
3.6748416423797607
3.089087963104248
2.5402660369873047
2.630341053009033
2.957413911819458
3.014399290084839
3.5786702632904053
3.7568092346191406
3.6351873874664307
3.4325389862060547
2.923699140548706
2.4267666339874268
2.3591346740722656
2.452044725418091
2.6404240131378174
2.43129825592041
2.2450942993164062
2.4237544536590576
2.5333073139190674
2.4327034950256348
2.162900924682617
1.9621838331222534
2.0446102619171143
2.098558187484741
2.1013243198394775
2.0428037643432617
1.979821801185608
1.9366283416748047
1.9284155368804932
1.9014626741409302
1.9416618347167969
2.0670042037963867
2.015867233276367
2.127575635910034
1.9479095935821533
1.9956717491149902
2.1382620334625244
2.1619253158569336
2.0929317474365234
1.7899874448776245
1.8364534378051758
2.012040615081787
2.0690383911132812
1.953094720840454
1.815699577331543
1.8715245723724365
2.1077957153320312
2.064211845397949
2.0006422996520996
2.162306547164917
2.0363399982452393
1.9564911127090454
2.0262084007263184
1.9790862798690796
1.7065489292144775
1.8032662868499756
2.0587263107299805
1.9704370498657227
1.9973397254943848
1.9125940799713135
1.8915743827819824
2.069530963897705
2.090641975402832
2.245913028717041
2.186998128890991
2.073715925216675
2.0735344886779785
1.8476654291152954
2.090942859649658
1.9977796077728271
2.29317307472229
2.2501726150512695
2.109511613845825
1.9378348588943481
1.9608197212219238
1.9813770055770874
2.0725507736206055
2.0420644283294678
2.099369764328003
2.1594643592834473
2.1012520790100098
1.8721927404403687
1.8983311653137207
1.9742730855941772
2.194720983505249
2.119208335876465
1.9765706062316895
1.737980604171753
1.632422685623169
1.7125548124313354
1.9674088954925537
1.9125405550003052
1.8485429286956787
1.9196984767913818
1.9560075998306274
1.7990692853927612
1.9192200899124146
2.137397050857544
1.9709513187408447
2.014010429382324
2.0482614040374756
2.1937313079833984
2.057408332824707
1.9900624752044678
2.041943073272705
1.8696620464324951
1.9102585315704346
2.069669723510742
2.0221846103668213
2.017819404602051
1.7990951538085938
1.9061566591262817
1.9602470397949219
1.9304953813552856
1.9168565273284912
1.8566416501998901
1.7261396646499634
1.934011459350586
1.8945854902267456
1.975400686264038
1.923780083656311
1.9522063732147217
36.28570556640625
36.23841094970703
36.17221450805664
36.10316848754883
36.02999496459961
35.94399642944336
35.853668212890625
35.77288818359375
35.70014953613281
35.62611770629883
35.55328369140625
35.480648040771484
35.40728759765625
35.33757400512695
35.27418518066406
35.220035552978516
35.17229461669922
35.12508010864258
35.07764434814453
35.02134704589844
34.96311569213867
34.909175872802734
34.86418533325195
34.82973098754883
34.812503814697266
34.811058044433594
34.81678771972656
34.82783126831055
34.83543014526367
34.841487884521484
34.84584426879883
34.85193634033203
34.853729248046875
34.852294921875
34.844688415527344
34.83816146850586
34.82992935180664
34.81901168823242
34.797183990478516
34.769737243652344
34.744468688964844
34.71531677246094
34.685142517089844
34.672672271728516
34.67216873168945
34.669471740722656
34.66242218017578
34.653358459472656
34.64585494995117
34.63628005981445
34.61635971069336
34.595428466796875
34.575618743896484
34.56118392944336
34.5518684387207
34.54482650756836
34.54156494140625
34.5367546081543
34.53380584716797
34.529083251953125
34.52655029296875
34.52192306518555
34.51995849609375
34.516090393066406
34.513362884521484
34.51643371582031
34.51903533935547
34.522212982177734
34.52466583251953
34.53356170654297
34.53419494628906
34.54344177246094
34.548091888427734
34.55451965332031
34.556678771972656
34.5581169128418
34.55809783935547
34.55385208129883
34.5496711730957
34.54587936401367
34.53866195678711
34.52851104736328
34.53108215332031
34.52753829956055
34.52864456176758
34.529056549072266
34.53057861328125
34.52926254272461
34.531593322753906
34.529090881347656
34.53162384033203
34.53141784667969
34.533538818359375
34.53401184082031
34.53290939331055
34.53276824951172
34.53111267089844
34.53173065185547
34.529273986816406
34.53126525878906
34.530364990234375
34.530296325683594
34.52861404418945
34.52776336669922
34.52828598022461
34.527992248535156
34.52708435058594
34.52852249145508
34.52574157714844
34.52769470214844
34.52922821044922
34.52975082397461
34.530765533447266
34.529884338378906
34.526634216308594
34.52617263793945
34.526039123535156
34.525634765625
34.525447845458984
34.524356842041016
34.523353576660156
34.52391815185547
34.525352478027344
34.526973724365234
34.527225494384766
34.527679443359375
34.52570343017578
34.52400207519531
34.52213668823242
34.522579193115234
34.52241134643555
34.522239685058594
34.522098541259766
34.523353576660156
34.523193359375
34.525848388671875
34.5250129699707
34.522647857666016
34.52170944213867
34.52076721191406
34.52001190185547
34.52048110961914
34.521263122558594
34.521087646484375
34.52073669433594
34.521209716796875
34.52103042602539
34.52019500732422
34.5204963684082
34.52033615112305
34.52119827270508
33.45648193359375
32.55045700073242
31.615032196044922
30.682348251342773
29.881141662597656
29.252622604370117
28.70904541015625
28.08386993408203
27.316204071044922
26.472562789916992
25.545604705810547
24.61324691772461
23.683561325073242
22.778242111206055
21.9361629486084
21.276763916015625
20.651657104492188
20.109195709228516
19.953365325927734
19.8279972076416
19.707990646362305
19.521621704101562
19.331701278686523
19.13866424560547
18.93159294128418
18.699979782104492
18.43111228942871
18.17979621887207
17.924135208129883
17.68338966369629
17.480749130249023
17.33144187927246
17.197175979614258
17.034069061279297
16.859119415283203
16.649534225463867
16.402542114257812
16.15085220336914
15.934508323669434
15.765645980834961
15.599884033203125
15.461739540100098
15.325790405273438
15.192594528198242
15.007410049438477
14.789945602416992
14.536874771118164
14.252962112426758
13.939531326293945
13.644379615783691
13.413586616516113
13.227683067321777
13.111642837524414
12.983830451965332
12.844789505004883
12.694952964782715
12.564082145690918
12.480831146240234
12.409968376159668
12.390690803527832
12.441710472106934
12.439650535583496
12.38550853729248
12.318700790405273
12.276956558227539
12.265571594238281
12.243462562561035
12.18757152557373
12.100976943969727
12.01982593536377
11.939370155334473
11.84836483001709
11.739206314086914
11.630756378173828
11.505188941955566
11.349933624267578
11.182881355285645
11.008330345153809
10.807992935180664
10.583742141723633
10.336935043334961
10.084033966064453
9.849876403808594
9.682524681091309
9.524542808532715
9.3863525390625
9.253340721130371
9.120407104492188
9.024984359741211
9.01187515258789
9.024033546447754
9.043617248535156
9.067218780517578
9.085531234741211
9.087138175964355
9.071674346923828
9.035018920898438
8.982650756835938
8.919313430786133
8.84113883972168
8.672935485839844
8.508699417114258
8.297276496887207
8.025198936462402
7.720198154449463
7.366433143615723
6.99196720123291
6.585127830505371
6.131023406982422
5.732711315155029
5.547584056854248
5.445953845977783
5.443441867828369
5.637458324432373
5.750018119812012
5.771778106689453
5.766441345214844
5.720151901245117
5.634820938110352
5.494166851043701
5.320712566375732
5.141632556915283
4.940771579742432
4.736200332641602
4.683155059814453
4.879050254821777
4.972084999084473
4.949305534362793
4.818550109863281
4.661647319793701
4.579195022583008
4.58878231048584
4.643404960632324
4.64500093460083
4.5969648361206055
4.520747184753418
4.441200256347656
4.3704833984375
4.3892927169799805
4.442426681518555
4.392178058624268
4.316954135894775
4.343745231628418
4.360198497772217
4.361527442932129
4.335871696472168
4.317540168762207
4.300806045532227
4.289677143096924
4.284914970397949
4.275970935821533
4.258724689483643
4.245064735412598
4.244592189788818
4.240836143493652
4.229096412658691
4.218035697937012
4.220259666442871
4.218855857849121
4.197928428649902
4.189372539520264
4.191977500915527
4.183568477630615
4.175800323486328
4.169739723205566
4.168559551239014
4.166253089904785
4.158100128173828
4.149080753326416
4.149560451507568
4.148025989532471
4.1425461769104
4.13848352432251
4.134088039398193
4.129724502563477
4.125329971313477
4.121988296508789
4.118741035461426
4.1146392822265625
4.111576080322266
4.105840682983398
4.10081672668457
4.097769260406494
4.092219352722168
4.08642578125
4.084701061248779
4.081070423126221
4.076223850250244
4.071881294250488
4.068185806274414
4.064399719238281
4.060563087463379
4.0568413734436035
4.05579948425293
4.053835391998291
4.048722743988037
4.043116092681885
4.039907932281494
4.037454128265381
4.032939434051514
4.03231143951416
4.031502723693848
4.033855438232422
4.032680511474609
4.032528877258301
4.03191614151001
4.029831409454346
4.032027244567871
4.03277063369751
4.0325093269348145
4.0341901779174805
4.034184455871582
4.034958839416504
4.036932945251465
4.035674571990967
4.034403324127197
4.034733772277832
4.033512592315674
4.033047676086426
4.030308723449707
4.028036594390869
4.028515338897705
4.028723239898682
4.029018402099609
4.0282182693481445
4.027904987335205
4.029565811157227
4.0292439460754395
4.028532028198242
4.028440475463867
4.03171968460083
4.030973434448242
4.032143592834473
4.0308403968811035
4.028100967407227
4.027798175811768
4.029275894165039
4.029634475708008
4.029057025909424
4.030452251434326
4.031134128570557
4.031484603881836
4.030521869659424
4.030186176300049
4.031741619110107
4.030285835266113
4.0318169593811035
4.031786918640137
4.030250549316406
4.029226303100586
4.0286407470703125
4.029531955718994
4.029784202575684
4.0309600830078125
4.030658721923828
4.030996799468994
4.0298662185668945
4.028724670410156
4.028817176818848
4.028740406036377
4.029208183288574
4.027416229248047
4.027935981750488
4.02782678604126
4.027122497558594
4.026049613952637
4.025845527648926
4.02561616897583
4.0264973640441895
4.026275157928467
4.023690700531006
4.023731231689453
4.025012493133545
4.022279262542725
4.023504257202148
4.024591445922852
4.023842811584473
4.024365425109863
4.024718284606934
4.024438381195068
4.0229973793029785
4.023967742919922
4.026071071624756
4.0250444412231445
4.0243330001831055
4.024693965911865
4.026470184326172
4.02660608291626
4.0250678062438965
4.023573398590088
4.024049758911133
4.02294397354126
4.021186828613281
4.0208563804626465
4.021536350250244
4.0224080085754395
4.021437168121338
4.021500587463379
4.020175457000732
4.019932270050049
4.0198516845703125
4.019557952880859
4.019108772277832
4.019280910491943
4.01884651184082
4.019224643707275
4.0185041427612305
4.017955780029297
4.01725959777832
4.0182061195373535
4.016359806060791
4.016240119934082
4.014556884765625
4.015092372894287
4.0168304443359375
4.017521381378174
4.017261505126953
4.0159783363342285
4.015376091003418
4.014619827270508
4.013822555541992
4.01387882232666
4.012921333312988
4.01230001449585
4.011599540710449
4.011232852935791
4.011135578155518
4.0108819007873535
4.00894832611084
4.007762908935547
4.007051467895508
4.006217956542969
4.006078243255615
4.005250453948975
4.0038580894470215
4.003626823425293
4.00371789932251
4.004913806915283
4.004659175872803
4.005993843078613
4.005781650543213
4.00559139251709
4.004018306732178
4.002891540527344
4.00294303894043
4.003462791442871
4.0029401779174805
4.00233268737793
4.002793312072754
4.003131866455078
4.003762245178223
4.002227306365967
4.003432750701904
4.003447532653809
4.003220081329346
4.002063751220703
4.002242088317871
4.002189636230469
4.0020856857299805
4.001967906951904
4.002892017364502
4.004361152648926
4.004300117492676
4.004683971405029
4.003838062286377
4.003732204437256
4.003903388977051
4.004199981689453
4.003662109375
4.003084182739258
4.002547740936279
4.0029296875
4.002712249755859
4.002734184265137
4.002753734588623
4.002700328826904
4.0025224685668945
4.001193523406982
4.001492500305176
4.0024943351745605
4.002121448516846
4.001662254333496
4.001336097717285
4.00145959854126
4.001789093017578
4.002041339874268
4.003554344177246
4.0024333000183105
4.002617835998535
4.000859260559082
4.000936508178711
4.001427173614502
4.001406669616699
4.003256320953369
4.0025787353515625
4.001998424530029
4.002214431762695
4.002841472625732
4.00234317779541
0.3838423788547516
0.3764534592628479
0.36977171897888184
0.36376625299453735
0.3583536148071289
0.3533438742160797
0.34881317615509033
0.34473520517349243
0.3409111499786377
0.33735454082489014
0.3340649902820587
0.33104902505874634
0.3282794952392578
0.3258267045021057
0.323635458946228
0.32172802090644836
0.3202350437641144
0.31911879777908325
0.31827032566070557
0.3175382912158966
0.3170018792152405
0.3169058859348297
0.31655803322792053
0.3161652088165283
0.3156912326812744
0.3151947259902954
0.3147277534008026
0.31427252292633057
0.3138914108276367
0.3136509656906128
0.3135937452316284
0.31363987922668457
0.3137296140193939
0.31373733282089233
0.31362777948379517
0.3134482502937317
0.31329700350761414
0.3131268322467804
0.31295299530029297
0.3128858506679535
0.3128371238708496
0.3128240704536438
0.31281542778015137
0.31279146671295166
0.3127192556858063
0.31264084577560425
0.31259870529174805
0.3124971389770508
0.3124386668205261
0.31240761280059814
0.312439501285553
0.3124498128890991
0.31238681077957153
0.31236934661865234
0.31232041120529175
0.31225740909576416
0.3122413456439972
0.3122664988040924
0.31227362155914307
0.3122718930244446
0.3122410774230957
0.3121904730796814
0.3122275769710541
0.3122856616973877
0.31225812435150146
0.31220871210098267
0.31219425797462463
0.31217944622039795
0.3122209906578064
0.31222543120384216
0.3121691942214966
0.31214430928230286
0.312138170003891
0.31215429306030273
0.3121620714664459
0.31214427947998047
0.31210410594940186
0.3121020197868347
0.3121287226676941
0.31213194131851196
0.31209737062454224
0.3120994567871094
0.3121072053909302
0.31211623549461365
0.3121200501918793
0.3121211528778076
0.31213489174842834
0.3121297359466553
0.31214120984077454
0.31213217973709106
0.31211352348327637
0.3121250569820404
0.31213754415512085
0.31215012073516846
0.31213486194610596
0.31212279200553894
0.31212666630744934
0.3121231496334076
0.3121369183063507
0.31213322281837463
