12.262425422668457
11.721161842346191
11.179895401000977
10.638630867004395
10.09736442565918
9.556100845336914
9.014833450317383
8.473567008972168
7.932302951812744
7.3910393714904785
7.2187371253967285
7.080320358276367
6.634592056274414
6.063721179962158
5.864805698394775
5.622775077819824
5.344016075134277
5.033752918243408
4.696307182312012
4.554372310638428
4.782999515533447
5.060912132263184
5.247958660125732
5.355090618133545
5.3917622566223145
5.366172790527344
5.2854485511779785
5.1558308601379395
4.9827775955200195
4.771080017089844
5.0167107582092285
4.9269490242004395
4.548690319061279
4.799667835235596
5.034602642059326
4.959339618682861
4.867275714874268
4.963598251342773
4.9949846267700195
4.9681477546691895
4.889097213745117
4.763200283050537
4.595261096954346
4.442284107208252
4.678041458129883
4.753270149230957
4.8375749588012695
4.8640241622924805
4.833341598510742
4.95361328125
4.9516191482543945
4.768868446350098
4.747749328613281
4.674418926239014
4.554133892059326
4.391624927520752
4.5456342697143555
4.671765327453613
4.7310075759887695
4.730076313018799
4.675016403198242
4.774827480316162
4.674061298370361
4.551052093505859
4.6763739585876465
4.648094654083252
4.443453788757324
4.571393966674805
4.513777256011963
4.463932514190674
4.527077674865723
4.4214582443237305
4.657658100128174
4.71493673324585
4.521777629852295
4.632531642913818
4.9478983879089355
4.99282693862915
4.795511722564697
4.545538902282715
4.778243064880371
4.924510955810547
4.823300838470459
4.503040790557861
4.747931003570557
4.980225086212158
4.9623703956604
4.722512722015381
4.502194404602051
4.791886329650879
4.874602794647217
4.727938175201416
4.4034576416015625
4.730360984802246
4.843758583068848
4.727842807769775
4.535364151000977
4.672648906707764
4.763955593109131
4.6304216384887695
4.530661582946777
4.532562732696533
4.528867244720459
4.5201263427734375
4.50684928894043
4.493518829345703
4.469834804534912
4.444096088409424
4.416766166687012
4.399230480194092
4.418139934539795
4.413575649261475
4.392828941345215
4.393901824951172
4.408440589904785
4.414824485778809
4.39905309677124
4.40897274017334
4.41384220123291
4.418604850769043
4.413876533508301
4.395356178283691
4.379939079284668
4.408206939697266
4.414762020111084
4.399346351623535
4.392800331115723
4.409555435180664
4.421543121337891
4.411100387573242
4.402674198150635
4.406551361083984
4.404630661010742
4.400522232055664
4.386194705963135
4.384618282318115
4.394093990325928
4.381600856781006
4.387309551239014
4.3952412605285645
4.386656761169434
4.3883466720581055
4.384454250335693
4.378264427185059
4.375288486480713
4.371603488922119
4.3731770515441895
4.375151634216309
4.37755823135376
4.370977878570557
33.026363372802734
32.535160064697266
31.87225914001465
31.0886287689209
30.226533889770508
29.309396743774414
28.3571834564209
27.371742248535156
26.36176109313965
25.33708953857422
24.299306869506836
23.251144409179688
22.200355529785156
21.15159797668457
20.10592269897461
19.130338668823242
18.270248413085938
17.577117919921875
16.98044776916504
16.435544967651367
15.9147310256958
15.404886245727539
14.8942289352417
14.379156112670898
13.86846923828125
13.350259780883789
12.833147048950195
12.31347370147705
11.799219131469727
11.313444137573242
10.901410102844238
10.557405471801758
10.240961074829102
9.930893898010254
9.629982948303223
9.329279899597168
9.018769264221191
8.69405746459961
8.370222091674805
8.088165283203125
7.876521587371826
7.732137680053711
7.6066365242004395
7.481792449951172
7.34360408782959
7.183401107788086
7.00629997253418
6.826010704040527
6.657456398010254
6.5053911209106445
6.366694927215576
6.239218235015869
6.115157127380371
5.987424373626709
5.858745574951172
5.7470197677612305
5.649243354797363
5.562751770019531
5.483205318450928
5.406091213226318
5.329470634460449
5.261178970336914
5.200847625732422
5.144757270812988
5.092211723327637
5.045106887817383
5.0045623779296875
4.976703643798828
4.957895755767822
4.9527201652526855
4.9518842697143555
4.945869445800781
4.936285972595215
4.924422264099121
4.913388252258301
4.909038066864014
4.904531478881836
4.8953375816345215
4.881031036376953
4.866799831390381
4.855165004730225
4.843475341796875
4.8320393562316895
4.821389198303223
4.819865703582764
4.818175315856934
4.8147759437561035
4.809971809387207
4.8052144050598145
4.805631160736084
4.80421257019043
4.79935359954834
4.7919158935546875
4.788996696472168
4.788268089294434
4.786044120788574
4.782586574554443
4.78030252456665
4.779267311096191
4.779030799865723
4.777073860168457
4.776195526123047
4.7783284187316895
4.777857303619385
4.774914264678955
4.774926662445068
4.775302886962891
4.773429870605469
4.770704746246338
4.771893501281738
4.772578716278076
4.771058082580566
4.769931793212891
4.770492076873779
4.7688727378845215
4.769204616546631
4.771002769470215
4.770462989807129
4.7683210372924805
4.76792573928833
4.7682785987854
4.7669291496276855
4.766874313354492
4.766555309295654
4.7665114402771
4.766735076904297
4.766880989074707
4.766186237335205
4.7656073570251465
4.7667694091796875
4.765972137451172
4.7656636238098145
4.7654523849487305
4.765388011932373
4.766356945037842
4.766058444976807
4.7661333084106445
4.76608419418335
4.76599645614624
4.76694393157959
4.766026020050049
4.765803813934326
4.766124725341797
4.765392303466797
4.766371726989746
4.766181468963623
4.765373229980469
4.765618801116943
4.764952659606934
4.764740943908691
4.764382839202881
4.764393329620361
4.764326572418213
4.76425313949585
4.7642130851745605
4.764051914215088
4.764028072357178
4.764055252075195
4.76410436630249
4.764093399047852
4.764036655426025
4.764002799987793
4.763906002044678
4.763946056365967
4.763968467712402
4.763814926147461
4.763891696929932
4.763864040374756
4.7637619972229
4.763764381408691
4.763755798339844
4.763720512390137
4.763647556304932
4.763667106628418
4.7636590003967285
4.7637529373168945
4.763676643371582
4.763708591461182
4.763749599456787
4.763686180114746
4.7636027336120605
4.763492584228516
4.763444423675537
4.763548851013184
4.763523578643799
4.763473987579346
4.763562202453613
4.76347541809082
4.763438701629639
4.763455390930176
4.763405799865723
4.763416290283203
4.76338005065918
4.763308525085449
4.763354301452637
4.763352870941162
4.763246536254883
4.76342248916626
4.763399124145508
4.7631731033325195
4.763436317443848
4.7635674476623535
4.763485908508301
4.763208389282227
4.763282299041748
4.763444900512695
4.7633843421936035
4.763189315795898
4.763088226318359
4.763326644897461
4.76338005065918
4.7632341384887695
4.762935638427734
4.7630791664123535
4.7630720138549805
4.762911796569824
4.762931823730469
4.762853622436523
4.762888431549072
4.7628374099731445
4.762850761413574
4.762818813323975
4.762785911560059
4.762760639190674
4.762773036956787
4.7627034187316895
4.762679576873779
4.762798309326172
4.762767791748047
4.762641429901123
4.762624740600586
4.76258659362793
4.762649059295654
4.762554168701172
4.762743949890137
4.762775421142578
4.762605667114258
4.762655735015869
4.7627387046813965
4.762611389160156
4.762500286102295
4.762550354003906
4.762476921081543
4.762465000152588
4.762402534484863
4.76236629486084
4.762411594390869
4.762420654296875
4.762416839599609
4.7623443603515625
4.762391567230225
4.762292861938477
4.762351989746094
4.76231575012207
4.76231050491333
4.762352466583252
4.762421607971191
4.762322425842285
4.762406349182129
4.762470722198486
4.762334823608398
4.762425899505615
4.762508392333984
4.762381076812744
4.762351989746094
4.762430191040039
4.762304782867432
4.7624101638793945
4.762482643127441
4.7623443603515625
4.762363910675049
4.762446403503418
4.762331485748291
4.762413024902344
4.762539863586426
4.762531280517578
4.762395858764648
4.76229190826416
4.762550354003906
4.7626051902771
4.76246452331543
4.762245178222656
4.762339115142822
4.762299060821533
4.762284278869629
4.762208938598633
4.762259483337402
4.762307167053223
4.762304782867432
4.762266635894775
4.762261390686035
4.762222766876221
4.762194633483887
4.762215614318848
4.762259483337402
4.762199878692627
4.762202262878418
4.762242794036865
4.762211322784424
4.762202739715576
4.762188911437988
4.762274265289307
4.762218475341797
4.762343406677246
4.7623724937438965
4.762276649475098
4.762302398681641
4.762283802032471
4.7622175216674805
4.762207984924316
4.762253284454346
4.7622575759887695
4.762233257293701
4.762219429016113
4.762163162231445
4.762150764465332
4.762205600738525
4.7621917724609375
4.762165546417236
4.762247085571289
4.762166976928711
4.762218952178955
4.762153625488281
4.762144088745117
4.7622809410095215
4.762260913848877
4.762179851531982
4.762176036834717
4.762241363525391
4.762216567993164
4.7622151374816895
4.762217044830322
4.7621750831604
4.762149810791016
4.762258052825928
4.762254238128662
4.762177467346191
4.762218475341797
4.762158393859863
4.762188911437988
4.762121200561523
4.762307643890381
4.762338161468506
4.76216983795166
4.762353897094727
4.762470722198486
4.762389183044434
4.762172222137451
4.762331485748291
4.762395858764648
105.70117950439453
101.74333190917969
97.8297119140625
93.9433364868164
90.04853057861328
86.05421447753906
82.08770751953125
78.27918243408203
74.8657455444336
71.36076354980469
68.06854248046875
65.13265228271484
62.10142517089844
59.788734436035156
57.8752326965332
55.897403717041016
53.764610290527344
51.48957824707031
49.0739631652832
46.54438400268555
44.36730194091797
42.39626693725586
40.32856369018555
38.37065124511719
37.372013092041016
36.52354049682617
35.46914291381836
34.1788215637207
32.75181579589844
31.04177474975586
29.1803035736084
27.436931610107422
25.940677642822266
24.622514724731445
23.3082218170166
22.067657470703125
20.854650497436523
19.739198684692383
18.844192504882812
17.843006134033203
16.788433074951172
15.732769012451172
14.65853500366211
13.510293006896973
12.308960914611816
11.186357498168945
10.031312942504883
9.327388763427734
8.612757682800293
7.931092262268066
7.072371482849121
6.25984525680542
5.825436115264893
5.433750152587891
5.082549095153809
5.110744953155518
5.1077961921691895
5.145062446594238
5.270623207092285
5.151120185852051
4.832126617431641
4.707562446594238
4.646078586578369
4.680073261260986
4.6554365158081055
4.400927543640137
4.404922962188721
4.579896450042725
4.621905326843262
4.573431491851807
4.371833801269531
4.282886505126953
4.085314750671387
3.872426748275757
3.8893826007843018
3.829096794128418
3.8675248622894287
3.7795183658599854
3.757819652557373
3.742344617843628
3.565084218978882
3.3170993328094482
3.382500410079956
3.4994189739227295
3.515110731124878
3.4894776344299316
3.3744266033172607
3.2850046157836914
3.2248494625091553
3.080547571182251
3.0266358852386475
3.0138115882873535
3.119643211364746
3.1726863384246826
3.0690290927886963
2.9262771606445312
2.9661102294921875
2.9843509197235107
2.9465255737304688
2.890390157699585
2.9448204040527344
2.9188616275787354
2.8627452850341797
2.7861785888671875
2.9341838359832764
3.0019750595092773
2.8856325149536133
2.718107223510742
2.7824716567993164
2.817622423171997
2.8252615928649902
2.750662088394165
2.654754400253296
2.655008316040039
2.6352336406707764
2.558424472808838
2.6245100498199463
2.6822988986968994
2.633131980895996
2.557140588760376
2.5540051460266113
2.556544303894043
2.481050491333008
2.4679172039031982
2.4615373611450195
2.4703330993652344
2.4577760696411133
2.4671266078948975
2.4385299682617188
2.466851234436035
2.4207615852355957
2.427309513092041
2.507600784301758
2.4238452911376953
2.490449905395508
2.5136971473693848
2.480058193206787
2.3780198097229004
2.3364739418029785
2.343968152999878
2.3355658054351807
2.3008084297180176
2.2456822395324707
2.2229795455932617
2.2434329986572266
2.2121400833129883
2.216794490814209
2.269469738006592
2.2003917694091797
2.1813502311706543
15.226198196411133
15.174317359924316
15.106122970581055
15.029217720031738
14.956765174865723
14.877955436706543
14.79893684387207
14.72485065460205
14.659200668334961
14.599374771118164
14.55040168762207
14.504928588867188
14.458231925964355
14.416950225830078
14.371878623962402
14.317517280578613
14.26435375213623
14.206473350524902
14.147222518920898
14.097366333007812
14.045392990112305
14.010013580322266
13.977811813354492
13.963382720947266
13.954935073852539
13.957393646240234
13.970475196838379
13.98647403717041
13.99716854095459
13.996513366699219
14.000097274780273
14.00444221496582
14.007844924926758
14.007841110229492
14.006192207336426
14.005511283874512
14.004412651062012
14.003799438476562
14.004228591918945
14.002483367919922
13.995800971984863
13.995861053466797
13.996274948120117
14.00425910949707
14.01032829284668
14.013566970825195
14.023324012756348
14.030391693115234
14.040403366088867
14.046072006225586
14.049447059631348
14.047657012939453
14.047260284423828
14.04105281829834
14.044465065002441
14.043584823608398
14.039045333862305
14.037055015563965
14.041915893554688
14.041318893432617
14.035236358642578
14.033452033996582
14.034259796142578
14.037307739257812
14.04030704498291
14.049019813537598
14.050315856933594
14.05255126953125
14.051955223083496
14.053924560546875
14.054664611816406
14.059179306030273
14.061683654785156
14.061742782592773
14.06218147277832
14.061759948730469
14.060515403747559
14.060674667358398
14.061285972595215
14.060876846313477
14.059256553649902
14.058626174926758
14.059420585632324
14.059494018554688
14.059589385986328
14.059369087219238
14.058095932006836
14.05832576751709
14.057511329650879
14.057125091552734
14.056182861328125
14.056334495544434
14.054107666015625
14.053624153137207
14.05306625366211
14.052129745483398
14.051239013671875
14.051435470581055
14.049016952514648
14.048440933227539
14.048422813415527
14.048176765441895
14.048330307006836
14.04859447479248
14.048964500427246
14.048009872436523
14.048072814941406
14.04877758026123
14.048493385314941
14.049277305603027
14.048523902893066
14.048322677612305
14.04810619354248
14.048622131347656
14.047868728637695
14.046125411987305
14.045989990234375
14.045302391052246
14.045093536376953
14.044856071472168
14.044571876525879
14.04412841796875
14.044519424438477
14.04484748840332
14.044581413269043
14.044475555419922
14.044264793395996
14.043664932250977
14.042946815490723
14.042749404907227
14.042529106140137
14.042328834533691
14.04212760925293
14.041923522949219
14.042095184326172
14.042364120483398
14.042156219482422
14.041406631469727
14.041436195373535
14.041224479675293
14.042027473449707
14.041276931762695
14.0410737991333
14.040871620178223
14.041204452514648
14.04045295715332
14.040249824523926
14.040583610534668
14.039478302001953
14.03927230834961
14.0390625
13.200408935546875
12.388141632080078
11.60999870300293
10.870149612426758
10.153965950012207
9.464932441711426
8.814249038696289
8.226055145263672
7.728672504425049
7.376585960388184
7.18475341796875
7.103672504425049
7.0941691398620605
7.146914482116699
7.233142375946045
7.295833587646484
7.329148292541504
7.34473180770874
7.322544574737549
7.274003028869629
7.206033706665039
7.120635986328125
7.023402214050293
6.918163299560547
6.803726673126221
6.68257474899292
6.555778980255127
6.424272537231445
6.300240993499756
6.208831310272217
6.14335298538208
6.073439121246338
5.993992805480957
5.902355194091797
5.798776149749756
5.6977128982543945
5.618503093719482
5.572458744049072
5.549272537231445
5.5352396965026855
5.525961399078369
5.515501022338867
5.498619079589844
5.469013214111328
5.430597305297852
5.385520935058594
5.34004545211792
5.300042152404785
5.268484115600586
5.239368438720703
5.220407009124756
5.2056121826171875
5.192178249359131
5.183406352996826
5.173828601837158
5.162148952484131
5.148014068603516
5.134279251098633
5.1200079917907715
5.111081600189209
5.106246471405029
5.104581832885742
5.103697299957275
5.1025261878967285
5.099905967712402
5.0966362953186035
5.093676567077637
5.0882568359375
5.083806037902832
5.07983922958374
5.076496124267578
5.07347297668457
5.0722503662109375
5.070365905761719
5.069115161895752
5.066395282745361
5.064302921295166
5.061863422393799
5.060934066772461
5.060026168823242
5.060431003570557
5.061638832092285
5.061315059661865
5.059295654296875
5.056583881378174
5.054786205291748
5.052678108215332
5.050975799560547
5.050100803375244
5.048415660858154
5.047103404998779
5.0464324951171875
5.044799327850342
5.041287422180176
5.040376663208008
5.040445327758789
5.040271282196045
5.039610862731934
5.037870407104492
5.036920070648193
5.0351057052612305
5.03395938873291
5.0327935218811035
5.03238582611084
5.031658172607422
5.032411575317383
5.032110214233398
5.0312418937683105
5.030592441558838
5.0304179191589355
5.030002117156982
5.0300211906433105
5.0298333168029785
5.029092311859131
5.029390811920166
5.029666900634766
5.030745029449463
5.030038356781006
5.0297932624816895
5.029009819030762
5.028363227844238
5.0282793045043945
5.02801513671875
5.028072357177734
5.0267205238342285
5.026510715484619
5.026278018951416
5.026121139526367
5.026031970977783
5.025794982910156
5.02557373046875
5.025416374206543
5.0254011154174805
5.025302886962891
5.025205612182617
5.025110721588135
5.0250244140625
5.024236679077148
5.024162292480469
5.024229049682617
5.024876117706299
5.024821758270264
5.024775981903076
5.024755477905273
5.02468204498291
5.024648189544678
5.02461576461792
5.024585247039795
5.024557590484619
5.024529933929443
5.024502754211426
5.024476051330566
5.024453163146973
5.024411201477051
5.023687362670898
5.023671627044678
5.02365779876709
5.0236430168151855
5.023627281188965
5.023613929748535
5.023599147796631
5.02360200881958
5.023167610168457
5.023157119750977
5.0231475830078125
5.023137092590332
5.023148536682129
5.023139476776123
5.022429943084717
5.022418975830078
5.022416114807129
5.022408485412598
5.022403240203857
5.02237606048584
5.023827075958252
5.0237717628479
5.022939682006836
5.021951675415039
5.022217273712158
5.025564670562744
5.025145530700684
5.025781631469727
5.028775691986084
5.029879093170166
5.030486106872559
5.031236171722412
5.030810356140137
5.0309553146362305
5.030765056610107
5.030539512634277
5.030697822570801
5.030797958374023
5.029657363891602
5.0292181968688965
5.0296831130981445
5.028402328491211
5.02680778503418
5.026101589202881
5.025259494781494
5.024227142333984
5.0243706703186035
5.024055480957031
5.024021148681641
5.024691104888916
5.0243239402771
5.024533271789551
5.025081634521484
5.0251851081848145
5.024293899536133
5.0239715576171875
5.023924350738525
5.023723602294922
5.022841453552246
5.022244453430176
5.022226333618164
5.022983074188232
5.0226922035217285
5.02380895614624
5.023718357086182
5.023580551147461
5.023830890655518
5.023571968078613
5.023674488067627
5.023610591888428
5.024393558502197
5.024537563323975
5.024545192718506
5.024800777435303
5.024261951446533
5.024147033691406
5.024832725524902
5.024747371673584
5.024668216705322
5.025146007537842
5.02720308303833
5.02677583694458
5.026696681976318
5.0265374183654785
5.026435852050781
5.026339530944824
5.0256195068359375
5.027167320251465
5.026483535766602
5.026545524597168
5.027408599853516
5.0273027420043945
5.027185440063477
5.027231216430664
5.027122974395752
5.0269904136657715
5.027320861816406
5.026800632476807
5.026541709899902
5.02679967880249
5.026700973510742
5.026642799377441
5.026546478271484
5.026766777038574
5.026839256286621
5.026782989501953
5.0266900062561035
5.026613235473633
5.026491165161133
5.026440143585205
5.026352405548096
5.027158260345459
5.027113437652588
5.027645587921143
5.027759075164795
5.027196407318115
5.026885032653809
5.025669097900391
5.025590896606445
5.025803565979004
5.026069164276123
5.0258965492248535
5.025824546813965
5.025756359100342
5.025541305541992
5.025282382965088
5.025217533111572
5.026364326477051
5.025842666625977
5.025856971740723
5.026189804077148
5.025739669799805
5.025450706481934
5.025476455688477
5.025430679321289
5.026505470275879
5.026394844055176
5.026325225830078
5.026392936706543
5.0267839431762695
5.025474548339844
5.025450229644775
5.025674819946289
5.025049209594727
5.02501106262207
5.026889801025391
5.026865482330322
5.026819229125977
5.025413513183594
5.025399208068848
5.02536678314209
5.025329113006592
5.024847030639648
5.026111125946045
5.02611780166626
5.026080131530762
5.026351451873779
5.026346683502197
5.0257697105407715
5.025721073150635
5.02524995803833
5.025187015533447
5.0251593589782715
5.0251078605651855
5.025082111358643
5.025679111480713
5.0256500244140625
5.0254106521606445
5.0249810218811035
5.025443077087402
5.025121688842773
5.0251569747924805
5.025731086730957
5.025717735290527
5.025694847106934
5.025081634521484
5.02506685256958
5.0251359939575195
5.0250701904296875
5.025568962097168
5.0255537033081055
5.024943828582764
5.024930000305176
5.024914264678955
5.02548885345459
5.025285720825195
5.024873733520508
5.024890899658203
5.025275707244873
5.025262832641602
5.024853706359863
5.0248188972473145
5.024806499481201
5.025472164154053
5.025456428527832
5.024775981903076
5.024768829345703
5.024758338928223
5.024745464324951
5.025311470031738
5.025301456451416
5.024713039398193
5.024705410003662
5.024501323699951
5.024998188018799
5.024590969085693
5.0244927406311035
5.025041580200195
5.024459362030029
5.024471282958984
5.024787425994873
5.025351524353027
5.0253400802612305
5.02468204498291
5.024677276611328
5.024667739868164
5.024745941162109
5.026179313659668
5.025298595428467
5.0246405601501465
5.0246381759643555
5.024632930755615
5.024624824523926
5.0247039794921875
5.026124954223633
5.026111602783203
5.024689674377441
5.024604320526123
5.024600982666016
5.024590492248535
5.0246686935424805
5.025909900665283
5.02598237991333
5.025363922119141
5.024526596069336
5.0245232582092285
5.024378299713135
5.0251994132995605
5.02549409866333
5.025893688201904
5.025335311889648
5.025113582611084
5.025100231170654
5.025325298309326
5.025964260101318
0.4827200472354889
0.47639212012290955
0.47073647379875183
0.4655941426753998
0.46132344007492065
0.4571576714515686
0.4532163739204407
0.44963765144348145
0.44626641273498535
0.44302886724472046
0.43993496894836426
0.43707773089408875
0.43464764952659607
0.43280160427093506
0.4313371777534485
0.430088609457016
0.42907974123954773
0.4281116724014282
0.4272236227989197
0.4264731705188751
0.42601457238197327
0.4257717430591583
0.42527925968170166
0.4247695803642273
0.42427825927734375
0.42393314838409424
0.4237009882926941
0.4234984219074249
0.4233567714691162
0.4232308566570282
0.42315006256103516
0.42308303713798523
0.4230307936668396
0.4229676425457001
0.4228774607181549
0.42275184392929077
0.4226374924182892
0.42253556847572327
0.42242342233657837
0.42237424850463867
0.42234450578689575
0.42230120301246643
0.4222550392150879
0.4222221374511719
0.42216795682907104
0.42211759090423584
0.4220944046974182
0.4220159649848938
0.4219643473625183
0.421938955783844
0.4219513535499573
0.4219461679458618
0.4219038784503937
0.4218933880329132
0.4218500852584839
0.42181622982025146
0.4218059778213501
0.42181360721588135
0.42181873321533203
0.4218062162399292
0.4217754006385803
0.4217519462108612
0.4217822551727295
0.42181459069252014
0.42180031538009644
0.4217647314071655
0.42174628376960754
0.4217398166656494
0.4217785894870758
0.4217800796031952
0.4217383861541748
0.42171570658683777
0.4217073321342468
0.4217270612716675
0.42173531651496887
0.4217110276222229
0.42169949412345886
0.4216989576816559
0.42169445753097534
0.42169785499572754
0.42168357968330383
0.4216814637184143
0.42170098423957825
0.42170384526252747
0.42169687151908875
0.4217028021812439
0.4217146337032318
0.421695351600647
0.42171812057495117
0.4217201769351959
0.42169609665870667
0.4217081367969513
0.42172056436538696
0.4217262864112854
0.421714186668396
0.42169684171676636
0.4216894209384918
0.4217018485069275
0.421723872423172
0.4217073619365692
