2.1678788661956787
2.3085410594940186
2.455188751220703
2.6013362407684326
2.749506950378418
2.914548873901367
3.054724931716919
3.1929285526275635
3.330636739730835
3.47137713432312
4.226545333862305
4.364254474639893
4.514925479888916
4.660439729690552
4.800647735595703
4.948813199996948
5.1029887199401855
5.253880977630615
5.404601335525513
5.5465192794799805
6.2744128704071045
6.437567472457886
6.578757047653198
6.7314183712005615
6.8770551681518555
7.044204235076904
7.20182466506958
7.351048707962036
7.5062620639801025
7.666366100311279
8.45626449584961
8.61689805984497
8.767429828643799
8.912083387374878
9.07598614692688
9.223126411437988
9.376260995864868
9.521552324295044
9.68144178390503
9.828498601913452
10.71145248413086
10.869599103927612
11.028297662734985
11.187402725219727
11.344155311584473
11.510266304016113
11.661928176879883
11.813599348068237
11.987744569778442
12.145390510559082
12.958693027496338
13.109546899795532
13.270169973373413
13.419841289520264
13.56603217124939
13.714206457138062
13.863869667053223
14.008583545684814
14.15329122543335
14.30342984199524
15.093393325805664
15.240602254867554
15.413096904754639
15.56228494644165
15.708935260772705
15.877545356750488
16.0322048664093
16.183488607406616
16.334121465682983
16.495821952819824
17.274827003479004
17.426478147506714
17.571630001068115
17.71379542350769
17.86405372619629
18.01649045944214
18.16612410545349
18.320265531539917
18.469074964523315
18.673157215118408
19.446585655212402
19.59469223022461
19.73989486694336
19.929699659347534
20.080097913742065
20.22778081893921
20.392439365386963
20.54710555076599
20.715211153030396
20.871856451034546
21.65757656097412
21.8092303276062
21.953888177871704
22.112518787384033
22.278668642044067
22.426809549331665
22.574977159500122
22.72113609313965
22.874270915985107
23.032519578933716
23.82415199279785
23.97535729408264
24.123650312423706
24.348665714263916
24.503971576690674
24.67460060119629
24.833786249160767
24.987096786499023
25.14040780067444
25.339945793151855
26.16948914527893
26.315650939941406
26.468297004699707
26.659355878829956
26.808518886566162
26.955172777175903
27.1278178691864
27.275998830795288
27.422675848007202
27.582322597503662
28.38772225379944
28.55433940887451
28.710997343063354
28.861153602600098
29.008843660354614
29.157007932662964
29.31886124610901
29.48945426940918
29.647557973861694
29.815168619155884
30.613398790359497
30.766547203063965
30.935917615890503
31.08858633041382
31.25922131538391
31.434303283691406
31.586955308914185
31.745954751968384
31.901532888412476
32.0630829334259
32.89807844161987
33.05972933769226
33.22634768486023
33.39051270484924
33.54015350341797
33.68232440948486
33.841453075408936
33.99125003814697
34.129408836364746
34.27806568145752
35.032071352005005
35.17875623703003
35.336886405944824
35.48961663246155
35.64128661155701
35.809733867645264
35.96385741233826
36.11807680130005
36.27436852455139
36.43547987937927
37.237462759017944
37.39011883735657
37.55423164367676
37.70539402961731
37.85454487800598
37.99824047088623
38.14588522911072
38.294554710388184
38.44817781448364
38.639304876327515
39.47104239463806
39.65293598175049
39.830503702163696
39.995654344558716
40.17128610610962
40.34985828399658
40.516095876693726
40.68070721626282
40.84281849861145
40.999457120895386
41.835777044296265
42.021965742111206
42.17609977722168
42.35368251800537
42.50633263587952
42.682929277420044
42.84305286407471
43.007668018341064
43.16878318786621
43.33539056777954
44.198246240615845
44.3553831577301
44.51900005340576
44.68414831161499
44.88717269897461
45.079739809036255
45.25877642631531
45.421892166137695
45.590474128723145
45.78400683403015
46.646965980529785
46.802597999572754
46.97172427177429
47.17523241043091
47.33945870399475
47.51163959503174
47.67474722862244
47.871278524398804
48.06832408905029
48.25339412689209
49.08136296272278
49.24348545074463
49.39420247077942
49.57863974571228
49.739269495010376
49.88819432258606
50.063876152038574
50.22135019302368
50.38676404953003
50.54818391799927
51.36736059188843
51.55841016769409
51.70612931251526
51.85641121864319
52.03497314453125
52.20086932182312
52.37645602226257
52.536115884780884
52.69373178482056
52.84691524505615
53.69932150840759
53.860957622528076
54.02955675125122
54.18737578392029
54.35698342323303
54.5111083984375
54.6742057800293
54.82585644721985
54.98346543312073
55.13614249229431
55.93256688117981
56.08571457862854
56.25431442260742
56.414427518844604
56.56160235404968
56.714736223220825
56.87035918235779
57.034018993377686
57.1936240196228
57.36573910713196
58.19311785697937
58.34340214729309
58.49456739425659
58.65069103240967
58.82529640197754
58.98541784286499
59.14903688430786
59.29718804359436
59.4558219909668
59.62890815734863
60.47959566116333
60.648192405700684
60.79839038848877
60.96202039718628
61.13460922241211
61.304776430130005
61.4803683757782
61.658937215805054
61.82058262825012
61.982704401016235
62.86419630050659
63.05429267883301
63.21341061592102
63.3775315284729
63.533385276794434
63.701476097106934
63.864593505859375
64.03820395469666
64.18792724609375
64.35202431678772
65.17374086380005
65.31890439987183
65.48504710197449
65.64874792098999
65.79691433906555
65.9565589427948
66.13017344474792
66.28032159805298
66.4410035610199
66.63455486297607
67.44273281097412
67.59487390518188
67.74056053161621
67.90079283714294
68.06095767021179
68.21724510192871
68.3913209438324
68.54396915435791
68.69018816947937
68.87725710868835
69.69353604316711
69.89854311943054
70.05418658256531
70.2148265838623
70.39289212226868
70.54305911064148
70.72363090515137
70.89373254776001
71.08080720901489
71.23593473434448
72.09253311157227
72.27361798286438
72.42923879623413
72.62032651901245
72.77197742462158
72.95155692100525
73.10968685150146
73.30474090576172
73.45688796043396
73.63595032691956
74.50689005851746
74.66302633285522
74.82712244987488
75.04463791847229
75.19926238059998
75.3728597164154
75.52400517463684
75.67714047431946
75.82812809944153
75.98177003860474
76.82511973381042
76.97376871109009
77.12737989425659
77.2815260887146
77.44727301597595
77.59847259521484
77.74860334396362
77.91628098487854
78.07310438156128
78.22973966598511
79.06144738197327
79.21458506584167
79.38366746902466
79.58967447280884
79.76034736633301
79.91400718688965
80.07662200927734
80.2334303855896
80.43196058273315
80.58433508872986
81.43983626365662
81.60098314285278
81.76456308364868
81.96359276771545
82.14067077636719
82.33121275901794
82.50033664703369
82.66444396972656
82.82112669944763
83.00919699668884
83.81578254699707
83.96447038650513
84.11910247802734
84.26577734947205
84.43136763572693
84.5790479183197
84.74644589424133
84.90157866477966
85.07335686683655
85.22549962997437
86.06139469146729
86.24746751785278
86.4001886844635
86.5623254776001
86.7253942489624
86.9009690284729
87.06808137893677
87.22375440597534
87.37273740768433
87.53735876083374
88.35812997817993
88.50877857208252
88.68935751914978
88.86692571640015
89.04147934913635
89.19912910461426
89.37521290779114
89.55078196525574
89.71588444709778
89.87300515174866
90.67045068740845
90.85651302337646
91.0091757774353
91.17288613319397
91.34348154067993
91.49615669250488
91.68470406532288
91.8408362865448
92.00896215438843
92.16512775421143
93.03471899032593
93.19636845588684
93.35996294021606
93.52310132980347
93.68321919441223
93.87428164482117
94.0438859462738
94.23392701148987
94.40203213691711
94.58259963989258
95.44341707229614
95.60607862472534
95.79263591766357
95.9477653503418
96.13232922554016
96.29744052886963
96.47501492500305
96.62814736366272
96.81224489212036
96.99581480026245
97.85895252227783
98.01957535743713
98.22159814834595
98.38620972633362
98.55843782424927
98.71709203720093
98.87370491027832
99.03433513641357
99.18398523330688
99.33948922157288
100.16152954101562
100.31762361526489
100.46631217002869
100.6718897819519
100.82956838607788
100.98131847381592
101.12810707092285
101.27782821655273
101.42148423194885
101.56822037696838
102.35805416107178
102.51871657371521
102.6703531742096
102.82254958152771
102.98366951942444
103.14378619194031
103.30095434188843
103.45523381233215
103.62036800384521
103.77150630950928
104.58447647094727
104.7436010837555
104.90204167366028
105.05966663360596
105.20982193946838
105.35799646377563
105.499196767807
105.66363143920898
105.82679748535156
105.98726153373718
106.75809645652771
106.9077455997467
107.06542420387268
107.22555923461914
107.3717691898346
107.51643919944763
107.66458940505981
107.82322263717651
107.9749186038971
108.13405060768127
108.94046473503113
109.09062051773071
109.24391150474548
109.41762971878052
109.5647976398468
109.72447299957275
109.87561535835266
110.03127121925354
110.18042588233948
110.33158898353577
111.14992046356201
111.30608987808228
111.47468852996826
111.62883591651917
111.80097913742065
111.96362495422363
112.12182950973511
112.27596044540405
112.43587946891785
112.59350442886353
113.43170523643494
113.57985043525696
113.74709820747375
113.95712471008301
114.12474942207336
114.27440857887268
114.43004989624023
114.58623719215393
114.75086784362793
114.90703701972961
116.37177300453186
117.16649842262268
117.9304473400116
118.69707775115967
119.54061818122864
120.286612033844
121.12692666053772
121.9562635421753
122.74466609954834
123.53120064735413
124.92891359329224
125.77158975601196
126.55551767349243
127.36643481254578
128.18297600746155
129.01047945022583
129.8043715953827
130.56802821159363
131.32031416893005
132.1217212677002
133.47369170188904
134.27119755744934
135.02359008789062
135.8226661682129
136.59864163398743
137.43871331214905
138.23586916923523
139.0180242061615
139.82529854774475
140.63347744941711
141.9836573600769
142.820960521698
143.62553071975708
144.41402649879456
145.26137781143188
146.16804599761963
146.96863436698914
147.73154282569885
148.56529116630554
149.3542091846466
150.72994709014893
151.52275037765503
152.27581477165222
153.0504024028778
153.85029411315918
154.63475131988525
155.41170406341553
156.22759747505188
157.03657269477844
157.82528829574585
159.29078674316406
160.05193829536438
160.86703944206238
161.69135403633118
162.44184803962708
163.29978489875793
164.09451174736023
164.84792232513428
165.66466641426086
166.46173572540283
167.8538110256195
168.62008786201477
169.36303067207336
170.15196776390076
171.0440104007721
171.79134154319763
172.63131427764893
173.44459772109985
174.3070673942566
175.20467734336853
176.80845165252686
177.6694564819336
178.53606820106506
179.3819887638092
180.2335159778595
181.086012840271
181.95238137245178
182.8186845779419
183.66908144950867
184.57634687423706
186.22111535072327
187.1278579235077
188.03856658935547
188.9402723312378
189.83552861213684
190.7104561328888
191.5939917564392
192.46385788917542
193.34667801856995
194.22736167907715
195.797767162323
196.64819264411926
197.52865648269653
198.41948056221008
199.2785840034485
199.9973042011261
200.76424479484558
201.53330945968628
202.4215807914734
203.30829906463623
204.9264976978302
205.7754304409027
206.60201621055603
207.3605556488037
208.18267560005188
209.03805255889893
209.90637516975403
210.70926570892334
211.5039393901825
212.30686616897583
213.6363649368286
214.42466855049133
215.16586232185364
215.93090081214905
216.7531840801239
217.6279811859131
218.4893946647644
219.36776638031006
220.12824845314026
220.88616800308228
222.23617792129517
223.02455472946167
223.80656743049622
224.57627177238464
225.37313866615295
226.1621379852295
226.93510913848877
227.6787338256836
228.47523307800293
229.20975470542908
230.59575295448303
231.37469100952148
232.19413232803345
233.00798511505127
233.86779117584229
234.62981176376343
235.4280264377594
236.34237384796143
237.21077466011047
238.00392723083496
239.5670428276062
240.37256002426147
241.17673707008362
241.939110994339
242.77393293380737
243.5543303489685
244.32368206977844
245.10473799705505
245.86596179008484
246.65225481987
248.00428557395935
248.80031085014343
249.65795516967773
250.49211859703064
251.31540775299072
252.1867573261261
253.0045564174652
253.8559274673462
254.63235878944397
255.38083410263062
256.8106544017792
257.58784341812134
258.43608808517456
259.2833106517792
260.15106654167175
260.9612994194031
261.73054933547974
262.5252842903137
263.3033039569855
264.0815620422363
265.4760522842407
266.29229617118835
267.04692339897156
267.8534767627716
268.67239117622375
269.5074973106384
270.4046504497528
271.20909452438354
271.9570710659027
272.71529817581177
274.053236246109
274.8502953052521
275.74163699150085
276.60714530944824
277.4213275909424
278.1457209587097
278.92604088783264
279.69929599761963
280.5311551094055
281.3323585987091
282.7778718471527
283.641396522522
284.52882838249207
285.4229235649109
286.3267846107483
287.2216308116913
288.12545585632324
289.04024267196655
289.93149638175964
290.7936956882477
292.40040612220764
293.29546451568604
294.1761167049408
295.03372979164124
295.80004501342773
296.663743019104
297.46161818504333
298.29489183425903
299.1745729446411
299.9598503112793
301.26337242126465
302.084023475647
302.92815804481506
303.78450417518616
304.57546496391296
305.4084982872009
306.20729303359985
306.98452854156494
307.8266751766205
308.57931780815125
309.96611166000366
310.7409996986389
311.52656984329224
312.3179621696472
313.14351296424866
313.940908908844
314.70464754104614
315.5180513858795
316.374746799469
317.215291261673
318.6502718925476
319.42445945739746
320.19579243659973
320.97426891326904
321.9270977973938
322.8148522377014
323.57924246788025
324.3311047554016
325.08385586738586
325.87152123451233
327.2076253890991
328.0146725177765
328.7870147228241
329.5974180698395
330.4442558288574
331.2423748970032
332.04766297340393
332.81692814826965
333.68583607673645
334.4890854358673
335.8167128562927
336.58197569847107
337.4092285633087
338.1704556941986
338.930867433548
339.70057940483093
340.53411626815796
341.31379675865173
342.0949664115906
342.8713254928589
344.2642357349396
345.02361369132996
345.78906869888306
346.5998067855835
347.3871970176697
348.22115445137024
349.01088666915894
349.78396821022034
350.52691102027893
351.34974431991577
352.71878027915955
353.5780620574951
354.4228904247284
355.2266991138458
355.98103189468384
356.7683267593384
357.5317621231079
358.32883954048157
359.16473412513733
359.98454427719116
361.40188813209534
362.13986897468567
362.93389415740967
363.7014169692993
364.4725329875946
365.25426030158997
365.9989900588989
366.7782166004181
367.52604842185974
368.28998255729675
369.6402292251587
370.4437584877014
371.2262406349182
372.02376341819763
372.78660821914673
373.5707800388336
374.42010712623596
375.17748522758484
375.9349842071533
376.68977522850037
378.05736351013184
378.83448791503906
379.57552671432495
380.32313895225525
381.0879580974579
381.85648369789124
382.6177079677582
383.38081407546997
384.1661276817322
384.9213125705719
386.2904372215271
387.091509103775
387.9806959629059
388.8006076812744
389.6063587665558
390.46671438217163
391.2709445953369
392.0812277793884
392.9073214530945
393.7035071849823
395.14048504829407
395.89706468582153
396.6756775379181
397.41214060783386
398.19659519195557
398.9361529350281
399.73352789878845
400.54624700546265
401.33578181266785
402.1328663825989
403.47905349731445
404.2463538646698
405.01956963539124
405.7687497138977
406.567884683609
407.3065621852875
408.10830187797546
408.8970482349396
409.73610401153564
410.51371598243713
411.8985092639923
412.68386578559875
413.4555675983429
414.22027564048767
414.9679272174835
415.73194193840027
416.52319741249084
417.34058809280396
418.14384603500366
418.98008966445923
420.34424209594727
421.1163628101349
421.94584560394287
422.804160118103
423.6081552505493
424.4089653491974
425.20741510391235
425.962210893631
426.76930475234985
427.54715061187744
428.9759018421173
429.76312255859375
430.5423550605774
431.33418107032776
432.14727687835693
432.9221045970917
433.6888196468353
434.46598267555237
435.2302598953247
436.0199501514435
437.378178358078
438.17425870895386
438.9681029319763
439.79417419433594
440.56591963768005
441.3735342025757
442.1885426044464
443.04173731803894
443.8437387943268
444.631715297699
445.9808874130249
446.8083267211914
447.62689661979675
448.40336871147156
449.1568281650543
450.00185656547546
450.76320695877075
451.54370284080505
452.3302323818207
453.12469458580017
454.46649646759033
455.25025963783264
456.0678036212921
456.8869321346283
457.72817492485046
458.5608856678009
459.4253387451172
460.2605595588684
461.05223083496094
461.8578224182129
463.298269033432
464.1206226348877
464.8957688808441
465.6994252204895
466.5131411552429
467.30892300605774
468.1443853378296
468.9755229949951
469.7974627017975
470.58597016334534
471.93805503845215
472.7275106906891
473.5250098705292
474.32839608192444
475.16675186157227
475.96112990379333
476.78026723861694
477.6234040260315
478.42204093933105
479.1982786655426
480.5408761501312
481.35854601860046
482.1116101741791
482.8879804611206
483.63328552246094
484.39970779418945
485.13339018821716
485.87620067596436
486.6441502571106
487.40437412261963
488.71012353897095
489.4818227291107
490.2359733581543
491.020143032074
491.86428666114807
492.6820766925812
493.5084660053253
494.29399704933167
495.12741351127625
495.9490559101105
497.30192017555237
498.08905386924744
498.81696343421936
499.6668541431427
500.42530369758606
501.2150025367737
501.9738187789917
502.7358121871948
503.5123345851898
504.37986040115356
505.7068793773651
506.4839520454407
507.25184440612793
508.05609607696533
508.8001124858856
509.56917119026184
510.3530719280243
511.20911979675293
511.9841642379761
512.7813763618469
514.0973234176636
514.9291145801544
515.7211916446686
516.5053849220276
517.297379732132
518.1443271636963
518.9290914535522
519.6948478221893
520.4886074066162
521.2358887195587
522.6138377189636
523.3631463050842
524.1154589653015
524.896639585495
525.6639964580536
526.4653627872467
527.2391033172607
528.0044097900391
528.7561264038086
529.5168380737305
530.9061419963837
531.7292702198029
532.5453569889069
533.3525166511536
534.1433548927307
534.9922161102295
535.7850298881531
536.5642926692963
537.3294162750244
538.100129365921
539.475102186203
540.2553083896637
541.0285294055939
541.8044583797455
542.5645594596863
543.3385064601898
544.0725226402283
544.8521285057068
545.6099634170532
546.4145801067352
547.7129709720612
548.4989469051361
549.2773129940033
550.0325262546539
550.8346512317657
551.5659472942352
552.3492527008057
553.1636588573456
553.897522687912
554.6243226528168
555.9816091060638
556.754465341568
557.5012350082397
558.3237574100494
559.120082616806
559.8923320770264
560.6501173973083
561.4234158992767
562.2412464618683
563.0423474311829
564.4498705863953
565.2724332809448
566.1502766609192
566.9792621135712
567.7713994979858
568.5357527732849
569.3058948516846
570.0897178649902
570.9329264163971
571.7250978946686
573.1122717857361
573.8996751308441
574.6888084411621
575.4984006881714
576.2580411434174
577.0354623794556
577.8200669288635
578.5638155937195
579.3496747016907
580.1180734634399
581.505927324295
582.2553999423981
583.0233752727509
583.8606896400452
584.641930103302
585.426509141922
586.161514043808
586.9722676277161
587.7579536437988
588.511575460434
589.8412697315216
590.601042509079
591.3505036830902
592.1059665679932
592.8790895938873
593.6750161647797
594.4396986961365
595.2009270191193
595.9796054363251
596.7353129386902
598.1106088161469
598.9255149364471
599.7122302055359
600.4958009719849
601.3170716762543
602.1521656513214
602.9446005821228
603.769198179245
604.539229631424
605.3334910869598
606.6321604251862
607.4322926998138
608.2038462162018
609.0065085887909
609.8277378082275
610.5962378978729
611.3595769405365
612.1417791843414
612.9139425754547
613.6824867725372
615.0184314250946
615.7869868278503
616.545348405838
617.2712028026581
618.0387201309204
618.838344335556
619.6095979213715
620.3655853271484
621.1523296833038
621.9434707164764
623.2530899047852
624.0174517631531
624.8133776187897
625.5621838569641
626.2937581539154
627.0734632015228
627.8413219451904
628.646137714386
629.4035613536835
630.1614673137665
631.4846532344818
632.2573463916779
633.0461621284485
633.8505492210388
634.6528148651123
635.4505672454834
636.2498247623444
637.0719792842865
637.8479838371277
638.6143455505371
639.9473023414612
640.6966934204102
641.4267392158508
642.216808795929
642.9729313850403
643.6986837387085
644.4373507499695
645.225944519043
645.9794535636902
646.7357692718506
648.0820732116699
648.8572251796722
649.6189444065094
650.3819847106934
651.239500284195
651.9820075035095
652.7687151432037
653.6077880859375
654.3642764091492
655.1466166973114
656.532956123352
657.3651864528656
658.1984105110168
658.941558599472
659.7168970108032
660.4917542934418
661.256988286972
662.0302085876465
662.8390109539032
663.6362526416779
665.0458233356476
665.8360702991486
666.606353521347
667.3501935005188
668.1367480754852
668.9407489299774
669.7035882472992
670.4912176132202
671.2859535217285
672.0755770206451
673.5068266391754
674.3081336021423
675.0741856098175
675.8369781970978
676.6196320056915
677.4344477653503
678.2317123413086
679.0198545455933
679.7953751087189
680.568261384964
681.8981807231903
682.6688203811646
683.4430477619171
684.2080409526825
684.9796419143677
685.7576858997345
686.5392601490021
687.2933275699615
688.0328443050385
688.8121452331543
690.1463520526886
690.8869490623474
691.6370992660522
692.4066359996796
693.2064158916473
693.9876835346222
694.7686824798584
695.5964062213898
696.4031894207001
697.2235901355743
698.6521797180176
699.4579508304596
700.2480583190918
701.022221326828
701.8079698085785
702.6156401634216
703.3861169815063
704.2154598236084
704.9863467216492
705.7900900840759
707.2158379554749
708.013053894043
708.7924666404724
709.6280941963196
710.4136083126068
711.2475073337555
712.0259418487549
712.8423254489899
713.602073431015
714.3905441761017
714.9634983539581
714.9919683933258
715.0220015048981
715.0479321479797
715.0738627910614
715.1006860733032
715.1261260509491
715.1450753211975
715.1630289554596
715.1804895401001
715.7706060409546
715.7895641326904
715.809047460556
715.8279986381531
715.8469469547272
715.8658971786499
715.8838510513306
715.9034931659698
715.921537399292
715.939489364624
716.5387048721313
716.556657075882
716.574609041214
716.5926241874695
716.6106123924255
716.6295495033264
716.6475009918213
716.6644580364227
716.6829264163971
716.7006831169128
717.2915072441101
717.3090288639069
717.326491355896
717.3434453010559
717.3613975048065
717.378387928009
717.3953585624695
717.4129021167755
717.4313633441925
717.4483172893524
718.0022337436676
718.0200769901276
718.0370345115662
718.0549862384796
718.0759313106537
718.0924034118652
718.1104016304016
718.1273677349091
718.1463043689728
718.1642980575562
718.7254042625427
718.7423596382141
718.7593173980713
718.7772676944733
718.7948920726776
718.81236743927
718.83132147789
718.8492696285248
718.8672204017639
718.8841886520386
719.4476330280304
719.4645903110504
719.4819223880768
719.4990348815918
719.5162484645844
719.5351979732513
719.5521523952484
719.5701055526733
719.5875775814056
719.6040420532227
720.1685371398926
720.1869328022003
720.2044043540955
720.2218680381775
720.238817691803
720.256769657135
720.2737309932709
720.2917294502258
720.3086843490601
720.3251438140869
720.9065871238708
720.9235854148865
720.9405462741852
720.9574136734009
720.9753737449646
720.9924077987671
721.0109105110168
721.0298683643341
721.0478138923645
721.0658016204834
721.6314134597778
721.6483697891235
721.6673483848572
721.6868240833282
721.7037920951843
721.7212464809418
721.7391974925995
721.7561576366425
721.7730894088745
721.7911958694458
