14.99140453338623
13.367607116699219
12.07744312286377
12.063591003417969
11.718256950378418
11.024816513061523
10.11319637298584
9.371115684509277
8.96304988861084
8.597500801086426
8.017049789428711
7.268287181854248
6.664790153503418
6.123526573181152
5.806354999542236
5.346234321594238
4.721899509429932
3.959663152694702
3.417198419570923
2.8764023780822754
3.0970051288604736
2.9352738857269287
2.3949339389801025
1.727454423904419
1.2457563877105713
1.0654568672180176
1.0820567607879639
1.2585177421569824
1.033550500869751
0.6436645984649658
0.8652791380882263
1.0075793266296387
1.0790958404541016
1.0873780250549316
1.0679274797439575
0.9403228759765625
0.7962450385093689
0.6116271018981934
0.7400766015052795
0.7509708404541016
0.4916846752166748
0.639595091342926
0.8056148886680603
0.6962448358535767
0.8164361119270325
0.9025871753692627
0.9254977107048035
0.8915930986404419
0.8834525942802429
0.6757661700248718
0.5036503076553345
0.49686431884765625
0.49532800912857056
0.5484879016876221
0.6685629487037659
0.6693065166473389
0.7198125123977661
0.7620751857757568
0.7458582520484924
0.6770268082618713
0.5608722567558289
0.4021376371383667
0.43793022632598877
0.5610480904579163
0.6176486611366272
0.614398717880249
0.5572929978370667
0.5407586693763733
0.42260587215423584
0.5742102861404419
0.6409153342247009
0.4557371139526367
0.59366375207901
0.7176071405410767
0.5924791097640991
0.4991888999938965
0.7618218660354614
0.8558675646781921
0.709100067615509
0.46500861644744873
0.5650565028190613
0.5786478519439697
0.3639042377471924
0.6961792707443237
0.8459463715553284
0.7582962512969971
0.46570152044296265
0.5074948072433472
0.5775690078735352
0.42162835597991943
0.5783498287200928
0.6814643740653992
0.5585283041000366
0.40871500968933105
0.4861071705818176
0.343438982963562
0.6384328007698059
0.7318809628486633
0.6063386797904968
0.3576233983039856
0.4377812147140503
0.42429119348526
0.391601026058197
0.34881383180618286
0.35169273614883423
0.3764137625694275
0.37813931703567505
0.3593146800994873
0.3283262252807617
0.34911036491394043
0.3540530800819397
0.3381982445716858
0.34050941467285156
0.3649502992630005
0.3677770495414734
0.3501579165458679
0.33394843339920044
0.3666102886199951
0.380474328994751
0.37287473678588867
0.34606754779815674
0.3409639000892639
0.36056190729141235
0.35830140113830566
0.33646225929260254
0.34592151641845703
0.3615662455558777
0.3559574484825134
0.3376960754394531
0.3393977880477905
0.34461915493011475
0.32972246408462524
0.34622400999069214
0.35627782344818115
0.3458291292190552
0.3260180354118347
0.33251941204071045
0.3246039152145386
0.3416478633880615
0.3380998969078064
0.3274455666542053
0.3283679485321045
0.3331109881401062
0.3333777189254761
0.32878369092941284
0.33285021781921387
0.3269672393798828
0.3310292959213257
0.3275349736213684
0.32492727041244507
42.3520622253418
41.779693603515625
41.006072998046875
40.10374450683594
39.11090087890625
38.05123519897461
36.94015884399414
35.79106140136719
34.6152458190918
33.41948318481445
32.21056365966797
30.991098403930664
29.766544342041016
28.54185676574707
27.318241119384766
26.09610366821289
24.87881851196289
23.668590545654297
22.46541976928711
21.270790100097656
20.083833694458008
18.90699005126953
17.739614486694336
16.59096908569336
15.503133773803711
14.471096992492676
13.48011589050293
12.549227714538574
11.6566743850708
10.784879684448242
9.929502487182617
9.083622932434082
8.239367485046387
7.422196865081787
6.759142875671387
6.201796054840088
5.701282501220703
5.233037948608398
4.7881598472595215
4.366116046905518
3.968179941177368
3.6021618843078613
3.2631490230560303
2.938710927963257
2.621044635772705
2.3213770389556885
2.0818135738372803
2.0082197189331055
1.9651503562927246
1.936455488204956
1.9428305625915527
1.9573911428451538
1.9599610567092896
1.9326980113983154
1.8729016780853271
1.7882332801818848
1.6791962385177612
1.5491554737091064
1.3960623741149902
1.2512145042419434
1.1485412120819092
1.094560146331787
1.0822973251342773
1.1067004203796387
1.1308789253234863
1.1271915435791016
1.0976957082748413
1.0445693731307983
0.9848954081535339
0.936488151550293
0.908800482749939
0.8927110433578491
0.8849012851715088
0.8825080990791321
0.879481315612793
0.8668089509010315
0.8521252274513245
0.838311493396759
0.8279203176498413
0.8193067312240601
0.81083083152771
0.8049948215484619
0.7975928783416748
0.7890253663063049
0.78232741355896
0.7795944213867188
0.7772618532180786
0.7747071981430054
0.7712535858154297
0.7689515948295593
0.7657090425491333
0.7627700567245483
0.7598471641540527
0.7595532536506653
0.7567604780197144
0.7534503936767578
0.7540476322174072
0.7530779838562012
0.750612199306488
0.7507588863372803
0.7511481046676636
0.7505356669425964
0.7492280602455139
0.7470982074737549
0.7450342178344727
0.7456475496292114
0.7463129758834839
0.7449343204498291
0.7423171997070312
0.7438511252403259
0.7426583766937256
0.7415107488632202
0.7431782484054565
0.7432129383087158
0.7416341304779053
0.7404458522796631
0.7407987117767334
0.739182710647583
0.7408100366592407
0.7408211827278137
0.7389739751815796
0.7403725385665894
0.7411425113677979
0.7397162914276123
0.7387497425079346
0.7399634122848511
0.7403733134269714
0.7390028238296509
0.7383242845535278
0.7404845356941223
0.7398018836975098
0.7368844747543335
0.737359881401062
0.7370530366897583
0.7370235323905945
0.7368416786193848
0.7367376089096069
0.7380752563476562
0.7380795478820801
0.7363012433052063
0.7397258281707764
0.7405534982681274
0.7386264801025391
0.7367814779281616
0.7380543351173401
0.73744797706604
0.7375972270965576
0.7380822896957397
0.7379506826400757
0.7372816205024719
0.7361308336257935
0.7359535694122314
0.7357336282730103
0.7354715466499329
0.7357568740844727
0.7358521223068237
0.7357618808746338
0.7357156872749329
0.7357040643692017
0.7356900572776794
0.7356920838356018
0.7355607748031616
0.7354787588119507
0.7353372573852539
0.7352250814437866
0.7351285219192505
0.7351974248886108
0.7352007031440735
0.7351458072662354
0.7352005243301392
0.7351523637771606
0.7350664734840393
0.735058069229126
0.7349892854690552
0.7348725199699402
0.7349302172660828
0.7349874973297119
0.7349736094474792
0.7349041700363159
0.7347785830497742
0.734818696975708
0.7348215579986572
0.7347831130027771
0.7349667549133301
0.7349641919136047
0.7347817420959473
0.7348853349685669
0.7349497675895691
0.734950065612793
0.7349534034729004
0.7347565293312073
0.7345821857452393
0.7346899509429932
0.7347602248191833
0.7346417903900146
0.7345300316810608
0.7347323894500732
0.7347483038902283
0.7344925403594971
0.7345263361930847
0.7346655130386353
0.7346163988113403
0.7343933582305908
0.7343755960464478
0.7344653010368347
0.734301745891571
0.7342145442962646
0.7343472838401794
0.7343677282333374
0.7342045307159424
0.7341740131378174
0.7342198491096497
0.7341024875640869
0.7341300249099731
0.7341296672821045
0.7339859008789062
0.733962893486023
0.7339023351669312
0.7340711355209351
0.7340813875198364
0.7339619398117065
0.7339324951171875
0.7338329553604126
0.7337815761566162
0.7338080406188965
0.733802855014801
0.7337878346443176
0.7337183356285095
0.7338135242462158
0.7337386608123779
0.7337828874588013
0.7337571978569031
0.7337164878845215
0.7338255643844604
0.7337751388549805
0.7335522174835205
0.7338483929634094
0.7339403629302979
0.7337604761123657
0.733595609664917
0.7337581515312195
0.7338781952857971
0.7338168621063232
0.7335882186889648
0.7336422801017761
0.7337252497673035
0.7338011264801025
0.7337016463279724
0.7335405945777893
0.733364462852478
0.7334601879119873
0.7333911657333374
0.7333641052246094
0.7333837747573853
0.7334572076797485
0.7332750558853149
0.7334873676300049
0.7336349487304688
0.7335964441299438
0.7333922386169434
0.733426034450531
0.7335599660873413
0.7334293127059937
0.7333114743232727
0.733406662940979
0.7333254814147949
0.7332929372787476
0.7332900762557983
0.733246386051178
0.7332611680030823
0.7333211898803711
0.7332830429077148
0.7332724332809448
0.7332578897476196
0.73322594165802
0.7332204580307007
0.7332885265350342
0.7332781553268433
0.7332638502120972
0.7333390712738037
0.7332247495651245
0.7333616018295288
0.7334372997283936
0.7333356142044067
0.7333192825317383
0.7333949208259583
0.7334221005439758
0.733343243598938
0.733231782913208
0.7334350943565369
0.7334943413734436
0.7333810329437256
0.733177125453949
0.7335073947906494
0.7335579991340637
0.7333488464355469
0.7332637310028076
0.7334016561508179
0.7333548665046692
0.7332504987716675
0.7333022356033325
0.7332900762557983
0.7332292795181274
0.7331790924072266
0.7331250905990601
0.7332198619842529
0.7331408262252808
0.7331967353820801
0.7331494092941284
0.7331658005714417
0.7331235408782959
0.7332340478897095
0.7331730723381042
0.7332882881164551
0.7332895994186401
0.7332112789154053
0.7332996129989624
0.7332612872123718
0.733109712600708
0.733216404914856
0.733126163482666
0.7332152724266052
0.7332003712654114
0.7331247329711914
0.7331011295318604
0.7331548929214478
0.733085036277771
0.7333219051361084
0.7333250641822815
0.7330751419067383
0.7334204912185669
0.7335900068283081
0.733576238155365
0.7333970069885254
0.7331318855285645
0.7332407236099243
0.7332327365875244
0.7331528663635254
0.7332967519760132
0.7333589196205139
0.7332495450973511
0.7331472635269165
0.733256459236145
0.7331984043121338
0.7331112623214722
0.7331622838973999
0.7330746650695801
0.7330669164657593
0.7330609560012817
0.7331411838531494
113.94528198242188
109.2235107421875
105.13688659667969
101.25392150878906
97.23772430419922
93.21281433105469
89.13082885742188
85.11798095703125
81.54734802246094
77.82994079589844
74.18978118896484
70.9796142578125
67.97663116455078
64.65892028808594
61.57218933105469
58.5875358581543
55.99064254760742
53.488487243652344
50.85012435913086
48.08599090576172
45.41895294189453
43.2974853515625
41.39773178100586
39.237300872802734
36.909828186035156
34.47800064086914
32.50417709350586
31.07549476623535
29.998281478881836
29.132129669189453
27.914894104003906
26.79727554321289
25.59357452392578
24.283382415771484
23.04957389831543
21.660249710083008
20.103588104248047
18.45939064025879
17.2590274810791
16.196823120117188
15.409446716308594
14.77072811126709
14.129460334777832
13.459526062011719
12.525321006774902
11.481412887573242
10.319284439086914
9.130319595336914
7.931779384613037
6.961415767669678
6.198657989501953
5.618098258972168
4.9676079750061035
4.163388252258301
3.548717975616455
3.509021759033203
3.44036865234375
3.303307056427002
3.290801525115967
3.331315279006958
3.4241132736206055
3.4771645069122314
3.342963933944702
3.3570263385772705
3.2585270404815674
3.224933385848999
3.113968849182129
3.0034661293029785
2.815610885620117
2.7200188636779785
2.8265552520751953
2.942694664001465
2.8713014125823975
2.580573797225952
2.4960429668426514
2.3593926429748535
2.4472641944885254
2.3932342529296875
2.327979803085327
2.307516098022461
2.1335506439208984
1.9699807167053223
1.8055665493011475
2.0189056396484375
2.069960594177246
1.9825328588485718
1.830318570137024
1.8384957313537598
1.823723554611206
1.8518015146255493
1.8748475313186646
1.7646706104278564
1.7487351894378662
1.8368752002716064
1.8360687494277954
1.7560184001922607
1.636568546295166
1.6612259149551392
1.7079027891159058
1.771665334701538
1.6661564111709595
1.6004738807678223
1.5598512887954712
1.7033358812332153
1.7874107360839844
1.6476901769638062
1.6826865673065186
1.6690878868103027
1.7153618335723877
1.7594741582870483
1.6488784551620483
1.6801350116729736
1.6710278987884521
1.8520455360412598
1.8485965728759766
1.6877522468566895
1.7159678936004639
1.6533174514770508
1.5977587699890137
1.5622553825378418
1.5945608615875244
1.6183500289916992
1.595339298248291
1.5982067584991455
1.605616807937622
1.5738019943237305
1.6175416707992554
1.5513789653778076
1.4517872333526611
1.6689434051513672
1.6285996437072754
1.6905626058578491
1.7524311542510986
1.6769458055496216
1.6455910205841064
1.6553277969360352
1.707977294921875
1.6354012489318848
1.6371012926101685
1.5276942253112793
1.6468538045883179
1.5820958614349365
1.522726058959961
1.7179878950119019
1.786280632019043
1.6428136825561523
1.6105194091796875
1.7641170024871826
1.6867516040802002
1.6144185066223145
20.72222137451172
20.663414001464844
20.601184844970703
20.515316009521484
20.418550491333008
20.333614349365234
20.255016326904297
20.215147018432617
20.13437843322754
20.02871322631836
19.940629959106445
19.85232925415039
19.794723510742188
19.777841567993164
19.76287078857422
19.734973907470703
19.70266342163086
19.666807174682617
19.627161026000977
19.583393096923828
19.551700592041016
19.509008407592773
19.489408493041992
19.45831871032715
19.436418533325195
19.434818267822266
19.432044982910156
19.434677124023438
19.439355850219727
19.44196128845215
19.45024299621582
19.450849533081055
19.453378677368164
19.45929527282715
19.452999114990234
19.447046279907227
19.4404239654541
19.4329776763916
19.4254150390625
19.408557891845703
19.400625228881836
19.39266014099121
19.384679794311523
19.373945236206055
19.383390426635742
19.38442611694336
19.37911605834961
19.377521514892578
19.382854461669922
19.388690948486328
19.39409637451172
19.397380828857422
19.396465301513672
19.395648956298828
19.39036750793457
19.38892364501953
19.388874053955078
19.389232635498047
19.392732620239258
19.388763427734375
19.388803482055664
19.38831329345703
19.38957405090332
19.39263916015625
19.395366668701172
19.39952850341797
19.40052604675293
19.401891708374023
19.40618324279785
19.40847396850586
19.409229278564453
19.410240173339844
19.410070419311523
19.40550994873047
19.403160095214844
19.400575637817383
19.39853858947754
19.39570426940918
19.394269943237305
19.39236068725586
19.39255142211914
19.391094207763672
19.39103889465332
19.391586303710938
19.394630432128906
19.394100189208984
19.392858505249023
19.396757125854492
19.396142959594727
19.396106719970703
19.396181106567383
19.396026611328125
19.39565086364746
19.395523071289062
19.394695281982422
19.393787384033203
19.392833709716797
19.391366958618164
19.39065933227539
19.3907470703125
19.39072036743164
19.388988494873047
19.38829803466797
19.38827133178711
19.387866973876953
19.38765525817871
19.388071060180664
19.387815475463867
19.387510299682617
19.387191772460938
19.387496948242188
19.388362884521484
19.38865852355957
19.387683868408203
19.38787078857422
19.387657165527344
19.386653900146484
19.387357711791992
19.386083602905273
19.386150360107422
19.385915756225586
19.38396644592285
19.38368034362793
19.384323120117188
19.384750366210938
19.384227752685547
19.38389778137207
19.383651733398438
19.382936477661133
19.38274383544922
19.382444381713867
19.38214683532715
19.382080078125
19.382410049438477
19.38210105895996
19.381786346435547
19.38149642944336
19.381126403808594
19.380830764770508
19.38045883178711
19.380294799804688
19.37998390197754
19.37970733642578
19.379411697387695
19.37965965270996
19.379377365112305
19.379085540771484
19.37824821472168
19.37795639038086
19.37765121459961
19.377355575561523
18.889705657958984
18.41033935546875
17.929073333740234
17.445281982421875
16.936185836791992
16.41971778869629
15.908060073852539
15.38259220123291
14.853014945983887
14.323933601379395
13.80284595489502
13.288664817810059
12.808753967285156
12.352084159851074
11.914165496826172
11.49081802368164
11.092052459716797
10.745760917663574
10.476371765136719
10.268798828125
10.083378791809082
9.927648544311523
9.803207397460938
9.685214042663574
9.562307357788086
9.430426597595215
9.300785064697266
9.150568962097168
8.975451469421387
8.784555435180664
8.58508586883545
8.373994827270508
8.165719985961914
7.952406406402588
7.751111030578613
7.582376956939697
7.420788288116455
7.2684221267700195
7.1160125732421875
6.97062349319458
6.839192867279053
6.71743631362915
6.604530334472656
6.506356716156006
6.419266223907471
6.336581230163574
6.243017196655273
6.144607067108154
6.045846462249756
5.952785491943359
5.859622955322266
5.789697647094727
5.738337516784668
5.70452356338501
5.674334526062012
5.6426591873168945
5.614176273345947
5.576887130737305
5.541998863220215
5.506163597106934
5.472104072570801
5.440431594848633
5.411628246307373
5.3907599449157715
5.366998672485352
5.336641311645508
5.30601692199707
5.270046234130859
5.23220682144165
5.1939005851745605
5.162277698516846
5.131994724273682
5.104026794433594
5.07504415512085
5.047450542449951
5.020303249359131
4.992473125457764
4.962308406829834
4.930318355560303
4.894075870513916
4.85780143737793
4.818357467651367
4.778977394104004
4.740235805511475
4.701364517211914
4.66294002532959
4.6259446144104
4.588779449462891
4.5518107414245605
4.513852119445801
4.475656509399414
4.437670707702637
4.402917385101318
4.364709854125977
4.326639175415039
4.288347244262695
4.248622417449951
4.207888603210449
4.168981552124023
4.1287641525268555
4.076277732849121
4.024227619171143
3.9665281772613525
3.902179479598999
3.841930389404297
3.799025058746338
3.771555185317993
3.7465922832489014
3.7221779823303223
3.6918299198150635
3.659895181655884
3.6252589225769043
3.58920955657959
3.552811622619629
3.512956380844116
3.4690346717834473
3.4246020317077637
3.3839564323425293
3.35025691986084
3.317824363708496
3.286905527114868
3.258845090866089
3.229614019393921
3.1965250968933105
3.160659074783325
3.126807928085327
3.0922505855560303
3.0573904514312744
3.0264413356781006
2.9973976612091064
2.9679713249206543
2.9402060508728027
2.9123783111572266
2.8850464820861816
2.8566815853118896
2.830228567123413
2.8014848232269287
2.775139808654785
2.751188278198242
2.7251877784729004
2.7021708488464355
2.680492639541626
2.6637911796569824
2.6516199111938477
2.6415553092956543
2.635509729385376
2.631795883178711
2.628657102584839
2.628286600112915
2.6271586418151855
2.6262459754943848
2.627195119857788
2.6284303665161133
2.630781412124634
2.631441116333008
2.6328418254852295
2.633975028991699
2.6353259086608887
2.6356611251831055
2.634080171585083
2.636227607727051
2.6360321044921875
2.6366491317749023
2.637153148651123
2.63729190826416
2.6390631198883057
2.638227939605713
2.638761520385742
2.638091564178467
2.637906312942505
2.6375365257263184
2.638221263885498
2.6387288570404053
2.638559341430664
2.638646125793457
2.6381735801696777
2.6392223834991455
2.6390037536621094
2.638183116912842
2.638046979904175
2.6390111446380615
2.6375069618225098
2.6375207901000977
2.6359057426452637
2.6368257999420166
2.6380794048309326
2.6400039196014404
2.6391427516937256
2.637883424758911
2.638516426086426
2.6387665271759033
2.6384499073028564
2.6377816200256348
2.6368916034698486
2.63632869720459
2.6361212730407715
2.634277820587158
2.633317470550537
2.6355934143066406
2.6341662406921387
2.6341021060943604
2.6337380409240723
2.6335513591766357
2.6329541206359863
2.6331381797790527
2.632960319519043
2.6330833435058594
2.6320018768310547
2.6363511085510254
2.634334087371826
2.6343765258789062
2.634375810623169
2.6349451541900635
2.635044813156128
2.634805202484131
2.6341638565063477
2.636399269104004
2.636199712753296
2.6354997158050537
2.6374576091766357
2.637755870819092
2.63742995262146
2.6374101638793945
2.6367909908294678
2.636523962020874
2.63602614402771
2.636861562728882
2.6361865997314453
2.636850357055664
2.6398303508758545
2.6396782398223877
2.639065742492676
2.6406078338623047
2.641185998916626
2.6415183544158936
2.642062187194824
2.643681764602661
2.642427921295166
2.6422226428985596
2.6401000022888184
2.6403632164001465
2.6382200717926025
2.638105630874634
2.6380515098571777
2.6379644870758057
2.6379966735839844
2.639267683029175
2.6380348205566406
2.638014316558838
2.637850046157837
2.6376538276672363
2.6375391483306885
2.638477087020874
2.6384518146514893
2.6364312171936035
2.634944200515747
2.6344704627990723
2.6340575218200684
2.632962703704834
2.632603645324707
2.632418155670166
2.6318953037261963
2.6320717334747314
2.6317310333251953
2.631880283355713
2.6328296661376953
2.632629632949829
2.6319448947906494
2.6318142414093018
2.631042003631592
2.6302051544189453
2.629791498184204
2.629333972930908
2.629201650619507
2.6289186477661133
2.630053758621216
2.6305136680603027
2.6300888061523438
2.6300971508026123
2.6308178901672363
2.630121946334839
2.6295933723449707
2.629528522491455
2.6289303302764893
2.6306655406951904
2.629218816757202
2.631298780441284
2.6306650638580322
2.6315078735351562
2.6297149658203125
2.629625082015991
2.628873348236084
2.628277063369751
2.626791477203369
2.629171848297119
2.6291587352752686
2.6272952556610107
2.6255850791931152
2.6249587535858154
2.625932455062866
2.6246635913848877
2.624291181564331
2.625680446624756
2.6258187294006348
2.625981092453003
2.626563549041748
2.6275177001953125
2.6269683837890625
2.6262471675872803
2.6280934810638428
2.631146192550659
2.6299266815185547
2.6301968097686768
2.6299853324890137
2.6298489570617676
2.6296982765197754
2.631406545639038
2.630786418914795
2.633974313735962
2.634535074234009
2.634601593017578
2.6344282627105713
2.634098529815674
2.633723735809326
2.634042501449585
2.633756160736084
2.632521867752075
2.635516405105591
2.6355576515197754
2.6355459690093994
2.6355249881744385
2.635788679122925
2.6358022689819336
2.635484218597412
2.635467529296875
2.6352577209472656
2.6352360248565674
2.635223150253296
2.635059356689453
2.6354172229766846
2.635976791381836
2.6359949111938477
2.637491464614868
2.638010263442993
2.6379759311676025
2.6378071308135986
2.6379342079162598
2.637923240661621
2.637920618057251
2.6380984783172607
2.638105869293213
2.6375694274902344
2.637568473815918
2.638106107711792
2.637925148010254
2.6379201412200928
2.637916088104248
2.6379125118255615
2.637911081314087
2.637909412384033
2.637909173965454
2.6379098892211914
2.6379098892211914
2.6379098892211914
2.6379077434539795
2.637904644012451
2.6379005908966064
2.6378955841064453
2.6378941535949707
2.637892961502075
2.637892484664917
2.6378934383392334
2.637892246246338
2.6378917694091797
2.6378910541534424
2.6378896236419678
2.637887477874756
2.6378860473632812
2.6371753215789795
2.6371753215789795
2.637174367904663
2.6371726989746094
2.6371729373931885
2.637172222137451
2.6371710300445557
2.6371710300445557
2.63716983795166
2.637169122695923
2.636641263961792
2.636638879776001
2.636045217514038
2.636045217514038
2.636045455932617
2.636575222015381
2.6365742683410645
2.636573314666748
2.6365721225738525
2.6364011764526367
2.636401891708374
0.3901534378528595
0.3832693099975586
0.3764577805995941
0.36973750591278076
0.36312335729599
0.35661783814430237
0.35028865933418274
0.34434592723846436
0.3389558792114258
0.33407384157180786
0.32965347170829773
0.3258366882801056
0.32284465432167053
0.3206394910812378
0.319175124168396
0.31838494539260864
0.3182917833328247
0.3187801241874695
0.31964248418807983
0.3200719356536865
0.31997203826904297
0.31950709223747253
0.3187115490436554
0.31774669885635376
0.3167475163936615
0.3158319592475891
0.31504493951797485
0.31434816122055054
0.3138026297092438
0.31355252861976624
0.31356003880500793
0.3135770857334137
0.3135770857334137
0.3134797215461731
0.31318557262420654
0.3128383159637451
0.31255513429641724
0.31233009696006775
0.31213319301605225
0.3119966387748718
0.31186187267303467
0.31175678968429565
0.31164178252220154
0.31158652901649475
0.3115348815917969
0.31147071719169617
0.3113950490951538
0.3112752437591553
0.31110885739326477
0.31094661355018616
0.31101131439208984
0.31106340885162354
0.3110661208629608
0.31101974844932556
0.3109143376350403
0.31078028678894043
0.31070229411125183
0.3107682168483734
0.31084778904914856
0.31081822514533997
0.31070756912231445
0.3106072247028351
0.31058406829833984
0.31063663959503174
0.31069037318229675
0.3106744885444641
0.31062349677085876
0.31059396266937256
0.3106297552585602
0.3106503486633301
0.31057390570640564
0.3105851113796234
0.3106289505958557
0.31063327193260193
0.3106057345867157
0.31059199571609497
0.3105941414833069
0.3106060028076172
0.31061846017837524
0.31057366728782654
0.3105553388595581
0.31052476167678833
0.3105298578739166
0.3105751872062683
0.3105241656303406
0.31053534150123596
0.3105449974536896
0.31053003668785095
0.3105655610561371
0.31054410338401794
0.3104775846004486
0.310479998588562
0.31054845452308655
0.3105395436286926
0.3105306327342987
0.31058356165885925
0.31056296825408936
0.3105210065841675
0.3104715347290039
0.31045737862586975
