2.301002264022827
2.4531099796295166
2.60871958732605
2.7668113708496094
2.92740535736084
3.0775177478790283
3.2381210327148438
3.3922278881073
3.5478365421295166
3.7034459114074707
3.8565456867218018
4.007169723510742
4.160271406173706
4.317876815795898
4.4779953956604
4.627588748931885
4.779693126678467
4.935299634933472
5.084417819976807
5.239029407501221
5.386153221130371
5.552746772766113
5.704371690750122
5.853485107421875
6.00909686088562
6.161203384399414
6.312824487686157
6.466925859451294
6.625530958175659
6.777640342712402
6.933246612548828
7.085353136062622
7.239970684051514
7.423510551452637
7.587590932846069
7.768140077590942
7.933720111846924
8.094807863235474
8.260398626327515
8.426977634429932
8.591057777404785
8.75264835357666
8.909749984741211
9.074339389801025
9.235936880111694
9.415481328964233
9.584542036056519
9.746137619018555
9.903230905532837
10.063826322555542
11.03757119178772
11.202640295028687
11.36821961402893
11.542786359786987
11.710850238800049
11.8913893699646
12.055984258651733
12.230544805526733
12.418553590774536
12.577157258987427
12.735759735107422
12.905820608139038
13.06641697883606
13.227011919021606
13.420007944107056
13.588583707809448
13.754160642623901
13.95165729522705
14.137183666229248
14.33070182800293
14.492779970169067
14.666343688964844
14.826941013336182
14.98203706741333
15.152607917785645
15.314690113067627
15.475283861160278
15.642860412597656
15.803938627243042
15.963534593582153
16.12262487411499
16.30117106437683
16.46376347541809
16.64231038093567
16.808383226394653
16.972965717315674
17.131563663482666
17.293644189834595
17.486155033111572
17.65273380279541
17.81082272529602
17.991371870040894
18.15196919441223
18.31604313850403
18.473645210266113
18.636234283447266
18.79731774330139
18.96389865875244
19.1524178981781
19.312503337860107
20.27605938911438
20.440649032592773
20.61071491241455
20.784268617630005
20.94187903404236
21.102959156036377
21.265550136566162
21.42363929748535
21.58024787902832
21.749820947647095
21.903922080993652
22.069510221481323
22.247066736221313
22.41912078857422
22.57772421836853
22.740804433822632
22.908379793167114
23.082938194274902
23.24951934814453
23.409604787826538
23.57120394706726
23.734283685684204
23.894877910614014
24.05747151374817
24.21656036376953
24.380154132843018
24.544230222702026
24.702829599380493
24.864420890808105
25.034477949142456
25.189093589782715
25.356706142425537
25.52376937866211
25.683401107788086
25.846444368362427
26.02898359298706
26.19058084487915
26.354166746139526
26.522230625152588
26.679835319519043
26.845905542373657
27.006505966186523
27.1700918674469
27.330174446105957
27.49675750732422
27.662342071533203
27.82342219352722
27.985018730163574
28.14410948753357
28.309691905975342
29.282085418701172
29.440183401107788
29.597787141799927
29.76437258720398
29.933439254760742
30.091047286987305
30.2646062374115
30.42867922782898
30.59525775909424
30.75334882736206
30.914939165115356
31.076533317565918
31.2820086479187
31.440099000930786
31.601694107055664
31.775256872177124
31.93434166908264
32.1129093170166
32.27349877357483
32.43358325958252
32.61910843849182
32.780699014663696
32.941781520843506
33.129305839538574
33.2879056930542
33.44499897956848
33.60659122467041
33.768672943115234
33.9242844581604
34.081889152526855
34.24496674537659
34.40257000923157
34.56165909767151
34.721256256103516
34.881860971450806
35.048924684524536
35.2055344581604
35.36462640762329
35.52521729469299
35.68381929397583
35.840911626815796
35.99652051925659
36.15660524368286
36.3241822719574
36.48677325248718
36.65384244918823
36.81743288040161
36.98004174232483
37.15608525276184
37.31568169593811
38.283238887786865
38.4433228969574
38.60292339324951
38.76699662208557
38.9206120967865
39.078710079193115
39.23930263519287
39.3989040851593
39.555041790008545
39.71763563156128
39.87572622299194
40.03532028198242
40.218852281570435
40.38492250442505
40.54551672935486
40.71109747886658
40.874175786972046
41.03576874732971
41.19636559486389
41.3624324798584
41.519044637680054
41.67813324928284
41.842714071273804
42.00929355621338
42.1703736782074
42.32897472381592
42.49755549430847
42.65763831138611
42.817241191864014
42.973336935043335
43.138916015625
43.30150890350342
43.46458315849304
43.619195222854614
43.78228259086609
43.938884973526
44.0994815826416
44.268542766571045
44.434125661849976
44.59222197532654
44.755807876586914
44.911417961120605
45.07249975204468
45.24007296562195
45.39916276931763
45.55975604057312
45.75525736808777
45.92283034324646
46.08391094207764
46.24251055717468
47.20159649848938
47.376152992248535
47.53774571418762
47.696834087371826
47.86640286445618
48.0439670085907
48.20305037498474
48.36663627624512
48.52425980567932
48.68434476852417
48.867881059646606
49.02448892593384
49.192553758621216
49.36611318588257
49.52770447731018
49.685791969299316
49.847386837005615
50.003498792648315
50.16708469390869
50.332667112350464
50.515206813812256
50.68227171897888
50.844865798950195
51.02242183685303
51.183496713638306
51.36404275894165
51.525673627853394
51.72113871574402
51.889201164245605
52.05976891517639
52.21837019920349
52.38144493103027
52.585923194885254
52.752501487731934
52.91059350967407
53.077168464660645
53.26369285583496
53.428277254104614
53.579384088516235
53.73699331283569
53.90505504608154
54.07762312889099
54.236222982406616
54.395315170288086
54.55491542816162
54.71500325202942
54.909505128860474
55.06810283660889
55.2267062664032
55.41970634460449
56.39238905906677
56.556684732437134
56.721749782562256
56.92871308326721
57.09178948402405
57.25536394119263
57.43390107154846
57.613924980163574
57.77650308609009
57.93808460235596
58.12110114097595
58.27968716621399
58.453240156173706
58.623292446136475
58.77888631820679
58.96739602088928
59.136955976486206
59.297032833099365
59.488094091415405
59.651684284210205
59.811767578125
59.9853310585022
60.13994336128235
60.31698036193848
60.48655080795288
60.652129888534546
60.81221270561218
61.002726316452026
61.17130088806152
61.3333797454834
61.51092767715454
61.67351794242859
61.834599018096924
62.006163358688354
62.177732944488525
62.33582353591919
62.51436686515808
62.677953243255615
62.84103226661682
63.0155873298645
63.178175926208496
63.335272550582886
63.50184774398804
63.66543388366699
63.832499265670776
63.99010181427002
64.16066813468933
64.32474160194397
64.49730205535889
64.66088819503784
65.63799262046814
65.79958629608154
65.9591863155365
66.15568947792053
66.32774043083191
66.50728344917297
66.67286705970764
66.83394718170166
66.99853491783142
67.17109823226929
67.3341748714447
67.48878479003906
67.65086531639099
67.8164439201355
67.99399399757385
68.17553043365479
68.33661341667175
68.50419044494629
68.6717689037323
68.83983063697815
68.99543738365173
69.15452408790588
69.32109951972961
69.48468708992004
69.63778972625732
69.80636310577393
69.9749345779419
70.16444993019104
70.32652831077576
70.48712396621704
70.65618586540222
70.83572769165039
70.99333333969116
71.15142178535461
71.3070297241211
71.47261261940002
71.63369226455688
71.79129362106323
71.95237398147583
72.11595797538757
72.27655267715454
72.43962907791138
72.59922432899475
72.75931119918823
72.92289519309998
73.08448886871338
73.27899146080017
73.43807864189148
73.59867358207703
73.75576829910278
74.73128604888916
74.89288258552551
75.06094455718994
75.22153878211975
75.37714958190918
75.5422191619873
75.7008204460144
75.90030908584595
76.06538009643555
76.22597193717957
76.3885612487793
76.5745780467987
76.73716640472412
76.90174984931946
77.06482648849487
77.23738741874695
77.39199924468994
77.55607199668884
77.71666526794434
77.88424253463745
78.0453233718872
78.21290159225464
78.37797403335571
78.53956365585327
78.69716835021973
78.86922121047974
79.02882122993469
79.19938969612122
79.35747933387756
79.51907420158386
79.67816209793091
79.83576130867004
80.00533056259155
80.16641163825989
80.32900023460388
80.49458265304565
80.65865635871887
80.81924891471863
80.99679708480835
81.16087126731873
81.33044147491455
81.48804211616516
81.65112090110779
81.81370854377747
81.9787802696228
82.14136695861816
82.30495285987854
82.46503686904907
82.6346070766449
82.7952036857605
83.78220248222351
83.94279718399048
84.09840393066406
84.25549507141113
84.41908097267151
84.58115935325623
84.74175238609314
84.90135550498962
85.06044602394104
85.22702836990356
85.38910603523254
85.54969811439514
85.71029448509216
85.87736010551453
86.05091977119446
86.2135112285614
86.38656377792358
86.55014967918396
86.71373534202576
86.87381911277771
87.02743268013
87.18352699279785
87.35209941864014
87.51668381690979
87.6777617931366
87.83935451507568
87.99744510650635
88.17299795150757
88.33159804344177
88.51513171195984
88.70664405822754
88.87071704864502
89.02831697463989
89.18640685081482
89.35896873474121
89.51956248283386
89.68164157867432
89.86816692352295
90.02776384353638
90.20779490470886
90.37038516998291
90.5269923210144
90.68707633018494
90.85365462303162
91.02023530006409
91.21473908424377
91.3867917060852
91.54439401626587
91.72393655776978
91.88501644134521
93.88718628883362
95.00683426856995
96.1678729057312
97.33489942550659
98.50543355941772
99.66648864746094
100.82011604309082
101.99812412261963
103.18311142921448
104.34274506568909
105.5147693157196
106.67082667350769
107.81640124320984
108.98748254776001
110.17549347877502
111.29514169692993
112.52002882957458
113.6731014251709
114.80571055412292
115.91644763946533
117.12947869300842
118.26823210716248
119.40073537826538
120.54447436332703
121.71975684165955
122.86256337165833
124.09627223014832
125.2699933052063
126.40738844871521
127.58813810348511
128.82359147071838
129.98942756652832
131.15384006500244
132.3393394947052
133.50827312469482
134.65872359275818
135.8478238582611
137.04924702644348
138.2784161567688
139.39631056785583
140.54657745361328
141.75573682785034
142.89543652534485
144.09528183937073
145.38112902641296
146.51149821281433
147.72565031051636
148.87203526496887
150.05938601493835
151.21330738067627
153.18037056922913
154.36482310295105
155.62588906288147
156.8430552482605
158.04241180419922
159.23867750167847
160.3990776538849
161.5844922065735
162.77516150474548
163.89253330230713
165.08890962600708
166.25564336776733
167.41705536842346
168.52168893814087
169.6283745765686
170.89713764190674
172.10862398147583
173.2921040058136
174.51253056526184
175.68506693840027
176.921546459198
178.12747287750244
179.2840220928192
180.45703101158142
181.6206521987915
182.78217029571533
183.95921087265015
185.11577153205872
186.30174469947815
187.4997684955597
188.65681672096252
189.82533383369446
190.94696760177612
192.13794207572937
193.2920002937317
194.4770278930664
195.60368514060974
196.74432015419006
197.93130230903625
199.05865097045898
200.33890509605408
201.49796962738037
202.68595457077026
203.8889045715332
205.02552700042725
206.21949219703674
207.4104597568512
208.6323630809784
209.7909278869629
210.96892976760864
212.9344458580017
214.07109260559082
215.241206407547
216.44225692749023
217.652357339859
218.80991101264954
219.98999452590942
221.17298531532288
222.35698795318604
223.52020645141602
224.73930287361145
225.97976779937744
227.1479423046112
228.34938883781433
229.55342841148376
230.76040744781494
231.9554145336151
233.12299132347107
234.3090009689331
235.50117349624634
236.61692309379578
237.72761750221252
238.9437346458435
240.13479447364807
241.28199791908264
242.42824864387512
243.58084297180176
244.76840996742249
245.93847036361694
247.13455939292908
248.2752640247345
249.45533442497253
250.6772747039795
251.86625623703003
253.01997423171997
254.18751502037048
255.32961773872375
256.52787375450134
257.7198736667633
258.9188394546509
260.09236311912537
261.2753539085388
262.5227017402649
263.6493299007416
264.9250741004944
266.06617522239685
267.35540294647217
268.4940142631531
269.6720209121704
270.83755230903625
272.7452495098114
273.96266984939575
275.08134484291077
276.27331733703613
277.45687460899353
278.6358892917633
279.81590938568115
281.01391196250916
282.1594913005829
283.3819191455841
284.5355603694916
285.8366892337799
287.0032277107239
288.12087631225586
289.3409390449524
290.47408723831177
291.73755955696106
292.86419439315796
294.05730175971985
295.2143976688385
296.3820586204529
297.49577474594116
298.7323331832886
299.90788435935974
301.07195115089417
302.2770097255707
303.5593276023865
304.77835607528687
305.9159731864929
307.1269292831421
308.2740566730499
309.4138607978821
310.612904548645
311.73821210861206
312.8785479068756
314.0289406776428
315.2219500541687
316.37262749671936
317.5557427406311
318.73828172683716
319.85006523132324
320.9989004135132
322.1598756313324
323.43315148353577
324.615282535553
325.79926919937134
326.98344373703003
328.2322976589203
329.4085371494293
330.6573967933655
332.61697149276733
333.72274136543274
334.8705208301544
336.02458596229553
337.2844796180725
338.4594967365265
339.57928919792175
340.7444519996643
342.0339879989624
343.2719974517822
344.4720952510834
345.70305013656616
346.9434745311737
348.2203299999237
349.42433762550354
350.6262834072113
351.8352019786835
353.009299993515
354.14201259613037
355.3349781036377
356.53411054611206
357.6813232898712
358.80696296691895
359.9436905384064
361.11672163009644
362.25838565826416
363.4055621623993
364.70984077453613
365.8495888710022
366.9789960384369
368.1175935268402
369.304571390152
370.42121982574463
371.5828182697296
372.7210249900818
373.8712639808655
375.10687923431396
376.331844329834
377.445672750473
378.61291456222534
379.7675702571869
380.96761870384216
382.19162702560425
383.28945422172546
384.50847935676575
385.7104506492615
386.906450510025
388.112416267395
389.32845425605774
390.48269271850586
392.35359287261963
393.5436375141144
394.7665259838104
395.93006706237793
397.05322456359863
398.187890291214
399.38388776779175
400.64682936668396
401.8643114566803
403.11313819885254
404.3191509246826
405.52312660217285
406.67276430130005
407.84876894950867
408.99892926216125
410.12556171417236
411.2491989135742
412.3488931655884
413.6022365093231
414.7937116622925
415.97070574760437
417.1028542518616
418.23945140838623
419.4822840690613
420.626389503479
421.8040134906769
422.9750552177429
424.10168051719666
425.3371138572693
426.62736558914185
427.8582489490509
429.01882791519165
430.1719009876251
431.30552077293396
432.5074574947357
433.6341071128845
434.8081171512604
436.0130560398102
437.1347029209137
438.33665895462036
439.65386843681335
440.7880120277405
441.92266035079956
443.11262941360474
444.33353972435
445.5175497531891
446.73246717453003
447.87209939956665
449.0182521343231
450.22320222854614
452.12269353866577
453.3676915168762
454.64910554885864
455.8580892086029
457.01023411750793
458.15783882141113
459.30417132377625
460.52656388282776
461.6423056125641
462.79393553733826
463.9600467681885
465.1501576900482
466.2798652648926
467.4412295818329
468.6068572998047
469.74805974960327
470.9037058353424
472.0129008293152
473.18601179122925
474.4273362159729
475.5806038379669
476.764874458313
477.93753027915955
479.12051248550415
480.34214067459106
481.5032572746277
482.6539053916931
483.89533710479736
485.083416223526
486.20606231689453
487.46802282333374
488.67305636405945
489.8476450443268
490.96035265922546
492.0984797477722
493.3126151561737
494.47315192222595
495.6852698326111
496.8658218383789
498.02408361434937
499.26324915885925
500.48515033721924
501.77943563461304
502.9375276565552
504.09519028663635
505.20556831359863
506.37026476860046
507.53148770332336
508.6652238368988
509.79085898399353
511.7211081981659
512.8582665920258
514.0902247428894
515.3261048793793
516.540116071701
517.7171339988708
518.9350469112396
520.0861415863037
521.271249294281
522.4817423820496
523.6687936782837
524.9366044998169
526.080803155899
527.1969475746155
528.3829607963562
529.5908954143524
530.7654068470001
531.9987750053406
533.1593306064606
534.3722622394562
535.6076309680939
536.7783172130585
537.9863545894623
539.2167913913727
540.385379076004
541.5763602256775
542.7056188583374
543.861213684082
545.0262625217438
546.1578903198242
547.2665820121765
548.387365102768
549.5294642448425
550.6910073757172
551.8829793930054
553.0630342960358
554.2929441928864
555.4859192371368
556.7318572998047
557.9444036483765
559.1239275932312
560.2366988658905
561.4117259979248
562.6602745056152
563.895838022232
565.0898826122284
566.245197057724
567.4017250537872
568.5664403438568
569.6817140579224
571.5328063964844
572.69286942482
573.8938090801239
575.035407781601
576.2144463062286
577.3540790081024
578.6024267673492
579.7599792480469
580.930634021759
582.1177124977112
583.2054555416107
584.3739793300629
585.5530424118042
586.6897959709167
587.8084583282471
589.0209441184998
590.204430103302
591.3535349369049
592.4931280612946
593.67205286026
594.8197157382965
596.0197031497955
597.2531559467316
598.4357407093048
599.668173789978
600.9310755729675
602.1775946617126
603.3176732063293
604.5067422389984
605.709780216217
606.8354461193085
608.0165376663208
609.1876678466797
610.4126572608948
611.6098473072052
612.7546572685242
613.8987467288971
615.1426150798798
616.2927317619324
617.4503180980682
618.6153600215912
619.7973566055298
620.9994688034058
622.1471092700958
623.2957146167755
624.4228467941284
625.5535881519318
626.7096748352051
627.8194780349731
628.9800481796265
630.9262449741364
632.1700839996338
633.3077561855316
634.488757610321
635.6214671134949
636.7994713783264
637.9762380123138
639.182186126709
640.3267743587494
641.5436744689941
642.7297325134277
643.8957929611206
645.1087474822998
646.322695016861
647.4483594894409
648.5635550022125
649.7685289382935
650.9767174720764
652.2504773139954
653.3975701332092
654.5670835971832
655.7710614204407
656.9302554130554
658.1242458820343
659.2548983097076
660.4698600769043
661.731217622757
662.9052271842957
664.1551642417908
665.3401291370392
666.5311322212219
667.6668500900269
668.8209137916565
670.0369217395782
671.1626572608948
672.3113262653351
673.5277547836304
674.6464092731476
675.7736995220184
676.9677293300629
678.1906144618988
679.339802980423
680.4904317855835
681.6735389232635
682.840081691742
684.0051558017731
685.1712820529938
686.332825422287
687.5297853946686
688.7328014373779
690.7966411113739
692.0165965557098
693.2035622596741
694.3182520866394
695.4862847328186
696.5920345783234
697.8295021057129
698.9611201286316
700.088255405426
701.2298486232758
702.4298624992371
703.5475158691406
704.6891152858734
705.8252151012421
706.9608156681061
708.1289269924164
709.3045098781586
710.4426140785217
711.5492873191833
712.7432615756989
713.8938522338867
715.0419306755066
716.1516060829163
717.3141295909882
718.4691886901855
719.6188519001007
720.7345869541168
721.9145748615265
723.0846171379089
724.2242388725281
725.3813755512238
726.6162242889404
727.8331384658813
729.041101694107
730.247022151947
731.4724130630493
732.7202322483063
733.8782827854156
735.0358397960663
736.1285519599915
737.2956809997559
738.4362633228302
739.5819115638733
740.7679452896118
741.9091141223907
743.1020774841309
744.2785818576813
745.4156877994537
746.5852143764496
747.8225753307343
749.8313221931458
750.9800491333008
752.1331315040588
753.3128218650818
754.4818489551544
755.6349203586578
756.7855045795441
757.9784719944
759.1814982891083
760.3302764892578
761.5042448043823
762.7543604373932
763.9495089054108
765.1078021526337
766.2659664154053
767.4376738071442
768.6027941703796
769.7639527320862
771.0457184314728
772.2178092002869
773.3910596370697
774.5746214389801
775.7272801399231
776.9032869338989
778.0220484733582
779.1466917991638
780.3238544464111
781.4919962882996
782.709451675415
783.8771169185638
785.0882802009583
786.3377313613892
787.5717668533325
788.8008892536163
790.0184054374695
791.1924061775208
792.3146467208862
793.5011720657349
794.6956675052643
795.8558828830719
796.9757251739502
798.1320667266846
799.3012380599976
800.518285036087
801.6854269504547
802.8251504898071
803.9961767196655
805.1831579208374
806.3527796268463
807.5452647209167
809.47434258461
810.6995053291321
811.9055473804474
813.0481748580933
814.1952564716339
815.4132227897644
816.6141710281372
817.7772274017334
819.0220720767975
820.2331531047821
821.4450716972351
822.6490137577057
823.8359870910645
825.0180094242096
826.1756625175476
827.3486733436584
828.505818605423
829.7716863155365
830.991631269455
832.1447005271912
833.3755695819855
834.5696341991425
835.6893577575684
836.884340763092
838.0189852714539
839.2284862995148
840.3800339698792
841.6158950328827
842.8108723163605
844.054206609726
845.2107696533203
846.3927619457245
847.6346256732941
848.8206169605255
850.1019244194031
851.3572130203247
852.5781044960022
853.8449823856354
854.9508073329926
856.0737845897675
857.2933986186981
858.4824328422546
859.5747582912445
860.7029860019684
861.8396961688995
863.0088293552399
864.1235406398773
865.2853615283966
866.4683659076691
867.6344356536865
869.5871412754059
870.7183814048767
871.8610472679138
873.0132079124451
874.1788446903229
875.3143434524536
876.4290392398834
877.602707862854
878.7175595760345
879.8607699871063
881.0379178524017
882.2134811878204
883.3292210102081
884.4734218120575
885.6002151966095
886.7455499172211
887.9002437591553
889.0480484962463
890.1826515197754
891.3647820949554
892.4470438957214
893.6201465129852
894.8392696380615
896.0589258670807
897.1657953262329
898.3667528629303
899.5090415477753
900.765038728714
901.9003312587738
903.1113784313202
904.2400438785553
905.4470980167389
906.5963153839111
907.7070367336273
908.8419396877289
909.9966132640839
911.1987173557281
912.3319888114929
913.4358036518097
914.5624587535858
915.732260465622
916.9342105388641
918.0749313831329
919.2371852397919
920.372008562088
921.5286283493042
922.648934841156
923.74085521698
924.8994126319885
926.0559046268463
927.6489245891571
927.7107887268066
927.7732191085815
927.8180510997772
927.8429868221283
927.8654587268829
927.8873977661133
927.9103593826294
927.9332797527313
927.9547379016876
927.9777100086212
927.9996411800385
928.0215847492218
928.0445330142975
928.0670113563538
928.0889604091644
928.111891746521
928.1338765621185
928.1563990116119
928.179328918457
928.2012798786163
928.224184513092
928.2467589378357
928.2686765193939
928.2916460037231
928.3145763874054
928.3365025520325
928.3599891662598
928.3819570541382
928.4038708209991
928.4268100261688
928.4483222961426
928.4702301025391
928.4931650161743
928.5151405334473
928.5370845794678
928.5596206188202
928.5825560092926
928.6045026779175
928.6274483203888
928.6489882469177
928.6709249019623
928.693864107132
928.7158036231995
928.737726688385
928.7602155208588
928.7821536064148
928.8041133880615
928.8270003795624
928.8485898971558
929.5861332416534
929.608069896698
929.6300117969513
929.6525163650513
929.6744248867035
929.6963703632355
929.7183117866516
929.7403166294098
929.763750076294
929.7857177257538
929.8076648712158
929.830575466156
929.8520650863647
929.8729884624481
929.8969204425812
929.9188656806946
929.9398126602173
929.9632678031921
929.9852094650269
930.0081453323364
930.0300893783569
930.0526537895203
930.0735852718353
930.0964982509613
930.1184594631195
930.1403863430023
930.1628532409668
930.1848242282867
930.2067484855652
930.2316694259644
930.2532339096069
930.276141166687
930.2981147766113
930.320056438446
930.3429753780365
930.365469455719
930.3873817920685
930.4103155136108
930.4322597980499
930.4537255764008
930.4776606559753
930.4986393451691
930.5205481052399
930.5434896945953
930.5669414997101
930.5888824462891
930.6108288764954
930.632791519165
930.6552448272705
930.679176568985
