15.171026229858398
13.547228813171387
11.923433303833008
10.299635887145996
9.690176010131836
9.148911476135254
9.089208602905273
8.918057441711426
8.45500659942627
7.777617454528809
7.515324592590332
6.949584007263184
6.436842918395996
5.767975807189941
5.597980499267578
5.478638648986816
5.307509422302246
5.292165756225586
5.15299129486084
4.808060646057129
4.2885870933532715
3.893615245819092
3.5301120281219482
3.1470999717712402
2.746891975402832
2.3886547088623047
2.181990623474121
1.831640362739563
2.0208418369293213
2.193230390548706
2.291090965270996
2.5322794914245605
2.4206414222717285
2.4263858795166016
2.3905084133148193
2.409745693206787
2.3735718727111816
2.2858426570892334
2.151916980743408
1.9765779972076416
1.9504503011703491
1.932719349861145
2.058443546295166
2.115675926208496
2.1647839546203613
2.1543383598327637
2.153778076171875
2.087394952774048
2.0302252769470215
1.9243673086166382
1.8397003412246704
1.9742012023925781
1.9927024841308594
2.0521819591522217
2.0513863563537598
2.1317334175109863
2.0011589527130127
1.9512027502059937
1.8524543046951294
1.9933507442474365
1.98605215549469
1.9608513116836548
2.0248546600341797
2.1280691623687744
1.9771158695220947
1.8769174814224243
2.012165069580078
1.9657388925552368
1.9178614616394043
2.199044704437256
2.23244571685791
2.0180821418762207
2.078688144683838
2.3112564086914062
2.3709893226623535
2.186715602874756
1.9490972757339478
2.1887824535369873
2.3264706134796143
2.216646194458008
1.8896833658218384
2.19075083732605
2.4281740188598633
2.415217399597168
2.180142879486084
1.9723832607269287
2.1492018699645996
2.2285656929016113
2.0794243812561035
1.8844634294509888
2.2060303688049316
2.3212954998016357
2.207566738128662
1.8899768590927124
2.1698250770568848
2.4026856422424316
2.3982181549072266
2.182173728942871
1.9882813692092896
2.0946145057678223
2.1626906394958496
2.1477863788604736
2.113506317138672
2.061939239501953
1.998387336730957
1.976196527481079
1.950809359550476
1.9225493669509888
1.8917053937911987
1.8863157033920288
1.9213199615478516
1.9318044185638428
1.9203708171844482
1.8893585205078125
1.8408433198928833
1.8151402473449707
1.8365815877914429
1.8629953861236572
1.8660411834716797
1.8481866121292114
1.811660885810852
1.8094853162765503
1.8449068069458008
1.8627345561981201
1.8583744764328003
1.834161639213562
1.8166661262512207
1.8118560314178467
1.8304840326309204
1.8270031213760376
1.8037348985671997
1.8080413341522217
1.8295631408691406
1.8377915620803833
1.8251031637191772
1.7936885356903076
1.815226674079895
1.8385872840881348
1.839695930480957
1.820865273475647
1.7917171716690063
1.8150911331176758
1.829904317855835
1.8234491348266602
1.7979353666305542
1.8053919076919556
1.82400643825531
1.8211171627044678
1.7989516258239746
1.801222562789917
26.96196937561035
26.502527236938477
25.857898712158203
25.10549545288086
24.29768943786621
23.498464584350586
22.75
22.01266098022461
21.23607063293457
20.421993255615234
19.58340072631836
18.73934555053711
17.905942916870117
17.093603134155273
16.30827522277832
15.554529190063477
14.885527610778809
14.28881549835205
13.721952438354492
13.170422554016113
12.637690544128418
12.13436222076416
11.665153503417969
11.216775894165039
10.77958869934082
10.345993041992188
9.912453651428223
9.481522560119629
9.060275077819824
8.648210525512695
8.266921997070312
7.927501201629639
7.612493991851807
7.3163909912109375
7.033980846405029
6.7535905838012695
6.474542140960693
6.202164649963379
5.935898780822754
5.670439720153809
5.413401126861572
5.187596321105957
4.997210502624512
4.831449508666992
4.674335956573486
4.5162787437438965
4.358651161193848
4.207901477813721
4.06203556060791
3.9182207584381104
3.783144235610962
3.665924549102783
3.560274600982666
3.458040237426758
3.3555383682250977
3.253549337387085
3.1527347564697266
3.0516676902770996
2.9687767028808594
2.929110527038574
2.924095869064331
2.921705961227417
2.91810941696167
2.9145398139953613
2.911057949066162
2.9082894325256348
2.9014999866485596
2.8910956382751465
2.8778915405273438
2.8617782592773438
2.842165231704712
2.8222718238830566
2.8033370971679688
2.785662889480591
2.773747444152832
2.767458915710449
2.7620413303375244
2.7560057640075684
2.7527129650115967
2.7475202083587646
2.739375591278076
2.728597640991211
2.7161269187927246
2.70314359664917
2.695803165435791
2.6901087760925293
2.688669204711914
2.689338207244873
2.6909797191619873
2.6908445358276367
2.688662052154541
2.6868185997009277
2.6832637786865234
2.6824374198913574
2.681581974029541
2.6809725761413574
2.680143356323242
2.678847551345825
2.6769323348999023
2.6763429641723633
2.674086570739746
2.6725635528564453
2.6722235679626465
2.670379161834717
2.6700453758239746
2.6691794395446777
2.670740842819214
2.670137882232666
2.669412612915039
2.6708648204803467
2.670806407928467
2.668586254119873
2.6696059703826904
2.670976161956787
2.671020269393921
2.6690688133239746
2.668044090270996
2.6670284271240234
2.666896104812622
2.6664621829986572
2.667908191680908
2.6673316955566406
2.6656835079193115
2.6665024757385254
2.665386199951172
2.6663620471954346
2.666808843612671
2.664989948272705
2.6670069694519043
2.668105125427246
2.6668193340301514
2.665707588195801
2.666210412979126
2.6673176288604736
2.66632080078125
2.6645925045013428
2.666398048400879
2.666982412338257
2.6650490760803223
2.6653599739074707
2.666687488555908
2.6657867431640625
2.6632351875305176
2.663538932800293
2.6640777587890625
2.6635360717773438
2.66434645652771
2.6642866134643555
2.663933753967285
2.664196491241455
2.6647019386291504
2.6645193099975586
2.6641483306884766
2.663611888885498
2.6633617877960205
2.66314435005188
2.662903308868408
2.6634907722473145
2.6638264656066895
2.663893938064575
2.663729190826416
2.6633594036102295
2.6628165245056152
2.662519693374634
2.662600040435791
2.6630234718322754
2.6631853580474854
2.6631264686584473
2.662860870361328
2.662424087524414
2.6620864868164062
2.662384271621704
2.662425994873047
2.6622390747070312
2.661924362182617
2.6620941162109375
2.662106513977051
2.6619205474853516
2.6619672775268555
2.662048816680908
2.6619060039520264
2.6617867946624756
2.661837577819824
2.6617212295532227
2.6616978645324707
2.66162371635437
2.6616015434265137
2.661672353744507
2.6616368293762207
2.66156005859375
2.661515235900879
2.6615891456604004
2.6615686416625977
2.6614086627960205
2.6613664627075195
2.6613526344299316
2.6614580154418945
2.661404609680176
2.661350965499878
2.661322832107544
2.661309003829956
2.6612725257873535
2.6612467765808105
2.6611976623535156
2.661254405975342
2.6613378524780273
2.661254405975342
2.6611404418945312
2.661306381225586
2.661332607269287
2.6611416339874268
2.6610677242279053
2.661165714263916
2.661052703857422
2.66093373298645
2.66121244430542
2.66125750541687
2.6610875129699707
2.6608352661132812
2.6610007286071777
2.6610066890716553
2.6608195304870605
2.6608874797821045
2.6609749794006348
2.6608476638793945
2.660660743713379
2.660707473754883
2.6606087684631348
2.660672664642334
2.6605968475341797
2.6606149673461914
2.6606197357177734
2.6604838371276855
2.660590410232544
2.66054630279541
2.6604056358337402
2.660385847091675
2.660438299179077
2.6603822708129883
2.6603777408599854
2.6603660583496094
2.6602931022644043
2.6604363918304443
2.66040301322937
2.660219192504883
2.660210132598877
2.660144805908203
2.6601686477661133
2.6601076126098633
2.660186767578125
2.660104990005493
2.6601595878601074
2.6601734161376953
2.660038948059082
2.660109758377075
2.6600303649902344
2.6600990295410156
2.660027027130127
2.6600873470306396
2.660013198852539
2.6600699424743652
2.659989356994629
2.660017251968384
2.6601076126098633
2.660067558288574
2.6600115299224854
2.660017728805542
2.66001558303833
2.6600167751312256
2.6601061820983887
2.660015344619751
2.6601333618164062
2.660182237625122
2.660095691680908
2.660034656524658
2.6602189540863037
2.6602156162261963
2.660003900527954
2.660244941711426
2.660395622253418
2.660343647003174
2.6601052284240723
2.660154342651367
2.66031551361084
2.6602582931518555
2.660001277923584
2.6602210998535156
2.6603951454162598
2.6603636741638184
2.660156488418579
2.660090684890747
2.660114288330078
2.660161256790161
2.6599979400634766
2.6600921154022217
2.6602063179016113
2.660116672515869
2.660005569458008
2.6601829528808594
2.660247325897217
2.6600990295410156
2.659985065460205
2.6601972579956055
2.660224437713623
2.6600613594055176
2.660006523132324
2.660111904144287
2.6600050926208496
2.6599974632263184
2.6600608825683594
2.659940004348755
2.6599133014678955
2.6598870754241943
2.659877300262451
2.660008192062378
2.6599912643432617
2.6599173545837402
2.6600284576416016
2.65993332862854
2.6599979400634766
2.6600468158721924
2.6599807739257812
2.6599392890930176
2.6600887775421143
2.6600828170776367
2.6598849296569824
2.6598801612854004
2.659949779510498
2.659895420074463
2.659916400909424
2.6598658561706543
2.6598453521728516
2.659881591796875
2.6598715782165527
2.6598644256591797
2.659834384918213
2.6598310470581055
2.6598658561706543
2.659790515899658
2.659912586212158
2.6598477363586426
2.6598784923553467
2.6598119735717773
2.659982204437256
2.660001277923584
2.6598434448242188
2.659869909286499
2.6598517894744873
2.6598329544067383
2.6598916053771973
148.56298828125
132.1455535888672
116.87410736083984
103.34769439697266
93.03663635253906
82.80414581298828
75.38103485107422
69.8155746459961
64.31741333007812
59.27278137207031
53.4139289855957
46.96253967285156
40.763187408447266
34.215702056884766
28.276397705078125
22.83080291748047
16.761621475219727
13.69512939453125
14.935447692871094
16.5449275970459
17.866458892822266
18.604768753051758
19.569978713989258
20.92728042602539
20.880273818969727
19.33582305908203
18.888521194458008
17.933181762695312
16.856918334960938
15.572346687316895
14.171748161315918
12.791566848754883
11.6213960647583
10.613738059997559
10.948347091674805
11.443331718444824
11.95182991027832
12.287806510925293
11.903216361999512
11.23497200012207
10.487533569335938
10.289497375488281
10.30116081237793
9.710184097290039
9.345540046691895
9.694547653198242
9.648900985717773
9.259622573852539
9.719030380249023
9.93034839630127
9.712823867797852
9.345205307006836
9.07877254486084
9.113484382629395
9.078899383544922
8.965784072875977
8.5181245803833
8.931272506713867
8.717512130737305
8.456868171691895
8.893129348754883
8.834426879882812
8.358896255493164
8.564775466918945
8.797775268554688
8.612543106079102
8.655868530273438
8.769914627075195
8.514951705932617
8.528107643127441
8.719817161560059
8.703618049621582
8.459208488464355
8.479684829711914
8.086159706115723
8.695597648620605
8.58730411529541
8.380487442016602
8.488694190979004
8.650876998901367
8.675891876220703
8.429829597473145
8.337244033813477
8.580899238586426
8.76129150390625
8.912750244140625
8.58310604095459
8.67074203491211
9.003060340881348
8.962998390197754
8.734468460083008
8.450950622558594
8.76852798461914
8.879993438720703
8.862756729125977
8.550154685974121
8.105159759521484
8.379940032958984
8.641703605651855
8.775686264038086
8.384673118591309
8.286797523498535
8.525365829467773
8.38966178894043
8.24044418334961
8.583576202392578
8.376922607421875
7.978453159332275
8.014074325561523
8.155728340148926
8.25299072265625
8.200482368469238
7.957574844360352
8.062224388122559
8.00210189819336
8.126201629638672
8.369325637817383
8.066390991210938
7.587766647338867
8.311128616333008
8.464048385620117
8.05307388305664
8.193563461303711
8.502880096435547
8.621112823486328
8.475110054016113
8.548324584960938
8.391197204589844
8.37203311920166
8.41387939453125
7.977556228637695
7.859479904174805
8.145196914672852
8.114694595336914
7.945764541625977
8.073591232299805
8.33007526397705
8.48056697845459
8.253979682922363
7.881509780883789
8.3654146194458
8.533097267150879
8.623149871826172
8.656734466552734
8.294742584228516
8.656152725219727
8.780797004699707
8.369600296020508
8.271551132202148
7.877061367034912
18.687074661254883
18.541549682617188
18.28673553466797
18.030025482177734
17.694860458374023
17.429363250732422
17.247995376586914
17.215709686279297
17.25403594970703
17.261398315429688
17.22277069091797
17.21468162536621
17.184940338134766
17.147403717041016
17.21894645690918
17.280128479003906
17.302885055541992
17.25736427307129
17.118932723999023
17.091222763061523
17.198917388916016
17.234905242919922
17.265583038330078
17.184406280517578
17.01784324645996
16.993228912353516
17.023820877075195
16.98171615600586
16.963027954101562
16.941186904907227
16.889432907104492
16.818864822387695
16.84424591064453
16.852087020874023
16.90915870666504
16.913942337036133
16.884836196899414
16.820072174072266
16.7825870513916
16.721202850341797
16.66842269897461
16.704235076904297
16.683822631835938
16.602876663208008
16.598407745361328
16.643102645874023
16.631193161010742
16.57027244567871
16.554931640625
16.53664779663086
17.684921264648438
18.50374412536621
18.18522834777832
17.540451049804688
17.48332977294922
17.56144905090332
17.525554656982422
17.30256462097168
17.28282928466797
17.190454483032227
17.005250930786133
16.785917282104492
16.72706413269043
16.71901512145996
16.694046020507812
16.7089786529541
16.840007781982422
16.878389358520508
16.825937271118164
16.70724868774414
16.676036834716797
16.699508666992188
16.675825119018555
16.605560302734375
16.580711364746094
16.613725662231445
16.61863899230957
16.649608612060547
16.613990783691406
16.608604431152344
16.597524642944336
16.626623153686523
16.646800994873047
16.676551818847656
16.6275691986084
16.614465713500977
16.61651611328125
16.59757423400879
16.587373733520508
16.623851776123047
16.623798370361328
16.603178024291992
16.568017959594727
16.61062240600586
16.616605758666992
16.574193954467773
16.600605010986328
16.609600067138672
16.595012664794922
16.625362396240234
16.643978118896484
16.640539169311523
16.634357452392578
16.631574630737305
16.589210510253906
16.542816162109375
16.620315551757812
16.62982749938965
16.620079040527344
16.564910888671875
16.566043853759766
16.613433837890625
16.63524627685547
16.606578826904297
16.58481788635254
16.629676818847656
16.616233825683594
16.662309646606445
16.66731071472168
16.6295223236084
16.664350509643555
16.680788040161133
16.663251876831055
16.62547492980957
16.638029098510742
16.668455123901367
16.671239852905273
16.659942626953125
16.62716293334961
16.645395278930664
16.660043716430664
16.644655227661133
16.680273056030273
16.646263122558594
16.629457473754883
16.6751708984375
16.663150787353516
16.656879425048828
16.620712280273438
16.641048431396484
16.651811599731445
16.643959045410156
16.628087997436523
16.634614944458008
16.61037826538086
16.61122703552246
16.60807228088379
16.630678176879883
16.598012924194336
16.60902976989746
16.62459945678711
15.535636901855469
14.776618003845215
14.084622383117676
13.424671173095703
12.83812141418457
12.28796672821045
11.733907699584961
11.237935066223145
10.804946899414062
10.49515438079834
10.204802513122559
9.925338745117188
9.777461051940918
9.740062713623047
9.668634414672852
9.690474510192871
9.687745094299316
9.663399696350098
9.649388313293457
9.577696800231934
9.519723892211914
9.490096092224121
9.516515731811523
9.481633186340332
9.542815208435059
9.50243854522705
9.514418601989746
9.476700782775879
9.437145233154297
9.417953491210938
9.362064361572266
9.351475715637207
9.31644344329834
9.305545806884766
9.34496021270752
9.333501815795898
9.344207763671875
9.352054595947266
9.294149398803711
9.256196975708008
9.236650466918945
9.195284843444824
9.15080451965332
9.140130996704102
9.089845657348633
9.07699966430664
9.070768356323242
9.033363342285156
9.024527549743652
9.00489616394043
8.990697860717773
8.955955505371094
8.941349983215332
8.909621238708496
8.882157325744629
8.8616361618042
8.837039947509766
8.814059257507324
8.787945747375488
8.798876762390137
8.803756713867188
8.812453269958496
8.785140037536621
8.769720077514648
8.762969970703125
8.765070915222168
8.763236999511719
8.758953094482422
8.744023323059082
8.725724220275879
8.71402359008789
8.722591400146484
8.714509963989258
8.723897933959961
8.680718421936035
8.671834945678711
8.671405792236328
8.661727905273438
8.662629127502441
8.657508850097656
8.65518856048584
8.651060104370117
8.643953323364258
8.641478538513184
8.645187377929688
8.638607025146484
8.640911102294922
8.628665924072266
8.626201629638672
8.624387741088867
8.622003555297852
8.618727684020996
8.613593101501465
8.60584545135498
8.600607872009277
8.600215911865234
8.602265357971191
8.597177505493164
8.595004081726074
8.58647632598877
8.583515167236328
8.581315994262695
8.579562187194824
8.579574584960938
8.577012062072754
8.572108268737793
8.570691108703613
8.572235107421875
8.570009231567383
8.572729110717773
8.581915855407715
8.57703685760498
8.570518493652344
8.566167831420898
8.559710502624512
8.553047180175781
8.547586441040039
8.545004844665527
8.544022560119629
8.543634414672852
8.535066604614258
8.538848876953125
8.539612770080566
8.539615631103516
8.542425155639648
8.548002243041992
8.548895835876465
8.548260688781738
8.546510696411133
8.545676231384277
8.54028606414795
8.544650077819824
8.546581268310547
8.54300308227539
8.536441802978516
8.526827812194824
8.520109176635742
8.520062446594238
8.523796081542969
8.522836685180664
8.526220321655273
8.522891998291016
8.51494026184082
8.514086723327637
8.509446144104004
8.510318756103516
8.509437561035156
8.512343406677246
8.51776123046875
8.521601676940918
8.530547142028809
8.526517868041992
8.523165702819824
8.519630432128906
8.520341873168945
8.520267486572266
8.516307830810547
8.514029502868652
8.514753341674805
8.515497207641602
8.512068748474121
8.513138771057129
8.515026092529297
8.518316268920898
8.52400016784668
8.529166221618652
8.521599769592285
8.52380657196045
8.528108596801758
8.529851913452148
8.531426429748535
8.532074928283691
8.530200958251953
8.527688980102539
8.529975891113281
8.53092098236084
8.531477928161621
8.53221321105957
8.531070709228516
8.52912425994873
8.5258207321167
8.528056144714355
8.523937225341797
8.522408485412598
8.517528533935547
8.518509864807129
8.519245147705078
8.519177436828613
8.519161224365234
8.52205753326416
8.524785995483398
8.533180236816406
8.53462028503418
8.532659530639648
8.535688400268555
8.528553009033203
8.524317741394043
8.52603816986084
8.520273208618164
8.513113975524902
8.51291275024414
8.513689041137695
8.522757530212402
8.567131042480469
8.547834396362305
8.51978874206543
8.505948066711426
8.550073623657227
8.556548118591309
8.509146690368652
8.527934074401855
8.508474349975586
8.48833179473877
8.519420623779297
8.493270874023438
8.501107215881348
8.490704536437988
8.479776382446289
8.5027437210083
8.49838924407959
8.488329887390137
8.493080139160156
8.486006736755371
8.477128982543945
8.463556289672852
8.453644752502441
8.4625883102417
8.463129043579102
8.46628189086914
8.482985496520996
8.484825134277344
8.47632122039795
8.47862434387207
8.473865509033203
8.469660758972168
8.468883514404297
8.469600677490234
8.460282325744629
8.46572494506836
8.461657524108887
8.45460319519043
8.45966911315918
8.464884757995605
8.455747604370117
8.455005645751953
8.459227561950684
8.450180053710938
8.453598976135254
8.454229354858398
8.448614120483398
8.44493293762207
8.440642356872559
8.435192108154297
8.430655479431152
8.425464630126953
8.42357063293457
8.420395851135254
8.413613319396973
8.405135154724121
8.393172264099121
8.382658004760742
8.370362281799316
8.35790729522705
8.34213924407959
8.329483032226562
8.314325332641602
8.300363540649414
8.285431861877441
8.255258560180664
8.229423522949219
8.193353652954102
8.14741325378418
8.091800689697266
8.017168998718262
7.930996417999268
7.863470554351807
7.830010414123535
7.8433146476745605
7.886957168579102
7.895849227905273
7.923440933227539
7.9223151206970215
7.905292510986328
7.913015365600586
7.877170562744141
7.8782501220703125
7.851808071136475
7.844383716583252
7.819795608520508
7.808855056762695
7.800309658050537
7.797922611236572
7.807068347930908
7.7997636795043945
7.807835578918457
7.79817008972168
7.800562381744385
7.800581932067871
7.794480323791504
7.790311813354492
7.783801555633545
7.781790733337402
7.783452987670898
7.785173416137695
7.788101673126221
7.7991743087768555
7.804020881652832
7.805300712585449
7.804441452026367
7.803232192993164
7.798978805541992
7.791994571685791
7.793894290924072
7.788650989532471
7.791937828063965
7.792491436004639
7.797157287597656
7.7975382804870605
7.7971673011779785
7.803736686706543
7.807827949523926
7.805688858032227
7.810373306274414
7.808711528778076
7.805683135986328
7.801851272583008
7.799874305725098
7.796161651611328
7.795984268188477
7.796638488769531
7.803027153015137
7.8056721687316895
7.808195114135742
7.8078837394714355
7.810091972351074
7.810294151306152
7.811103343963623
7.8069610595703125
7.801395893096924
7.799068450927734
7.800543308258057
7.806988716125488
7.809413433074951
7.809874534606934
7.812575817108154
7.812826633453369
7.814635753631592
7.812078952789307
7.807906150817871
7.805777549743652
7.80393123626709
7.803300380706787
7.8086724281311035
7.815262317657471
7.8101115226745605
7.807267189025879
7.811515808105469
7.811483383178711
7.813574314117432
7.815220355987549
7.816489219665527
7.81121826171875
7.809481620788574
7.798333168029785
7.794473648071289
7.794862747192383
7.798000335693359
7.802525997161865
7.805655479431152
7.807687759399414
7.808016777038574
7.813492774963379
7.807009220123291
7.810779571533203
7.808553695678711
7.800201892852783
7.799508571624756
7.797680854797363
7.795332908630371
7.7974748611450195
7.794234275817871
7.7947821617126465
7.796103477478027
7.7958903312683105
7.801820755004883
7.8013691902160645
7.799405097961426
7.799708843231201
7.795837879180908
7.796860694885254
7.798364162445068
7.797182083129883
7.801568508148193
7.802519798278809
7.797989368438721
7.80034875869751
7.796217441558838
7.792970657348633
7.791801929473877
0.7968441843986511
0.7884112000465393
0.7819738388061523
0.7767012119293213
0.7722164392471313
0.7680944204330444
0.7643692493438721
0.7611036896705627
0.7578198313713074
0.7545775771141052
0.7514947056770325
0.7486103773117065
0.7458075881004333
0.7433506846427917
0.7410826683044434
0.7388454675674438
0.7366988658905029
0.73469078540802
0.7330519556999207
0.7319262623786926
0.7318132519721985
0.7319560050964355
0.7317826151847839
0.7315537333488464
0.7312343120574951
0.7309813499450684
0.7307642698287964
0.730522096157074
0.7302983403205872
0.7300747632980347
0.7299293279647827
0.7299095392227173
0.7299513220787048
0.729985773563385
0.7299768924713135
0.7298937439918518
0.7297853827476501
0.7296731472015381
0.7295666933059692
0.7295161485671997
0.729489266872406
0.7294508218765259
0.7294397950172424
0.7294670343399048
0.729438304901123
0.7293837070465088
0.7293392419815063
0.7292763590812683
0.7292407751083374
0.7292419075965881
0.7292741537094116
0.7292811870574951
0.7292264699935913
0.7291997671127319
0.7291754484176636
0.729168713092804
0.729162335395813
0.7291615605354309
0.7291579246520996
0.7291533350944519
0.7291284203529358
0.7291205525398254
0.7291496396064758
0.7291655540466309
0.7291595935821533
0.7291353344917297
0.7291039228439331
0.729106605052948
0.7291464805603027
0.7291570901870728
0.7291269898414612
0.7290936708450317
0.7290598154067993
0.7290842533111572
0.7291111350059509
0.7291141748428345
0.7291015386581421
0.7290610074996948
0.7290533781051636
0.7290974259376526
0.7290934920310974
0.7290748357772827
0.7290815711021423
0.7290948629379272
0.7290751934051514
0.7290829420089722
0.7290939092636108
0.7290947437286377
0.7291132807731628
0.7291038036346436
0.7290756702423096
0.7290859818458557
0.7290947437286377
0.7291163802146912
0.72911536693573
0.7290863394737244
0.7290647029876709
0.7290894985198975
0.729118824005127
0.7291077375411987
