15.623956680297852
15.082693099975586
14.541426658630371
14.000162124633789
13.458895683288574
12.917632102966309
12.376364707946777
11.835097312927246
11.29383373260498
10.752570152282715
10.211302757263184
9.670036315917969
9.128772735595703
8.587508201599121
8.046241760253906
7.504974842071533
6.963711261749268
6.422447204589844
5.881180763244629
5.660384178161621
5.529894828796387
5.0953826904296875
4.43418550491333
4.262938499450684
4.085768222808838
4.135159492492676
4.279989719390869
4.084537029266357
3.6207714080810547
3.730825424194336
4.0422892570495605
4.266566753387451
4.222024440765381
4.245186805725098
4.210295677185059
4.123465061187744
3.990142822265625
3.8151838779449463
3.602912187576294
3.7886478900909424
3.8108625411987305
3.5779080390930176
3.356894016265869
3.7648162841796875
3.926365852355957
3.824662446975708
3.5674221515655518
3.6276438236236572
3.6273367404937744
3.572619676589966
3.4720025062561035
3.3214011192321777
3.412903070449829
3.4039416313171387
3.4522018432617188
3.4413299560546875
3.386584758758545
3.373900890350342
3.316614866256714
3.2813422679901123
3.3616058826446533
3.3453948497772217
3.373140811920166
3.396876811981201
3.3717923164367676
3.3427021503448486
3.35770320892334
3.2883458137512207
3.394282579421997
3.347534656524658
3.320127010345459
3.297980785369873
3.248352527618408
3.274665117263794
3.3094427585601807
3.291591167449951
3.3201792240142822
3.399790048599243
3.249368906021118
3.544827461242676
3.641907215118408
3.4975013732910156
3.320277452468872
3.6629981994628906
3.7720463275909424
3.642470359802246
3.3012874126434326
3.6517879962921143
3.902061939239502
3.9046905040740967
3.687161922454834
3.2739081382751465
3.737560749053955
4.047135353088379
4.109286308288574
3.9509706497192383
3.5962066650390625
3.3577940464019775
3.621406078338623
3.6474666595458984
3.4615299701690674
3.424020767211914
3.369628667831421
3.3001773357391357
3.2291808128356934
3.2763712406158447
3.318033456802368
3.3348448276519775
3.3294460773468018
3.304190158843994
3.261192798614502
3.2218732833862305
3.2544829845428467
3.2636008262634277
3.2517008781433105
3.222618341445923
3.2363674640655518
3.2460861206054688
3.234823703765869
3.219426393508911
3.226498603820801
3.2166175842285156
3.217966079711914
3.220029830932617
3.2141857147216797
3.2237133979797363
3.2149336338043213
3.2229058742523193
3.2151899337768555
3.235729694366455
3.239973545074463
3.2240800857543945
3.234060764312744
3.244929790496826
3.235114336013794
3.2220118045806885
3.2484331130981445
3.2567315101623535
3.2446794509887695
3.2143898010253906
3.2564618587493896
3.2789549827575684
3.2797939777374268
3.261213779449463
3.2252185344696045
3.2505922317504883
3.2777347564697266
3.2829203605651855
3.26841402053833
3.2362422943115234
35.828025817871094
35.26544189453125
34.506134033203125
33.607601165771484
32.620201110839844
31.573976516723633
30.475984573364258
29.339813232421875
28.1773681640625
27.000141143798828
25.80935287475586
24.605566024780273
23.39623260498047
22.18943977355957
20.990276336669922
19.866167068481445
18.825159072875977
17.82748794555664
16.85445785522461
15.902278900146484
14.989157676696777
14.262579917907715
13.675623893737793
13.150128364562988
12.650014877319336
12.16158676147461
11.67926025390625
11.206116676330566
10.7568359375
10.315742492675781
9.871801376342773
9.424661636352539
8.963829040527344
8.488075256347656
7.999128341674805
7.53486442565918
7.163496017456055
6.869664192199707
6.630989074707031
6.477603912353516
6.357088088989258
6.221322059631348
6.06670618057251
5.887631416320801
5.684737205505371
5.4678449630737305
5.275793552398682
5.13619327545166
5.036228179931641
4.9471330642700195
4.846958160400391
4.728025913238525
4.593781471252441
4.4546356201171875
4.330814361572266
4.235324382781982
4.161585330963135
4.124269962310791
4.116916656494141
4.093518257141113
4.05356502532959
4.012029647827148
3.9801430702209473
3.958423614501953
3.9406938552856445
3.9311251640319824
3.915217638015747
3.8939270973205566
3.8709826469421387
3.851633071899414
3.83320951461792
3.815112352371216
3.8000097274780273
3.786756753921509
3.7735533714294434
3.7682533264160156
3.76265549659729
3.7548627853393555
3.7471561431884766
3.737293243408203
3.7300753593444824
3.7231099605560303
3.7165720462799072
3.711786985397339
3.7111527919769287
3.71427845954895
3.71634578704834
3.7140297889709473
3.7077200412750244
3.7030434608459473
3.699799060821533
3.6945292949676514
3.6898233890533447
3.688861608505249
3.688042640686035
3.6872198581695557
3.690187692642212
3.6912267208099365
3.6897828578948975
3.68623948097229
3.68830943107605
3.688538074493408
3.686216115951538
3.682363510131836
3.6848154067993164
3.685837745666504
3.68473482131958
3.681818723678589
3.679208993911743
3.6821112632751465
3.682694435119629
3.680943489074707
3.6803090572357178
3.681523323059082
3.6804819107055664
3.678333282470703
3.6782820224761963
3.6776132583618164
3.6773552894592285
3.676841974258423
3.6784021854400635
3.67830228805542
3.6769373416900635
3.6770248413085938
3.6769371032714844
3.6766550540924072
3.676933765411377
3.676288604736328
3.6773784160614014
3.6771836280822754
3.6759791374206543
3.6783037185668945
3.6787874698638916
3.677500009536743
3.6758668422698975
3.6775200366973877
3.6770541667938232
3.675431728363037
3.675758123397827
3.675252914428711
3.675718069076538
3.675208806991577
3.674795389175415
3.6765875816345215
3.6763012409210205
3.67484712600708
3.674983501434326
3.675135612487793
3.675654649734497
3.6746644973754883
3.6759696006774902
3.675949811935425
3.6757524013519287
3.675403118133545
3.674917459487915
3.67431378364563
3.6742780208587646
3.674711227416992
3.6750311851501465
3.675078868865967
3.6748831272125244
3.6744704246520996
3.674105405807495
3.673945903778076
3.674211025238037
3.6742684841156006
3.6741485595703125
3.673868417739868
3.673910140991211
3.6739845275878906
3.674041748046875
3.6739954948425293
3.6738085746765137
3.6736361980438232
3.6736645698547363
3.673754930496216
3.673668146133423
3.6734185218811035
3.6736183166503906
3.6737608909606934
3.673652410507202
3.6733222007751465
3.6735408306121826
3.673732042312622
3.6737310886383057
3.6735639572143555
3.6732468605041504
3.673353672027588
3.67354154586792
3.6734774112701416
3.673269748687744
3.6731479167938232
3.6732633113861084
3.673346519470215
3.6732516288757324
3.6730003356933594
3.6730966567993164
3.673337697982788
3.6733670234680176
3.673166036605835
3.672901153564453
3.673030138015747
3.673168182373047
3.6731278896331787
3.672922372817993
3.6727359294891357
3.6729001998901367
3.672894239425659
3.6726572513580322
3.6727778911590576
3.672907590866089
3.672860622406006
3.672647476196289
3.672589063644409
3.6727964878082275
3.6727917194366455
3.6725525856018066
3.672483205795288
3.6726109981536865
3.672560930252075
3.6723947525024414
3.672407627105713
3.672365188598633
3.672274351119995
3.6723036766052246
3.672233819961548
3.672212600708008
3.672306537628174
3.6721866130828857
3.672232151031494
3.6722733974456787
3.6721489429473877
3.6721506118774414
3.67223858833313
3.6721692085266113
3.6720893383026123
3.671963930130005
3.672142505645752
3.6721560955047607
3.6720023155212402
3.6719751358032227
3.672037363052368
3.671912431716919
3.6718685626983643
3.6717774868011475
3.6717653274536133
3.6717679500579834
3.6717581748962402
3.671748161315918
3.671717643737793
3.6717631816864014
3.6716806888580322
3.6717398166656494
3.6718544960021973
3.6717894077301025
3.671602725982666
3.671781301498413
3.6717729568481445
3.671599864959717
3.6718876361846924
3.6719985008239746
3.671863555908203
3.6715800762176514
3.67189884185791
3.6720261573791504
3.671977996826172
3.6717700958251953
3.6716647148132324
3.671802520751953
3.671699285507202
3.671626329421997
3.671694755554199
3.6716537475585938
3.671659231185913
3.6716256141662598
3.671644926071167
3.671617031097412
3.6715431213378906
3.671621322631836
3.671682834625244
3.67167329788208
3.6716251373291016
3.671614170074463
3.671581745147705
3.6716203689575195
3.67163348197937
3.671682357788086
3.671722650527954
3.67170786857605
3.6716432571411133
3.6716434955596924
3.671607732772827
3.6715645790100098
3.6715564727783203
3.671623945236206
3.6716418266296387
3.671509265899658
3.671661138534546
3.671604633331299
3.6715564727783203
3.6715903282165527
3.6716346740722656
3.6716651916503906
3.671640634536743
3.671567916870117
3.6716630458831787
3.6716370582580566
3.671464443206787
3.6715779304504395
3.6714887619018555
3.6715035438537598
3.6715073585510254
3.6715292930603027
3.6715054512023926
3.671492099761963
3.671529769897461
3.671502113342285
3.67149019241333
3.671527147293091
3.6715028285980225
3.6715569496154785
3.6715242862701416
3.67154860496521
3.671572208404541
3.6714351177215576
3.671581745147705
3.6715264320373535
3.6715173721313477
3.6715526580810547
3.671494483947754
3.6715099811553955
3.6714651584625244
3.6714859008789062
3.671433687210083
3.671534538269043
3.671424388885498
3.6716413497924805
3.671717882156372
3.6716182231903076
3.6714389324188232
3.671555519104004
3.6714916229248047
3.671494960784912
3.6715426445007324
3.671436309814453
3.671442747116089
3.671417474746704
3.6714470386505127
3.6713712215423584
3.6714928150177
147.7998046875
142.74362182617188
137.6909942626953
132.58282470703125
127.47217559814453
122.50464630126953
117.51904296875
112.53468322753906
107.58235931396484
102.71574401855469
97.99967956542969
93.2774658203125
88.61872863769531
84.38897705078125
80.97711181640625
77.65071105957031
74.26780700683594
70.82559204101562
67.80766296386719
64.75190734863281
61.639671325683594
58.67630386352539
55.69276428222656
52.4851188659668
49.318504333496094
46.93399429321289
44.87791442871094
43.1107177734375
41.66064453125
39.729366302490234
37.5382080078125
35.18215560913086
32.95947265625
31.09732437133789
29.21100425720215
27.416057586669922
25.40827178955078
24.211807250976562
23.466772079467773
22.457998275756836
21.48590660095215
20.532066345214844
19.527082443237305
18.495574951171875
17.320262908935547
16.020919799804688
14.461240768432617
12.967449188232422
11.71969985961914
10.845742225646973
9.950989723205566
9.096723556518555
8.083206176757812
7.1112141609191895
6.205562591552734
5.781749725341797
5.413161277770996
5.318438529968262
5.192607879638672
5.166592121124268
5.228316783905029
5.133285999298096
5.116713523864746
5.387553691864014
5.52248477935791
5.335234642028809
5.204892635345459
5.08793306350708
5.012285232543945
4.862149715423584
4.770016193389893
4.62522029876709
4.547027587890625
4.349407196044922
4.32111930847168
4.299735069274902
4.0858283042907715
3.889801502227783
3.8781909942626953
3.7865781784057617
3.772047519683838
3.624281644821167
3.5978493690490723
3.592089891433716
3.474494695663452
3.287106990814209
3.234635353088379
3.3109097480773926
3.149559736251831
3.0321273803710938
2.9369044303894043
2.8575756549835205
2.9629456996917725
2.9578232765197754
2.841012954711914
2.8046953678131104
2.8087515830993652
2.9383761882781982
2.8398690223693848
2.7104268074035645
2.7523818016052246
2.760155439376831
2.6094703674316406
2.619562864303589
2.6535143852233887
2.734066963195801
2.6939146518707275
2.6655969619750977
2.689335823059082
2.6240792274475098
2.534648895263672
2.6202661991119385
2.649106979370117
2.5077340602874756
2.4185352325439453
2.3935906887054443
2.409257650375366
2.320666790008545
2.3507137298583984
2.2239322662353516
2.2610435485839844
2.2614400386810303
2.3621139526367188
2.328448534011841
2.2366127967834473
2.3718185424804688
2.4146833419799805
2.372021198272705
2.3555257320404053
2.4162073135375977
2.226534128189087
2.274162530899048
2.3909571170806885
2.292804718017578
2.1758170127868652
2.2022132873535156
2.311527729034424
2.3001792430877686
2.2727317810058594
2.319227695465088
2.327601432800293
2.2482118606567383
2.257587432861328
2.4788239002227783
2.394016981124878
2.293130397796631
2.39754056930542
2.3320982456207275
2.3049943447113037
2.3674418926239014
10.341672897338867
10.259876251220703
10.179265975952148
10.08726692199707
10.005393028259277
9.900432586669922
9.810432434082031
9.733705520629883
9.677498817443848
9.626192092895508
9.620992660522461
9.609909057617188
9.596099853515625
9.587239265441895
9.585016250610352
9.581783294677734
9.571733474731445
9.554383277893066
9.543251037597656
9.52169418334961
9.495732307434082
9.465143203735352
9.43222427368164
9.411619186401367
9.397346496582031
9.389638900756836
9.396376609802246
9.399266242980957
9.40743350982666
9.40910816192627
9.416327476501465
9.415350914001465
9.414225578308105
9.405864715576172
9.393410682678223
9.389266014099121
9.38637924194336
9.38258171081543
9.375783920288086
9.369386672973633
9.363712310791016
9.347501754760742
9.329188346862793
9.304084777832031
9.283979415893555
9.262188911437988
9.247376441955566
9.229449272155762
9.214406967163086
9.208999633789062
9.22248649597168
9.238309860229492
9.244693756103516
9.257102966308594
9.262078285217285
9.262189865112305
9.264272689819336
9.264719009399414
9.26247787475586
9.258227348327637
9.256182670593262
9.249107360839844
9.24443531036377
9.226198196411133
9.217118263244629
9.210731506347656
9.207743644714355
9.210948944091797
9.213051795959473
9.21370792388916
9.212968826293945
9.20923900604248
9.208941459655762
9.207179069519043
9.205965042114258
9.205644607543945
9.209272384643555
9.21347713470459
9.214910507202148
9.21419620513916
9.212265968322754
9.206557273864746
9.202751159667969
9.20051097869873
9.199660301208496
9.197771072387695
9.199003219604492
9.197572708129883
9.200791358947754
9.201491355895996
9.198097229003906
9.200721740722656
9.199666976928711
9.201910972595215
9.201188087463379
9.19965934753418
9.199725151062012
9.199628829956055
9.199098587036133
9.198311805725098
9.195323944091797
9.193512916564941
9.195405960083008
9.195784568786621
9.194833755493164
9.1932954788208
9.192831993103027
9.195001602172852
9.194899559020996
9.19666576385498
9.194023132324219
9.193883895874023
9.193809509277344
9.194459915161133
9.194668769836426
9.193485260009766
9.190642356872559
9.190261840820312
9.190242767333984
9.191243171691895
9.191539764404297
9.190265655517578
9.189179420471191
9.18845272064209
9.188933372497559
9.188628196716309
9.191184043884277
9.190847396850586
9.189981460571289
9.187883377075195
9.187583923339844
9.188850402832031
9.188492774963379
9.187193870544434
9.18790340423584
9.185690879821777
9.184561729431152
9.185168266296387
9.185725212097168
9.18459415435791
9.185173034667969
9.184019088745117
9.184375762939453
9.182355880737305
9.182157516479492
9.183907508850098
9.184588432312012
9.183320045471191
9.182024002075195
9.180791854858398
9.181180953979492
8.715662002563477
8.399092674255371
8.159611701965332
7.9348602294921875
7.720036506652832
7.496861934661865
7.27032470703125
7.035431861877441
6.805698394775391
6.584118843078613
6.369271278381348
6.188720226287842
6.032679080963135
5.884186744689941
5.734597682952881
5.603654384613037
5.45574951171875
5.308217525482178
5.166886329650879
5.020328998565674
4.887232780456543
4.7714715003967285
4.685943126678467
4.6194281578063965
4.5678863525390625
4.522638320922852
4.477811336517334
4.449056148529053
4.440884590148926
4.447628974914551
4.450967311859131
4.444459915161133
4.424990177154541
4.400087356567383
4.371220111846924
4.336784839630127
4.301725387573242
4.271142482757568
4.236488342285156
4.201120376586914
4.1761322021484375
4.14699125289917
4.117372989654541
4.094063758850098
4.071469306945801
4.0529584884643555
4.029750823974609
4.0147833824157715
3.997403860092163
3.9828436374664307
3.973714828491211
3.963758707046509
3.9545891284942627
3.9509479999542236
3.942293167114258
3.9345269203186035
3.924316883087158
3.913937568664551
3.9018266201019287
3.896777391433716
3.8997228145599365
3.8925604820251465
3.8879122734069824
3.887179136276245
3.8859763145446777
3.8759307861328125
3.8676304817199707
3.860712766647339
3.855503797531128
3.8509886264801025
3.849270820617676
3.845670700073242
3.8436152935028076
3.8423542976379395
3.839529514312744
3.8384151458740234
3.8374645709991455
3.831542491912842
3.830716371536255
3.827207088470459
3.8250603675842285
3.8214261531829834
3.8200554847717285
3.819335460662842
3.8145859241485596
3.8134677410125732
3.811140537261963
3.8087680339813232
3.8016281127929688
3.799558162689209
3.7975847721099854
3.794679880142212
3.793252468109131
3.7921037673950195
3.7903153896331787
3.78914737701416
3.7877557277679443
3.7872164249420166
3.788010597229004
3.789248466491699
3.7856497764587402
3.7868034839630127
3.7840259075164795
3.784635066986084
3.782309055328369
3.781785488128662
3.7784578800201416
3.778460741043091
3.7771055698394775
3.7808408737182617
3.7818195819854736
3.7804999351501465
3.773763656616211
3.7732954025268555
3.773275375366211
3.7708616256713867
3.7718653678894043
3.7713794708251953
3.769369125366211
3.765897035598755
3.7639882564544678
3.764025926589966
3.7645859718322754
3.763118028640747
3.7596631050109863
3.759892225265503
3.7569961547851562
3.758073568344116
3.7578368186950684
3.7537457942962646
3.7526657581329346
3.7513060569763184
3.7528958320617676
3.750642776489258
3.7499465942382812
3.747173547744751
3.7456002235412598
3.7445976734161377
3.7433481216430664
3.7439870834350586
3.7412381172180176
3.742828130722046
3.7419447898864746
3.7403526306152344
3.740107774734497
3.7372231483459473
3.7371184825897217
3.736919403076172
3.739596128463745
3.7394144535064697
3.7384493350982666
3.7383646965026855
3.734185218811035
3.7321271896362305
3.73232102394104
3.732128620147705
3.7295501232147217
3.729569435119629
3.730588674545288
3.7273433208465576
3.7259786128997803
3.7240242958068848
3.7231156826019287
3.724318504333496
3.723381757736206
3.722614288330078
3.721686363220215
3.7217020988464355
3.719555139541626
3.717222213745117
3.7170677185058594
3.714937210083008
3.714242696762085
3.712996482849121
3.7121222019195557
3.7107696533203125
3.7096569538116455
3.713334321975708
3.7094032764434814
3.7085351943969727
3.7075841426849365
3.7061238288879395
3.7039382457733154
3.704292058944702
3.703798770904541
3.7006852626800537
3.7005774974823
3.699498414993286
3.7000668048858643
3.69846248626709
3.698042631149292
3.697056293487549
3.69620943069458
3.6956489086151123
3.696241617202759
3.6952974796295166
3.6948349475860596
3.6946070194244385
3.694498062133789
3.6945695877075195
3.6934127807617188
3.6936795711517334
3.691833734512329
3.6911659240722656
3.6874849796295166
3.687373638153076
3.684203863143921
3.6843626499176025
3.6839773654937744
3.682321786880493
3.6825625896453857
3.6825547218322754
3.6825220584869385
3.6820731163024902
3.683196783065796
3.681990385055542
3.681398391723633
3.6808695793151855
3.682253122329712
3.6821835041046143
3.6814608573913574
3.679478883743286
3.6792349815368652
3.679408073425293
3.6797802448272705
3.6797189712524414
3.678541898727417
3.6743855476379395
3.6748979091644287
3.6738998889923096
3.6747937202453613
3.6744747161865234
3.6737585067749023
3.6728804111480713
3.672316551208496
3.672332763671875
3.671384811401367
3.6718339920043945
3.6723315715789795
3.671417474746704
3.6666109561920166
3.6662700176239014
3.6663575172424316
3.6652328968048096
3.663301467895508
3.663074254989624
3.6628634929656982
3.6628122329711914
3.663025140762329
3.6641345024108887
3.6639950275421143
3.663116216659546
3.6649982929229736
3.6643567085266113
3.664212226867676
3.6638147830963135
3.6634128093719482
3.663511276245117
3.6619226932525635
3.662160873413086
3.6631269454956055
3.6632237434387207
3.6637163162231445
3.6620306968688965
3.6608030796051025
3.659567356109619
3.659008502960205
3.6598145961761475
3.657073736190796
3.6570534706115723
3.65741229057312
3.656798839569092
3.658392906188965
3.6587207317352295
3.6591365337371826
3.6587460041046143
3.6586084365844727
3.6587140560150146
3.6583824157714844
3.658189296722412
3.6593284606933594
3.6586384773254395
3.6584532260894775
3.65868878364563
3.6587417125701904
3.65842604637146
3.6571455001831055
3.6568539142608643
3.6581456661224365
3.6577517986297607
3.65993332862854
3.659604787826538
3.659054756164551
3.6592583656311035
3.659510612487793
3.6596741676330566
3.661160945892334
3.6618244647979736
3.6612131595611572
3.66361141204834
3.66257381439209
3.6632943153381348
3.6621508598327637
3.6622791290283203
3.6613998413085938
3.661517858505249
3.6614038944244385
3.6593422889709473
3.6590309143066406
3.6609156131744385
3.6582436561584473
3.6575775146484375
3.6578714847564697
3.6575000286102295
3.6569201946258545
3.6557555198669434
3.6547248363494873
3.6535472869873047
3.6504855155944824
3.6516618728637695
3.6527860164642334
3.6531922817230225
3.6538031101226807
3.653902530670166
3.6536502838134766
3.65293288230896
3.653041124343872
3.654005527496338
3.6538219451904297
3.6538376808166504
3.6531991958618164
3.6535768508911133
3.651662826538086
3.655975341796875
3.65588641166687
3.656777858734131
3.6580259799957275
3.6573314666748047
3.6567869186401367
3.6560373306274414
3.6553642749786377
3.6524996757507324
3.6518173217773438
3.6517443656921387
3.651460647583008
3.6527657508850098
3.6526541709899902
3.6522974967956543
3.6499083042144775
3.6492502689361572
3.6495003700256348
3.649343252182007
3.648963689804077
3.648205518722534
3.645993947982788
3.6460907459259033
3.6487462520599365
3.647367477416992
3.6444149017333984
3.6450281143188477
3.646360158920288
3.644212007522583
3.64281964302063
3.643348217010498
3.6420321464538574
3.641436815261841
3.6419689655303955
3.6423821449279785
3.6426799297332764
3.6439638137817383
3.6418988704681396
3.641662120819092
3.643423318862915
3.6423864364624023
3.6434826850891113
3.6434359550476074
3.6432316303253174
3.6422793865203857
3.6419451236724854
3.6411614418029785
3.6418232917785645
3.6400234699249268
3.6423656940460205
3.6428120136260986
3.641683578491211
3.642770767211914
3.642200469970703
3.641864776611328
3.6407124996185303
3.64032244682312
3.6418263912200928
3.6416001319885254
3.6429104804992676
3.642200469970703
3.642958402633667
3.644235610961914
3.6434590816497803
3.6430063247680664
3.641873598098755
0.5737006068229675
0.5657707452774048
0.5582247376441956
0.5510930418968201
0.544577419757843
0.5385825634002686
0.5331634879112244
0.528286874294281
0.5238838195800781
0.5199445486068726
0.5163917541503906
0.5131872892379761
0.5103425979614258
0.5079740285873413
0.5061658620834351
0.50495845079422
0.5043268799781799
0.5041826367378235
0.5044007897377014
0.5047169923782349
0.5049498081207275
0.5048170685768127
0.5043280124664307
0.5036614537239075
0.5028824806213379
0.5020952224731445
0.5013675093650818
0.5007377862930298
0.5002714991569519
0.5000089406967163
0.49994775652885437
0.5000088810920715
0.5000917315483093
0.5000549554824829
0.49988406896591187
0.49965155124664307
0.49941372871398926
0.49918562173843384
0.49897801876068115
0.4988386034965515
0.4987705945968628
0.49874183535575867
0.49872541427612305
0.49868592619895935
0.4985973536968231
0.4985038936138153
0.49843865633010864
0.4983489513397217
0.498259961605072
0.4982020854949951
0.49821436405181885
0.49822673201560974
0.49820074439048767
0.4981609284877777
0.4980737864971161
0.4979991912841797
0.49799662828445435
0.4980265200138092
0.4980372190475464
0.49802321195602417
0.4979589879512787
0.49790841341018677
0.497917115688324
0.49795323610305786
0.49795591831207275
0.4979342222213745
0.4979087710380554
0.4978926181793213
0.4979080259799957
0.49789565801620483
0.49786537885665894
0.4978647232055664
0.4978809356689453
0.49787986278533936
0.49786269664764404
0.497833788394928
0.49782246351242065
0.49783971905708313
0.49783676862716675
0.49782654643058777
0.4978157877922058
0.49781477451324463
0.4978126585483551
0.49782437086105347
0.49781936407089233
0.4978223145008087
0.49784183502197266
0.4978248178958893
0.4978436529636383
0.4978407323360443
0.49781447649002075
0.4978243112564087
0.49785006046295166
0.4978539049625397
0.4978431463241577
0.49782702326774597
0.4978083074092865
0.4977973699569702
0.49781084060668945
0.49780672788619995
