2.14636492729187
2.310519218444824
2.447751045227051
2.598698854446411
2.74936842918396
2.9086060523986816
3.049323558807373
3.1941018104553223
3.3447821140289307
3.4810986518859863
4.314470529556274
4.476643323898315
4.635414123535156
4.800074815750122
4.9598612785339355
5.120913028717041
5.285366535186768
5.447592258453369
5.608523368835449
5.776439189910889
6.665578603744507
6.831845283508301
7.000500202178955
7.16180157661438
7.331067323684692
7.498774528503418
7.667925119400024
7.834127426147461
8.006746292114258
8.170057535171509
9.080943584442139
9.250132083892822
9.410970687866211
9.575594902038574
9.740222454071045
9.907184362411499
10.069788694381714
10.2366304397583
10.382701873779297
10.525662660598755
11.3231942653656
11.487964630126953
11.65108609199524
11.802318572998047
11.952488660812378
12.112128734588623
12.261228322982788
12.425341367721558
12.587175846099854
12.746503353118896
13.567261457443237
13.716909885406494
13.856628179550171
13.999777555465698
14.163706541061401
14.33407187461853
14.494554281234741
14.649234533309937
14.786499261856079
14.93465518951416
15.671301364898682
15.815959453582764
15.961117029190063
16.105396032333374
16.249056816101074
16.396295309066772
16.549689769744873
16.689371347427368
16.833886861801147
16.984039306640625
17.754308700561523
17.901482105255127
18.04885172843933
18.201539754867554
18.388764142990112
18.53646492958069
18.688177585601807
18.844494342803955
18.999640703201294
19.146313667297363
19.940016746520996
20.09216284751892
20.263768196105957
20.415351390838623
20.56900405883789
20.7189724445343
20.88199543952942
21.042298793792725
21.191085815429688
21.340272903442383
22.106929540634155
22.251617431640625
22.437957525253296
22.582128047943115
22.729284048080444
22.885406017303467
23.02857732772827
23.22220230102539
23.36847710609436
23.511195421218872
24.300347328186035
24.444520473480225
24.5921950340271
24.791802167892456
24.98981761932373
25.13299298286438
25.280665636062622
25.434256315231323
25.58697772026062
25.749277114868164
26.70039677619934
26.87048649787903
27.04006814956665
27.20667839050293
27.378254652023315
27.549389839172363
27.717055797576904
27.867802143096924
28.03053045272827
28.198200225830078
29.131730794906616
29.301936626434326
29.469614267349243
29.61977791786194
29.77908968925476
29.94834303855896
30.103512287139893
30.246707677841187
30.394028425216675
30.54168963432312
31.27862000465393
31.428816556930542
31.573615312576294
31.714789628982544
31.87044095993042
32.01261496543884
32.15916681289673
32.30482292175293
32.45433449745178
32.619447469711304
33.395952224731445
33.586809396743774
33.75378179550171
33.901923179626465
34.052611112594604
34.20176935195923
34.3514289855957
34.524521350860596
34.6901490688324
34.84834599494934
35.598264932632446
35.76264190673828
35.92824411392212
36.08342242240906
36.23807430267334
36.396822690963745
36.564189434051514
36.7339813709259
36.90808868408203
37.075968742370605
38.00308322906494
38.17120432853699
38.33183765411377
38.49308633804321
38.65668606758118
38.821144104003906
38.981765031814575
39.14140796661377
39.30697751045227
39.469390869140625
40.36474108695984
40.52786564826965
40.6980504989624
40.86066913604736
41.02532172203064
41.18976426124573
41.35217094421387
41.51545166969299
41.67922258377075
41.839991092681885
42.73057699203491
42.894203424453735
43.055915117263794
43.21769976615906
43.383307218551636
43.55299949645996
43.721266984939575
43.88138961791992
44.044241189956665
44.21411395072937
45.13685369491577
45.310463666915894
45.48209285736084
45.64830279350281
45.8164587020874
45.98534679412842
46.157105445861816
46.323216915130615
46.49085807800293
46.65996241569519
47.60453391075134
47.77251625061035
47.94365978240967
48.11334729194641
48.28196382522583
48.451658725738525
48.62050104141235
48.79054403305054
48.96115446090698
49.12676692008972
50.05978345870972
50.224785804748535
50.385764360427856
50.602277517318726
50.77188158035278
50.93899869918823
51.101123332977295
51.265419483184814
51.42307138442993
51.58371138572693
52.4638032913208
52.6279137134552
52.78406310081482
52.9441921710968
53.110318183898926
53.27144479751587
53.43464159965515
53.59537887573242
53.76072311401367
53.91594910621643
54.79999232292175
54.966925859451294
55.130614042282104
55.29396176338196
55.46059513092041
55.62522649765015
55.78725624084473
55.95137619972229
56.12020134925842
56.27450776100159
57.184086322784424
57.355162382125854
57.52233934402466
57.68669033050537
57.855286836624146
58.0227427482605
58.19935321807861
58.36496305465698
58.53314185142517
58.70076060295105
59.63856101036072
59.80171775817871
59.971429109573364
60.13928937911987
60.30454778671265
60.47475624084473
60.64335513114929
60.811766147613525
60.98049712181091
61.150097608566284
62.08119750022888
62.244330644607544
62.404959201812744
62.57756590843201
62.750659227371216
62.91878962516785
63.083932876586914
63.24606132507324
63.40717840194702
63.571810245513916
64.49423050880432
64.66083836555481
64.82607436180115
64.98490977287292
65.15300607681274
65.31762647628784
65.48126816749573
65.64542126655579
65.80587935447693
65.9715256690979
66.89051914215088
67.05962610244751
67.23171281814575
67.39871144294739
67.55484414100647
67.72255802154541
67.88270092010498
68.042325258255
68.20413374900818
68.36692810058594
69.29941248893738
69.46905207633972
69.63977384567261
69.80917382240295
69.97813892364502
70.14483118057251
70.31200861930847
70.4793107509613
70.65302896499634
70.82510733604431
71.76750898361206
71.93425059318542
72.10093402862549
72.2714171409607
72.4390640258789
72.60958552360535
72.78121972084045
72.9476752281189
73.11776685714722
73.28745460510254
74.26108741760254
74.43268203735352
74.6013011932373
74.76293730735779
74.92260122299194
75.08899283409119
75.2522542476654
75.41806364059448
75.58614230155945
75.74526572227478
76.65739727020264
76.82245302200317
76.9880862236023
77.20624423027039
77.3713583946228
77.53291320800781
77.69507789611816
77.86385035514832
78.02497267723083
78.189688205719
79.1071765422821
79.2750096321106
79.4406464099884
79.60368418693542
79.76934695243835
79.9335401058197
80.09617614746094
80.26033639907837
80.41897201538086
80.57861113548279
81.46612215042114
81.62891268730164
81.78959465026855
81.94925427436829
82.0914306640625
82.2485568523407
82.41514229774475
82.58514833450317
82.74827718734741
82.91938257217407
83.65675354003906
83.8198561668396
83.98150634765625
84.16659355163574
84.31822800636292
84.4848279953003
84.63100004196167
84.77965021133423
84.9289448261261
85.07658314704895
85.8117253780365
85.95439410209656
86.10752558708191
86.25220704078674
86.39036273956299
86.55652022361755
86.70872068405151
86.86097812652588
87.007150888443
87.1583046913147
87.9300446510315
88.08146643638611
88.23203706741333
88.38294839859009
88.53464198112488
88.6845109462738
88.85017204284668
88.99587488174438
89.14359712600708
89.2928307056427
90.08196353912354
90.22672128677368
90.39630603790283
90.5429949760437
90.71322202682495
90.91826581954956
91.07388544082642
91.22202944755554
91.36418128013611
91.50933027267456
92.29105758666992
92.47564315795898
92.63230180740356
92.81885647773743
92.96899557113647
93.11676073074341
93.26690793037415
93.42706513404846
93.57222080230713
93.73005819320679
94.57183003425598
94.72002649307251
94.87314248085022
95.02880620956421
95.22387170791626
95.40641689300537
95.5959734916687
95.75675868988037
95.90989470481873
96.0626220703125
96.89101004600525
97.03517270088196
97.18332529067993
97.35292100906372
97.51303935050964
97.66767501831055
97.82430601119995
97.96795678138733
98.11654329299927
98.26468682289124
99.05289077758789
99.20953059196472
99.3761830329895
99.52488112449646
99.67953634262085
99.85325002670288
100.00330662727356
100.1574776172638
100.30819010734558
100.46647334098816
101.2448787689209
101.40102553367615
101.55167865753174
101.7608392238617
101.9397280216217
102.09488868713379
102.26556539535522
102.4207079410553
102.58781862258911
102.7354645729065
103.56465816497803
103.74275374412537
103.89190173149109
104.04020118713379
104.19033980369568
104.34148907661438
104.49214887619019
104.64242672920227
104.79555249214172
104.94379234313965
105.76121616363525
105.9438087940216
106.10393214225769
106.26209592819214
106.4162528514862
106.57040667533875
106.75050520896912
106.91511964797974
107.08621716499329
107.2443618774414
108.1050853729248
108.26970148086548
108.43694877624512
108.5846004486084
108.73333048820496
108.8788149356842
109.04373693466187
109.20196533203125
109.35958909988403
109.5237455368042
110.33191776275635
110.5096275806427
110.66049242019653
110.83015823364258
110.98082494735718
111.14947414398193
111.30048513412476
111.46060180664062
111.62053990364075
111.77919125556946
112.56971597671509
112.74081873893738
112.8969714641571
113.044753074646
113.19046068191528
113.33062052726746
113.48926734924316
113.63642263412476
113.7856457233429
113.9477767944336
114.73159408569336
114.90027284622192
115.05728077888489
115.22743058204651
115.37258100509644
115.5207462310791
115.67016768455505
115.8327808380127
115.97746920585632
116.12711215019226
117.55127120018005
118.38398551940918
119.13983798027039
119.89896893501282
120.64702868461609
121.3809609413147
122.11729598045349
122.84784412384033
123.61312055587769
124.32963109016418
125.66813516616821
126.40759348869324
127.17033886909485
127.90414237976074
128.72294998168945
129.4515655040741
130.18213748931885
130.91552805900574
131.64389276504517
132.388334274292
133.71938300132751
134.4931092262268
135.20339179039001
135.99209117889404
136.72102665901184
137.46645379066467
138.20133781433105
138.99865126609802
139.74351000785828
140.51139760017395
141.91273427009583
142.63960981369019
143.39766359329224
144.19344210624695
145.03662610054016
145.78204011917114
146.63304042816162
147.39500880241394
148.12188029289246
148.86039233207703
150.2052128314972
150.98198056221008
151.72663760185242
152.5252561569214
153.30369472503662
154.02878332138062
154.76124572753906
155.50961780548096
156.23516249656677
156.98618125915527
158.28089475631714
159.0428445339203
159.809668302536
160.54557394981384
161.33675360679626
162.06500673294067
162.82651019096375
163.57746744155884
164.31859683990479
165.06331253051758
166.3879635334015
167.1060290336609
167.84231305122375
168.6100480556488
169.39773797988892
170.13897323608398
170.923410654068
171.70011186599731
172.48184514045715
173.314359664917
174.70493078231812
175.433207988739
176.23187160491943
177.07743096351624
177.79844903945923
178.6031937599182
179.40356588363647
180.1852252483368
180.92295384407043
181.65525841712952
182.96782803535461
183.71305799484253
184.4234721660614
185.1664674282074
185.88081860542297
186.6019070148468
187.34228658676147
188.11608576774597
188.84049010276794
189.5947539806366
190.89344263076782
191.6040952205658
192.377117395401
193.10682654380798
193.83470153808594
194.6230411529541
195.38400721549988
196.15147852897644
196.89065670967102
197.63812494277954
198.94694924354553
199.72557306289673
200.44943714141846
201.19291472434998
201.98487854003906
202.7445845603943
203.5159947872162
204.2675371170044
205.06527972221375
205.8683581352234
207.24862623214722
208.02238178253174
208.77175974845886
209.53758311271667
210.3059184551239
211.06014227867126
211.83523869514465
212.6316785812378
213.39319491386414
214.14925956726074
215.42053985595703
216.18014240264893
216.94326424598694
217.72931146621704
218.46020817756653
219.27839517593384
220.070241689682
220.79327583312988
221.6230230331421
222.4129354953766
223.81383633613586
224.58113598823547
225.3313856124878
226.0787250995636
226.88934016227722
227.6284475326538
228.36132097244263
229.15403151512146
229.9652750492096
230.70259356498718
232.04798364639282
232.79826831817627
233.53752398490906
234.28916430473328
235.01748943328857
235.7303647994995
236.47824549674988
237.21201062202454
237.99101424217224
238.73660278320312
240.12295293807983
240.88165855407715
241.6738986968994
242.42024064064026
243.14660048484802
243.9258553981781
244.68218660354614
245.4813334941864
246.2576928138733
247.05490565299988
248.45797848701477
249.17531871795654
249.9151291847229
250.66498708724976
251.4295530319214
252.20134329795837
253.03900718688965
253.79501175880432
254.6091787815094
255.4094831943512
256.79557275772095
257.5255744457245
258.3476550579071
259.0779285430908
259.8517005443573
260.63404655456543
261.3621127605438
262.0982491970062
262.86397314071655
263.6173131465912
264.9790804386139
265.7347719669342
266.4616403579712
267.2462480068207
267.958251953125
268.67402601242065
269.4287509918213
270.19049429893494
270.92175221443176
271.691978931427
273.03257632255554
273.8000485897064
274.5624985694885
275.33945393562317
276.13270020484924
276.8757529258728
277.6407115459442
278.4355220794678
279.18596148490906
279.931423664093
281.2491476535797
281.9612169265747
282.6750257015228
283.40842628479004
284.1402382850647
284.9275896549225
285.6919183731079
286.4624307155609
287.18797540664673
287.8939290046692
289.23498129844666
289.98465490341187
290.74144744873047
291.55068135261536
292.2814373970032
293.0278220176697
293.80357599258423
294.5435800552368
295.2889053821564
296.02883982658386
297.37385869026184
298.09512853622437
298.87784695625305
299.66911220550537
300.48271656036377
301.22684121131897
302.0550491809845
302.8536877632141
303.69453287124634
304.55993461608887
305.923623085022
306.7009072303772
307.4886140823364
308.25247144699097
309.02957820892334
309.8857932090759
310.6306035518646
311.4039099216461
312.15587091445923
312.8694911003113
314.1838824748993
314.9022789001465
315.66867446899414
316.456006526947
317.2143347263336
317.9894959926605
318.7310106754303
319.4873595237732
320.2481770515442
321.0056757926941
322.36253571510315
323.1467080116272
323.870059967041
324.60714769363403
325.42505526542664
326.1638562679291
326.915851354599
327.6563894748688
328.3785762786865
329.1091773509979
330.427521944046
331.1502661705017
331.88276505470276
332.6225519180298
333.42087721824646
334.2167820930481
334.98170733451843
335.69567918777466
336.5014498233795
337.297785282135
338.64546608924866
339.39232540130615
340.1439402103424
340.8658404350281
341.6356427669525
342.3783235549927
343.12145352363586
343.85051560401917
344.5956802368164
345.31753969192505
346.6495370864868
347.3696584701538
348.1061279773712
348.89332461357117
349.64980387687683
350.3949086666107
351.1476011276245
351.9452118873596
352.70407819747925
353.4368679523468
354.85210824012756
355.68435406684875
356.54316687583923
357.33577156066895
358.1002378463745
358.842627286911
359.57119846343994
360.3438744544983
361.1405930519104
361.89352464675903
363.2619569301605
363.9978995323181
364.7392158508301
365.4964289665222
366.230544090271
366.9678852558136
367.68898010253906
368.42165970802307
369.1941804885864
369.9719932079315
371.426069021225
372.1752429008484
372.925993680954
373.7207188606262
374.4770619869232
375.23614382743835
375.99635577201843
376.7945613861084
377.55134177207947
378.3574833869934
379.73119282722473
380.47953510284424
381.2320339679718
382.03879594802856
382.7913453578949
383.5220937728882
384.35295248031616
385.10134387016296
385.8762228488922
386.60179710388184
387.98503255844116
388.7490437030792
389.54682183265686
390.31621289253235
391.04165720939636
391.78594064712524
392.5096399784088
393.2692701816559
394.00945377349854
394.7689366340637
396.07804465293884
396.83535981178284
397.5617296695709
398.351594209671
399.0684745311737
399.8057532310486
400.53066754341125
401.2849681377411
402.07774901390076
402.8268663883209
404.2249047756195
404.98672556877136
405.7955918312073
406.5369040966034
407.3225963115692
408.1436779499054
408.9049973487854
409.7331790924072
410.47025752067566
411.23316860198975
412.6182281970978
413.38820219039917
414.1509418487549
414.97889018058777
415.77557039260864
416.548139333725
417.286856174469
418.0503704547882
418.7764012813568
419.5484733581543
420.9207501411438
421.65961956977844
422.3851511478424
423.1357989311218
423.90904331207275
424.6762697696686
425.3996829986572
426.1251850128174
426.84342908859253
427.5803527832031
428.91732144355774
429.66403913497925
430.4509401321411
431.258113861084
431.99984431266785
432.72055530548096
433.4973111152649
434.2820727825165
435.0211865901947
435.7342429161072
437.12710189819336
437.9678075313568
438.7194871902466
439.5074460506439
440.2588806152344
440.99366569519043
441.76494669914246
442.5627770423889
443.32027649879456
444.04296135902405
445.39346075057983
446.16224479675293
446.90678238868713
447.71392250061035
448.43490982055664
449.2263238430023
449.9991555213928
450.7285442352295
451.4784562587738
452.27503299713135
453.65216517448425
454.4042580127716
455.14875197410583
455.9311327934265
456.673246383667
457.4549298286438
458.2794933319092
459.04829359054565
459.76925587654114
460.5334219932556
461.8831436634064
462.6170222759247
463.36463832855225
464.1125822067261
464.9181110858917
465.73824524879456
466.49654603004456
467.30286145210266
468.09611201286316
468.9033043384552
470.3132793903351
471.08392000198364
471.81483125686646
472.5557134151459
473.323118686676
474.09138011932373
474.8577926158905
475.6201331615448
476.3699517250061
477.13892698287964
478.47647285461426
479.2065281867981
479.97694277763367
480.7338778972626
481.4606635570526
482.24749875068665
483.00195503234863
483.784298658371
484.57403111457825
485.37473940849304
486.72344422340393
487.4799294471741
488.209121465683
488.97605443000793
489.7498195171356
490.5466721057892
491.3036243915558
492.0630393028259
492.85548543930054
493.6145522594452
494.96619391441345
495.7429873943329
496.49412393569946
497.27081203460693
497.9923150539398
498.7148468494415
499.48344111442566
500.2595775127411
501.00658345222473
501.7588257789612
503.13004422187805
503.9102303981781
504.6356372833252
505.38521671295166
506.1417827606201
506.91232800483704
507.65470027923584
508.3926479816437
509.1359724998474
509.9181365966797
511.28169870376587
512.0207800865173
512.7764098644257
513.5028028488159
514.3046844005585
515.0406618118286
515.7884421348572
516.5444347858429
517.3623349666595
518.0842633247375
519.4359216690063
520.1598384380341
520.9362506866455
521.6893255710602
522.4934422969818
523.2220666408539
523.9776570796967
524.7189865112305
525.5330321788788
526.3099679946899
527.6609852313995
528.4270131587982
529.1880502700806
529.9623098373413
530.6929354667664
531.4178185462952
532.1524188518524
532.8930053710938
533.6961395740509
534.4274921417236
535.7807476520538
536.5414433479309
537.2975401878357
538.1112115383148
538.888433933258
539.6323485374451
540.3901319503784
541.2309374809265
542.0129053592682
542.7918663024902
544.1430423259735
544.8960416316986
545.6384837627411
546.4097363948822
547.1450383663177
547.8773567676544
548.6221301555634
549.3514852523804
550.1256771087646
550.9040744304657
552.2537519931793
552.9928286075592
553.6911528110504
554.4190986156464
555.13574385643
555.8582127094269
556.6083319187164
557.349865436554
558.0903122425079
558.8452889919281
560.1731796264648
560.9065208435059
561.6470139026642
562.4077825546265
563.1546983718872
563.8998844623566
564.6380078792572
565.4373862743378
566.2210831642151
566.9737713336945
568.3718538284302
569.1775813102722
569.9281747341156
570.7821071147919
571.5800032615662
572.3360760211945
573.1751599311829
573.9159557819366
574.678633928299
575.4642441272736
576.8522505760193
577.5965871810913
578.3461871147156
579.1334247589111
579.8807587623596
580.639130115509
581.3732211589813
582.1147243976593
582.8685128688812
583.6133325099945
584.9496963024139
585.7077195644379
586.4296569824219
587.1780841350555
587.9619598388672
588.7711408138275
589.5303699970245
590.2589297294617
591.049209356308
591.8213753700256
593.1547861099243
593.9144194126129
594.676985502243
595.4609386920929
596.1861281394958
596.9296402931213
597.641544342041
598.3904454708099
599.1099216938019
599.8726689815521
601.3037581443787
602.0387575626373
602.8384351730347
603.5537393093109
604.2804789543152
605.0477342605591
605.7875719070435
606.5483431816101
607.2610414028168
607.9939365386963
609.3431332111359
610.116215467453
610.8526856899261
611.6327514648438
612.3892872333527
613.1228768825531
613.8715651035309
614.6170799732208
615.410228729248
616.2135539054871
617.5625700950623
618.3051545619965
619.0603489875793
619.8192102909088
620.6046676635742
621.4863040447235
622.2058556079865
623.0101518630981
623.7342584133148
624.5500700473785
625.869188785553
626.6403143405914
627.3727805614471
628.131635427475
628.847549200058
629.5654072761536
630.26895570755
631.0363669395447
631.8192176818848
632.622969865799
633.9888608455658
634.7767360210419
635.5015556812286
636.287871837616
637.0832798480988
637.8308637142181
638.5914001464844
639.3713958263397
640.1204862594604
640.8968164920807
642.238285779953
642.9893229007721
643.7262277603149
644.4731388092041
645.2221415042877
645.9957673549652
646.7381205558777
647.4987807273865
648.2399127483368
648.9805929660797
650.4308023452759
651.2322061061859
652.0351266860962
652.7774980068207
653.5406448841095
654.2806046009064
655.0267362594604
655.7437353134155
656.472639799118
657.2312984466553
658.579033613205
659.2949342727661
660.0053088665009
660.7419273853302
661.4673109054565
662.194450378418
662.9269464015961
663.6366674900055
664.3880093097687
665.1207873821259
666.4863984584808
667.2327909469604
668.0795342922211
668.8565287590027
669.6227476596832
670.4340860843658
671.1982436180115
671.94868683815
672.7418420314789
673.4756579399109
674.8464252948761
675.6657795906067
676.4549779891968
677.2366473674774
678.0615086555481
678.7943096160889
679.5514831542969
680.3053913116455
681.0859754085541
681.8262393474579
683.1553952693939
683.8899250030518
684.6353640556335
685.3750021457672
686.1253688335419
686.8453209400177
687.6055376529694
688.3771240711212
689.145868062973
689.8987975120544
690.5713636875153
690.6302304267883
690.692097902298
690.713042974472
690.733987569809
690.755960226059
690.776385307312
690.7973480224609
690.8192894458771
690.8402333259583
691.4097287654877
691.4306747913361
691.4526152610779
691.4730761051178
691.4950299263
691.5159735679626
691.5379202365875
691.559366941452
691.5803110599518
691.6012711524963
692.1910645961761
692.2110111713409
692.231951713562
692.2529008388519
692.2743566036224
692.2950570583344
692.3159971237183
692.3369450569153
692.3574123382568
692.3783631324768
692.9711544513702
692.9931960105896
693.0130994319916
693.0340440273285
693.0552229881287
693.0751717090607
693.096134185791
693.1190733909607
693.139541387558
693.16099858284
693.7247371673584
693.7446863651276
693.7661373615265
693.7866215705872
693.8075890541077
693.8285331726074
693.8484859466553
693.8699376583099
693.8905918598175
693.9115314483643
694.4763672351837
694.496351480484
694.5162935256958
694.5362441539764
694.5567538738251
694.5787262916565
694.5991594791412
694.6201133728027
694.6415793895721
694.662778377533
695.2238852977753
695.2448356151581
695.2658507823944
695.2860851287842
695.3070132732391
695.326961517334
695.34694647789
695.367399930954
695.3879554271698
695.4079020023346
695.9641149044037
695.984605550766
696.006317615509
696.0272283554077
696.0471768379211
696.0666370391846
696.0856986045837
696.107159614563
696.1271426677704
696.1476442813873
696.6938066482544
696.7137582302094
696.7337007522583
696.7541575431824
696.7741949558258
696.795257806778
696.8152048587799
696.8352227210999
696.8557455539703
696.8747525215149
697.423632144928
697.4436161518097
697.4649362564087
697.4844624996185
697.5049142837524
697.5248603820801
697.5448088645935
697.5657725334167
697.5863201618195
697.6063275337219
