14.323847770690918
13.75967788696289
13.21841049194336
12.67714786529541
12.135881423950195
11.594616889953613
11.19414234161377
10.512084007263184
9.970819473266602
9.429555892944336
9.457376480102539
9.31895923614502
8.873231887817383
8.204364776611328
8.043685913085938
7.924344062805176
7.753213882446289
7.537664413452148
7.283787727355957
6.996685028076172
6.680647850036621
6.339320182800293
5.97581672668457
5.592804908752441
5.192597389221191
4.825043678283691
4.618379592895508
4.241649627685547
3.9855897426605225
3.699599266052246
3.3869504928588867
3.204540967941284
2.818632125854492
2.640664577484131
2.985189914703369
3.1260297298431396
2.9745147228240967
3.0770792961120605
3.2883734703063965
3.423161745071411
3.489326000213623
3.493932008743286
3.443288803100586
3.3430442810058594
3.1982691287994385
3.0134947299957275
2.7927920818328857
2.539801597595215
2.742432117462158
2.691051483154297
2.77752423286438
2.8353824615478516
3.020285129547119
3.0687034130096436
2.9866530895233154
3.0235202312469482
3.0024142265319824
2.929164409637451
2.8090133666992188
2.7466237545013428
2.565243721008301
2.562974452972412
2.6749284267425537
2.521388292312622
2.575063705444336
2.6742191314697266
2.6877970695495605
2.663116216659546
2.6093854904174805
2.5721683502197266
2.591554880142212
2.4985103607177734
2.4873719215393066
2.3808016777038574
2.423898935317993
2.408538818359375
2.4154067039489746
2.4753479957580566
2.4382681846618652
2.438546657562256
2.4204282760620117
2.4928479194641113
2.4370999336242676
2.5577590465545654
2.579650402069092
2.479496479034424
2.585610866546631
2.5747299194335938
2.4331002235412598
2.5337352752685547
2.449631690979004
2.562582492828369
2.6081130504608154
2.520772933959961
2.503021240234375
2.4763197898864746
2.509443521499634
2.6466667652130127
2.575333595275879
2.419435977935791
2.4552807807922363
2.4368062019348145
2.4125723838806152
2.4010672569274902
2.393972873687744
2.409452199935913
2.4017810821533203
2.377218008041382
2.374662399291992
2.370913505554199
2.360841751098633
2.381019353866577
2.3870646953582764
2.385854721069336
2.3832380771636963
2.383028030395508
2.382540702819824
2.3778796195983887
2.376063346862793
2.3720474243164062
2.3573412895202637
2.3884520530700684
2.398224353790283
2.3859546184539795
2.3787379264831543
2.3916749954223633
2.4014549255371094
2.389301300048828
2.3811845779418945
2.3836450576782227
2.392651081085205
2.3856983184814453
2.3592844009399414
2.3826255798339844
2.3886098861694336
2.3824379444122314
2.380162477493286
2.380319118499756
2.380002975463867
2.375641345977783
2.3740439414978027
2.372893810272217
2.358201026916504
2.387143611907959
2.396955966949463
2.3851170539855957
2.3798153400421143
2.3910536766052246
2.4006054401397705
2.3886160850524902
31.628673553466797
31.138368606567383
30.434724807739258
29.596460342407227
28.66355323791504
27.66046714782715
26.606225967407227
25.51377296447754
24.392126083374023
23.25005340576172
22.108476638793945
21.082195281982422
20.147775650024414
19.233722686767578
18.34830665588379
17.547658920288086
16.795394897460938
16.078962326049805
15.389118194580078
14.727092742919922
14.090863227844238
13.488805770874023
12.946917533874512
12.454267501831055
11.984824180603027
11.52900218963623
11.07548713684082
10.62451457977295
10.181180000305176
9.765595436096191
9.385737419128418
9.038910865783691
8.712991714477539
8.399663925170898
8.093215942382812
7.792685508728027
7.49412202835083
7.189705848693848
6.8865132331848145
6.602390766143799
6.351869583129883
6.1289777755737305
5.917993068695068
5.711634635925293
5.509799957275391
5.317438125610352
5.137948036193848
4.978399276733398
4.858839988708496
4.761839389801025
4.671093940734863
4.582518577575684
4.4906182289123535
4.392519950866699
4.29005241394043
4.188468933105469
4.093536376953125
4.008138656616211
3.9373857975006104
3.8868374824523926
3.8619799613952637
3.8500752449035645
3.8449788093566895
3.8420510292053223
3.8332231044769287
3.8215644359588623
3.80855655670166
3.7939529418945312
3.7788259983062744
3.7645556926727295
3.7516539096832275
3.738687038421631
3.7262649536132812
3.7124805450439453
3.695260524749756
3.6774802207946777
3.663787364959717
3.6513965129852295
3.6401166915893555
3.6305108070373535
3.6225666999816895
3.6188430786132812
3.61578369140625
3.6130216121673584
3.6101908683776855
3.607898235321045
3.605246067047119
3.602762222290039
3.600058078765869
3.597041606903076
3.592594623565674
3.590839385986328
3.5891106128692627
3.587353229522705
3.586141586303711
3.5832700729370117
3.583371877670288
3.582577705383301
3.5793652534484863
3.581564426422119
3.582719326019287
3.581648826599121
3.5784895420074463
3.5793251991271973
3.582329273223877
3.5822229385375977
3.5792806148529053
3.576018810272217
3.5771772861480713
3.578639507293701
3.577888011932373
3.575139284133911
3.5733518600463867
3.5764708518981934
3.5769972801208496
3.5747697353363037
3.5734095573425293
3.574979782104492
3.5742297172546387
3.5721359252929688
3.5737884044647217
3.573643684387207
3.570962429046631
3.573784828186035
3.5753767490386963
3.574798107147217
3.572251319885254
3.572679281234741
3.575173854827881
3.575561046600342
3.5732262134552
3.5714428424835205
3.5745368003845215
3.5763869285583496
3.5759973526000977
3.573629856109619
3.5702128410339355
3.5720324516296387
3.57242751121521
3.5701828002929688
3.572049140930176
3.5736160278320312
3.5730648040771484
3.570557117462158
3.5714962482452393
3.573106288909912
3.572023391723633
3.569197654724121
3.5708353519439697
3.5708518028259277
3.5690865516662598
3.569096803665161
3.5690438747406006
3.5689353942871094
3.568845272064209
3.5687313079833984
3.5686988830566406
3.568636178970337
3.5685179233551025
3.5683512687683105
3.568164348602295
3.568260669708252
3.5683610439300537
3.568385124206543
3.5684499740600586
3.568355083465576
3.568298578262329
3.568190336227417
3.568122148513794
3.5679612159729004
3.567981004714966
3.5679874420166016
3.568021535873413
3.5679523944854736
3.567905902862549
3.5679097175598145
3.5677809715270996
3.567784309387207
3.567849636077881
3.567910671234131
3.567845106124878
3.5677528381347656
3.5677695274353027
3.5676488876342773
3.567760467529297
3.567800998687744
3.567645788192749
3.5677175521850586
3.5677218437194824
3.5676653385162354
3.567552328109741
3.5674257278442383
3.567430019378662
3.567533493041992
3.567460536956787
3.5674288272857666
3.5673394203186035
3.567284345626831
3.5672969818115234
3.567317008972168
3.5672662258148193
3.56722354888916
3.567180633544922
3.567218780517578
3.5671682357788086
3.5671470165252686
3.567070245742798
3.567086935043335
3.567091941833496
3.5670413970947266
3.5671606063842773
3.5670809745788574
3.56699275970459
3.56697940826416
3.566990375518799
3.5669727325439453
3.566880941390991
3.56681489944458
3.566781759262085
3.566800594329834
3.566790819168091
3.5667271614074707
3.566739320755005
3.566708564758301
3.5667028427124023
3.5666675567626953
3.5666344165802
3.5666685104370117
3.5666520595550537
3.566628932952881
3.56656551361084
3.566619873046875
3.5665407180786133
3.566485643386841
3.5666091442108154
3.5665509700775146
3.566453695297241
3.5664196014404297
3.566499710083008
3.5664875507354736
3.56632661819458
3.5664877891540527
3.5664210319519043
3.566295862197876
3.566301107406616
3.566352367401123
3.5663564205169678
3.5662996768951416
3.5661866664886475
3.566154956817627
3.566208600997925
3.566218376159668
3.5662269592285156
3.566220760345459
3.566159248352051
3.566108226776123
3.566197395324707
3.566181182861328
3.566307783126831
3.5663857460021973
3.5663881301879883
3.5663318634033203
3.566216468811035
3.5661263465881348
3.5660829544067383
3.566256046295166
3.566256523132324
3.5662946701049805
3.566331386566162
3.5663328170776367
3.566244602203369
3.5661299228668213
3.56611967086792
3.5661461353302
3.5661535263061523
3.5662922859191895
3.5662660598754883
3.566210985183716
3.5662312507629395
3.5661940574645996
3.566098690032959
3.566039562225342
3.5661139488220215
3.566126823425293
3.5660758018493652
3.5660645961761475
3.5660579204559326
3.566110610961914
3.566129207611084
3.566084861755371
3.5662121772766113
3.5661463737487793
3.5660548210144043
3.5660672187805176
3.566091537475586
3.566086530685425
3.566049098968506
3.5660271644592285
3.5659990310668945
3.5661354064941406
3.5661325454711914
3.566037654876709
3.5660691261291504
3.5660958290100098
3.5660035610198975
3.5659871101379395
3.5661282539367676
3.5660924911499023
3.5660557746887207
3.566084384918213
3.5660037994384766
3.5661656856536865
3.5661046504974365
3.566023349761963
3.566061019897461
3.5660505294799805
3.5660741329193115
3.5660314559936523
3.5659384727478027
3.566053867340088
3.5661091804504395
3.5661258697509766
3.566127061843872
3.5660786628723145
3.5660228729248047
3.5659523010253906
3.5660576820373535
3.5660512447357178
3.566118001937866
3.566181182861328
3.5661864280700684
3.56611967086792
3.566012382507324
3.566047191619873
3.566009521484375
3.5660133361816406
3.56628680229187
3.5662941932678223
3.5660674571990967
3.566063404083252
3.5660037994384766
3.5660014152526855
3.5659637451171875
3.5660388469696045
3.5660433769226074
3.5659923553466797
3.5659704208374023
3.5658974647521973
3.5660877227783203
3.56610107421875
128.1769561767578
112.52540588378906
98.72949981689453
87.50299072265625
77.43150329589844
71.01073455810547
66.05221557617188
60.56778335571289
54.446800231933594
47.83198547363281
40.66767120361328
35.01676559448242
29.741600036621094
24.307212829589844
21.415847778320312
20.175739288330078
17.501487731933594
14.488178253173828
14.12091064453125
14.683151245117188
15.772939682006836
16.461442947387695
16.602134704589844
16.04726791381836
16.474103927612305
16.229087829589844
15.096200942993164
14.368596076965332
13.428363800048828
12.506936073303223
11.586639404296875
10.724102973937988
10.512364387512207
10.355097770690918
10.063068389892578
9.902541160583496
9.102638244628906
8.671576499938965
8.388426780700684
8.124824523925781
8.240274429321289
8.455883979797363
8.111859321594238
7.461923122406006
7.6100664138793945
7.68226432800293
7.912656784057617
7.828876972198486
7.363450050354004
7.259788513183594
7.227921962738037
7.400382995605469
7.487771034240723
7.054905414581299
7.067190170288086
7.140411853790283
7.355335235595703
7.128024101257324
6.783929347991943
6.43412971496582
6.639387130737305
7.053033828735352
6.956515312194824
6.990011215209961
7.354824542999268
7.579521656036377
7.306812286376953
6.936660289764404
6.613630294799805
7.2066450119018555
7.416511058807373
7.02350378036499
7.238712310791016
7.27009916305542
6.772216796875
7.024131774902344
6.696176528930664
6.463779449462891
6.4274091720581055
6.640442848205566
6.811671257019043
6.703760147094727
6.3737382888793945
6.653481483459473
6.25744104385376
6.663167476654053
6.606795787811279
6.176601409912109
6.668913841247559
6.967630386352539
6.914538860321045
6.512798309326172
6.667659282684326
6.712180137634277
7.020395278930664
6.643468856811523
6.316303253173828
6.9478302001953125
7.238834381103516
7.296003341674805
7.090350151062012
6.877447605133057
6.812485218048096
6.877157211303711
7.224893569946289
6.929349899291992
6.887378215789795
6.896125316619873
7.10091495513916
7.084906101226807
6.945472717285156
6.936682224273682
6.948178768157959
7.105945587158203
6.878838062286377
6.659987449645996
6.590817451477051
6.52223539352417
6.425847053527832
6.618013381958008
6.678616523742676
6.59979248046875
6.856448173522949
6.447997570037842
6.680337429046631
6.52490234375
6.7352294921875
6.535675048828125
6.6417236328125
6.569516181945801
6.718915939331055
6.74275016784668
6.591350555419922
6.7360758781433105
6.965409278869629
6.836841583251953
6.865164756774902
6.754713535308838
6.736184120178223
6.841533660888672
7.383584499359131
7.42109489440918
7.020282745361328
6.46028470993042
6.419082164764404
6.714004993438721
6.5287675857543945
6.70601224899292
6.586206436157227
6.665619850158691
12.365667343139648
12.164559364318848
11.81078815460205
11.386693954467773
11.034847259521484
10.8488130569458
10.668340682983398
10.622787475585938
10.552372932434082
10.451061248779297
10.400331497192383
10.396537780761719
10.410194396972656
10.451238632202148
10.434041023254395
10.37438678741455
10.262271881103516
10.16470718383789
10.139039039611816
10.14976692199707
10.172842979431152
10.13155460357666
10.032474517822266
10.12090015411377
10.187507629394531
10.14942741394043
10.05865478515625
9.999686241149902
9.978802680969238
10.003985404968262
10.000518798828125
10.006640434265137
10.001738548278809
9.982912063598633
9.93548583984375
9.966963768005371
9.999839782714844
10.01144790649414
9.982183456420898
9.96882152557373
9.963969230651855
9.936436653137207
9.957473754882812
9.978752136230469
9.936403274536133
9.93012809753418
9.950960159301758
9.950050354003906
9.944795608520508
9.946351051330566
11.050521850585938
11.69326114654541
11.502803802490234
11.064563751220703
10.816353797912598
10.741573333740234
10.676275253295898
10.536767959594727
10.314981460571289
10.207504272460938
10.176741600036621
10.164382934570312
10.163071632385254
10.140602111816406
10.213671684265137
10.291624069213867
10.277448654174805
10.151663780212402
10.082172393798828
10.155464172363281
10.150140762329102
10.118831634521484
10.065057754516602
9.992935180664062
10.033384323120117
10.035908699035645
10.029446601867676
10.01164436340332
9.995833396911621
9.971735000610352
9.972600936889648
9.97485637664795
9.958398818969727
9.959480285644531
9.954729080200195
9.960529327392578
9.940861701965332
9.956403732299805
9.933009147644043
9.963912963867188
9.982219696044922
9.96493148803711
9.946664810180664
9.982275009155273
9.981534957885742
9.953786849975586
9.963764190673828
9.977349281311035
9.984264373779297
9.920292854309082
9.950797080993652
9.99463176727295
9.984357833862305
9.977302551269531
10.001755714416504
9.998600006103516
9.962364196777344
9.972818374633789
9.997447967529297
9.98277473449707
9.949028015136719
9.973567962646484
9.975274085998535
9.962712287902832
9.941579818725586
9.933111190795898
9.965799331665039
9.973154067993164
9.967329025268555
9.937349319458008
9.970956802368164
9.987635612487793
9.962418556213379
9.974414825439453
10.029942512512207
10.015863418579102
9.979337692260742
9.98592758178711
10.024005889892578
9.983770370483398
9.953277587890625
9.974493026733398
9.998019218444824
9.973861694335938
9.953640937805176
9.97641372680664
9.996940612792969
9.964131355285645
9.923867225646973
9.986227035522461
10.001644134521484
9.965597152709961
9.951412200927734
9.954507827758789
9.977487564086914
10.009183883666992
9.992795944213867
9.934085845947266
9.950583457946777
10.001096725463867
9.989874839782715
9.52298355102539
9.536767959594727
9.548040390014648
9.546204566955566
9.487869262695312
9.359762191772461
9.141242980957031
8.899003982543945
8.783793449401855
8.794873237609863
8.78636360168457
8.747662544250488
8.651220321655273
8.544379234313965
8.488199234008789
8.46120834350586
8.376349449157715
8.2953462600708
8.248007774353027
8.214958190917969
8.201035499572754
8.199132919311523
8.145506858825684
8.050575256347656
7.953330993652344
7.880337715148926
7.8148345947265625
7.797646999359131
7.790774345397949
7.766508102416992
7.722002983093262
7.675947666168213
7.647077560424805
7.63880729675293
7.6303863525390625
7.612665176391602
7.581464767456055
7.547476291656494
7.522729396820068
7.506136894226074
7.488047122955322
7.468263626098633
7.466708660125732
7.470503807067871
7.4633097648620605
7.442930698394775
7.423847675323486
7.406353950500488
7.395541191101074
7.39152717590332
7.38779878616333
7.385519504547119
7.379343509674072
7.366518020629883
7.35798978805542
7.357651233673096
7.358692169189453
7.352130889892578
7.34781551361084
7.351049900054932
7.349583625793457
7.3449296951293945
7.343578815460205
7.339013576507568
7.337409973144531
7.337045669555664
7.337281703948975
7.333933353424072
7.330904006958008
7.327786922454834
7.328007698059082
7.327770233154297
7.324550628662109
7.322174072265625
7.322822093963623
7.321268081665039
7.322972297668457
7.32334041595459
7.323757648468018
7.322111129760742
7.3207550048828125
7.3201470375061035
7.319235324859619
7.319632530212402
7.317846775054932
7.317516326904297
7.318827152252197
7.318861484527588
7.316211700439453
7.315570831298828
7.315415382385254
7.315863609313965
7.314944744110107
7.314988136291504
7.31364107131958
7.315556049346924
7.31627082824707
7.315715789794922
7.313566207885742
7.312548637390137
7.312152862548828
7.312144756317139
7.3118157386779785
7.311311721801758
7.312322616577148
7.312678813934326
7.31251335144043
7.311511993408203
7.3116888999938965
7.311768531799316
7.311810493469238
7.311652183532715
7.311707973480225
7.311295986175537
7.311511039733887
7.311789512634277
7.312143325805664
7.312171936035156
7.311919212341309
7.311563491821289
7.311247825622559
7.310920715332031
7.310657501220703
7.3105387687683105
7.310441017150879
7.310487270355225
7.310538291931152
7.3108954429626465
7.310640335083008
7.31069278717041
7.310635089874268
7.310310363769531
7.310007572174072
7.309919834136963
7.309840202331543
7.310040473937988
7.310247421264648
7.309957981109619
7.309892654418945
7.309543132781982
7.310023307800293
7.309950828552246
7.309686660766602
7.309494972229004
7.309528350830078
7.309498310089111
7.309349060058594
7.309239864349365
7.309511184692383
7.309500694274902
7.309507369995117
7.309409141540527
7.309382438659668
7.3090925216674805
7.308769226074219
7.3087615966796875
7.308772087097168
7.308775901794434
7.309046745300293
7.309152603149414
7.309126377105713
7.309232711791992
7.30924129486084
7.308995246887207
7.308957576751709
7.308673858642578
7.308687210083008
7.30891227722168
7.308974266052246
7.308893203735352
7.309297561645508
7.308984756469727
7.309175491333008
7.309262275695801
7.308906555175781
7.308547019958496
7.308487892150879
7.3087077140808105
7.308892726898193
7.308756351470947
7.309062957763672
7.3090667724609375
7.3090081214904785
7.308973789215088
7.308781623840332
7.308794975280762
7.3085479736328125
7.308384418487549
7.309203624725342
7.3089752197265625
7.309405326843262
7.309137344360352
7.309117794036865
7.3090314865112305
7.308992385864258
7.308466911315918
7.308300971984863
7.308528423309326
7.308490753173828
7.3089399337768555
7.308771133422852
7.309062480926514
7.309050559997559
7.308819770812988
7.308948040008545
7.308744430541992
7.308706760406494
7.308454990386963
7.308448314666748
7.308405876159668
7.308433532714844
7.3085479736328125
7.3090972900390625
7.308820724487305
7.308606147766113
7.3086042404174805
7.308362007141113
7.308096885681152
7.308052062988281
7.308313369750977
7.308513641357422
7.308254718780518
7.308282852172852
7.308820724487305
7.308816909790039
7.308754920959473
7.308422565460205
7.308387279510498
7.308334827423096
7.308150768280029
7.3082122802734375
7.308262825012207
7.30821418762207
7.3087615966796875
7.308474540710449
7.308562755584717
7.308282375335693
7.308257579803467
7.308223724365234
7.308250427246094
7.308211326599121
7.308193683624268
7.308185577392578
7.308207035064697
7.3087873458862305
7.308487415313721
7.308648109436035
7.308411121368408
7.3082356452941895
7.308230400085449
7.308230400085449
7.308246612548828
7.308246612548828
7.308080673217773
7.308097839355469
7.308354377746582
7.308443069458008
7.308080196380615
7.308023452758789
7.3080902099609375
7.308054447174072
7.3080902099609375
7.308254241943359
7.308274745941162
7.308353424072266
7.308450698852539
7.308396816253662
7.308109760284424
7.308113098144531
7.308073043823242
7.308113098144531
7.308069705963135
7.308154106140137
7.308150291442871
7.308210849761963
7.308482646942139
7.308718681335449
7.308481216430664
7.308417320251465
7.307920932769775
7.307893753051758
7.307956695556641
7.307976722717285
7.308010101318359
7.3079938888549805
7.308023929595947
7.308012008666992
7.308292388916016
7.307971000671387
7.30793571472168
7.307975769042969
7.307944297790527
7.3079118728637695
7.307870864868164
7.307921886444092
7.30805778503418
7.308040618896484
7.3084187507629395
7.308420658111572
0.6476668119430542
0.6410118341445923
0.6347165703773499
0.6287438869476318
0.6234732866287231
0.6185693144798279
0.614109992980957
0.6100374460220337
0.6061820387840271
0.6025503873825073
0.5991383194923401
0.595900297164917
0.5927772521972656
0.5898995995521545
0.5872448682785034
0.5848362445831299
0.5827670097351074
0.5810422301292419
0.5798370838165283
0.5791819095611572
0.5790582895278931
0.5791918039321899
0.5790021419525146
0.5786995887756348
0.5782976150512695
0.5778603553771973
0.5774129033088684
0.5769543647766113
0.5765634775161743
0.5762901306152344
0.5761640071868896
0.5761811137199402
0.5763024091720581
0.5763590335845947
0.5763071179389954
0.5761683583259583
0.5760023593902588
0.5758121013641357
0.5756247043609619
0.5755259990692139
0.5755031108856201
0.5755082964897156
0.5755306482315063
0.5755141973495483
0.5754399299621582
0.5753464698791504
0.5752800703048706
0.5752124190330505
0.5751891136169434
0.5751798152923584
0.5751851201057434
0.5751690864562988
0.5751214027404785
0.5750977396965027
0.575068473815918
0.5750372409820557
0.5750191807746887
0.5750218033790588
0.5750200152397156
0.5750154256820679
0.5749922394752502
0.5749648809432983
0.5749766826629639
0.574995219707489
0.5749854445457458
0.5749620199203491
0.5749446749687195
0.5749379396438599
0.5749573111534119
0.574958860874176
0.5749306082725525
0.5749123692512512
0.5749043226242065
0.57491534948349
0.5749231576919556
0.5749112367630005
0.5748984217643738
0.5748939514160156
0.5748958587646484
0.574904203414917
0.5748956203460693
0.574887752532959
0.5748944878578186
0.5749005079269409
0.5748965740203857
0.5749001502990723
0.5749084949493408
0.5749039053916931
0.5749106407165527
0.574908971786499
0.5748971700668335
0.574901282787323
0.5749067664146423
0.5749088525772095
0.5749072432518005
0.5748982429504395
0.5748958587646484
0.5749004483222961
0.5749121904373169
0.5749050378799438
