15.012934684753418
12.30660629272461
10.381054878234863
9.04086971282959
7.303440570831299
7.481807708740234
7.792039394378662
8.053316116333008
8.071989059448242
7.898756980895996
7.759393692016602
7.561463356018066
7.431509971618652
7.08616828918457
6.711706638336182
6.365088939666748
6.072911739349365
5.671975135803223
5.1948933601379395
4.770882606506348
4.33351993560791
3.9324119091033936
3.42523455619812
2.9569790363311768
2.65745210647583
2.6663155555725098
2.4110541343688965
1.9363433122634888
1.5542924404144287
1.4017536640167236
1.2086167335510254
0.9792894124984741
0.8109346032142639
0.7732868194580078
0.48059970140457153
0.7106184959411621
0.9598821401596069
1.2217938899993896
1.2520954608917236
1.2561887502670288
1.2295126914978027
1.1506810188293457
1.0250508785247803
0.8574008941650391
0.961834192276001
1.0349347591400146
0.8622944355010986
0.4755973815917969
0.580112636089325
0.8590713143348694
0.8798137307167053
0.6739050149917603
0.3021746873855591
0.5257114768028259
0.5836814641952515
0.5289509892463684
0.48038363456726074
0.540691614151001
0.42699575424194336
0.5652397871017456
0.772644579410553
0.5902335047721863
0.37448257207870483
0.5089893937110901
0.776730477809906
0.6470799446105957
0.3596559166908264
0.4519715905189514
0.6727427244186401
0.5070477724075317
0.45638978481292725
0.5561366677284241
0.4447430372238159
0.4473164677619934
0.45789629220962524
0.28811395168304443
0.3879427909851074
0.4916831851005554
0.4954829812049866
0.3789156675338745
0.34165382385253906
0.40245503187179565
0.4108920693397522
0.5005687475204468
0.5121216177940369
0.3685459494590759
0.5695059895515442
0.6513997912406921
0.42594075202941895
0.34439414739608765
0.41120052337646484
0.40505528450012207
0.4149794578552246
0.33893436193466187
0.36702901124954224
0.5033046007156372
0.44180750846862793
0.3960460424423218
0.3037780523300171
0.451505184173584
0.5977168679237366
0.5781739950180054
0.5233079195022583
0.43705254793167114
0.35341978073120117
0.27972012758255005
0.2873823046684265
0.3449857234954834
0.37804245948791504
0.38908272981643677
0.38037747144699097
0.3539577126502991
0.3116533160209656
0.25509893894195557
0.2963721752166748
0.3401950001716614
0.3611236810684204
0.36150962114334106
0.34345388412475586
0.3088518977165222
0.25940537452697754
0.2855151891708374
0.3236353397369385
0.3396168351173401
0.33572763204574585
0.3139972686767578
0.2762526273727417
0.2580612897872925
0.28670430183410645
0.29434263706207275
0.28308331966400146
0.25484412908554077
0.2707749605178833
0.29179155826568604
0.29263049364089966
0.27534961700439453
0.24527907371520996
0.2652198076248169
0.26952624320983887
0.25536417961120605
0.25753676891326904
0.2671971917152405
0.25933533906936646
0.25340020656585693
0.2559155225753784
0.25392621755599976
0.24804174900054932
0.2478376030921936
0.25520026683807373
0.26350468397140503
17.440406799316406
17.14979362487793
16.75629425048828
16.29680824279785
15.792223930358887
15.259445190429688
14.700835227966309
14.122719764709473
13.532851219177246
12.932902336120605
12.326169967651367
11.716057777404785
11.103718757629395
10.489652633666992
9.876154899597168
9.265328407287598
8.66843318939209
8.153481483459473
7.676356315612793
7.222788333892822
6.780544281005859
6.346200466156006
5.915337562561035
5.489861011505127
5.071602821350098
4.68480110168457
4.3780364990234375
4.10668420791626
3.8611292839050293
3.630131721496582
3.4303553104400635
3.2545971870422363
3.0881874561309814
2.925647735595703
2.760112762451172
2.5934314727783203
2.4219179153442383
2.2440695762634277
2.059802532196045
1.875482439994812
1.7113198041915894
1.5906777381896973
1.501910924911499
1.4259777069091797
1.353181004524231
1.2818279266357422
1.2088794708251953
1.1332614421844482
1.0572888851165771
0.9852108359336853
0.9211912751197815
0.8685749173164368
0.8290923237800598
0.7974656224250793
0.7679144144058228
0.7411648631095886
0.7211548686027527
0.698229193687439
0.6726711988449097
0.6524785757064819
0.636702299118042
0.6267058849334717
0.6183481812477112
0.6101295948028564
0.6040344834327698
0.5963096022605896
0.5868583917617798
0.5837530493736267
0.5817735195159912
0.5794114470481873
0.5747957229614258
0.5704114437103271
0.5653239488601685
0.5592736005783081
0.5519939064979553
0.5457223057746887
0.543215274810791
0.5397936105728149
0.5362452268600464
0.5383249521255493
0.5373989343643188
0.5345679521560669
0.5331447124481201
0.531119704246521
0.5289086103439331
0.5274590253829956
0.5244309902191162
0.5267360806465149
0.5262370705604553
0.5229958295822144
0.5204118490219116
0.5208212733268738
0.5212375521659851
0.5195720195770264
0.5160898566246033
0.515954315662384
0.5168794393539429
0.5151517391204834
0.5121684670448303
0.5137145519256592
0.5148967504501343
0.512509286403656
0.5087270736694336
0.5065106749534607
0.5069094300270081
0.5057071447372437
0.5051050782203674
0.5050601959228516
0.5046570897102356
0.5046048760414124
0.5030664205551147
0.5033266544342041
0.5044249296188354
0.5031425952911377
0.5038930177688599
0.5047363638877869
0.5036317706108093
0.5022972226142883
0.5031001567840576
0.5022640824317932
0.5013326406478882
0.5015747547149658
0.5009915828704834
0.5018541812896729
0.5013554096221924
0.5013278722763062
0.5027785301208496
0.5024219751358032
0.5004482269287109
0.5023422241210938
0.5025226473808289
0.5009537935256958
0.5014362335205078
0.5015003681182861
0.49987152218818665
0.5002162456512451
0.5002099275588989
0.5004486441612244
0.5002381801605225
0.49981623888015747
0.501124382019043
0.5011459589004517
0.5001240372657776
0.501861572265625
0.5021017789840698
0.5004854202270508
0.500961422920227
0.5018683075904846
0.5005096793174744
0.500309944152832
0.50115966796875
0.5010381937026978
0.5007396936416626
0.5002921223640442
0.5000998973846436
0.49993783235549927
0.4997459352016449
0.4995351731777191
0.4998002052307129
0.5000866651535034
0.500126838684082
0.49995025992393494
0.4995828866958618
0.49906834959983826
0.49909064173698425
0.49906355142593384
0.49900102615356445
0.4990171194076538
0.4988485872745514
0.4985499978065491
0.4988408088684082
0.49895504117012024
0.4988413155078888
0.4988005459308624
0.498716801404953
0.4988047778606415
0.49870380759239197
0.49874621629714966
0.49874404072761536
0.49866771697998047
0.4986097514629364
0.49838176369667053
0.49854904413223267
0.49865853786468506
0.49859631061553955
0.4985964596271515
0.4985472559928894
0.49846208095550537
0.4984281659126282
0.49839919805526733
0.49827924370765686
0.4982571601867676
0.4981975257396698
0.4982876777648926
0.49828648567199707
0.4982094168663025
0.4983252286911011
0.49833422899246216
0.4981604516506195
0.49824613332748413
0.49832776188850403
0.49819058179855347
0.4980735778808594
0.4981384575366974
0.4980155825614929
0.49812233448028564
0.4981583058834076
0.49799054861068726
0.4979904294013977
0.49794524908065796
0.49786078929901123
0.497933954000473
0.49798640608787537
0.49793556332588196
0.4979276657104492
0.4978380501270294
0.49795597791671753
0.49796274304389954
0.49778297543525696
0.4977963864803314
0.49780771136283875
0.49769362807273865
0.4978707730770111
0.49781185388565063
0.49774476885795593
0.4977589547634125
0.4978230595588684
0.4978092908859253
0.49773073196411133
0.49761372804641724
0.4977221190929413
0.4977451264858246
0.4977714419364929
0.49774205684661865
0.4976748824119568
0.4975707232952118
0.4977249503135681
0.49766767024993896
0.49753516912460327
0.49773523211479187
0.49778497219085693
0.49765104055404663
0.4975612163543701
0.4976343810558319
0.49760201573371887
0.4973597824573517
0.49753519892692566
0.497555136680603
0.4974973499774933
0.4974648952484131
0.49749842286109924
0.49748489260673523
0.4974413216114044
0.49744245409965515
0.49742648005485535
0.49732205271720886
0.49740487337112427
0.4974043369293213
0.49733766913414
0.49755802750587463
0.4975948929786682
0.49744343757629395
0.49738869071006775
0.4974830448627472
0.49735787510871887
0.4974386990070343
0.4975226819515228
0.497417151927948
0.497312068939209
0.49735909700393677
0.497313529253006
0.4973231554031372
0.4972943961620331
0.49736249446868896
0.49735310673713684
0.4972882568836212
0.49728867411613464
0.49733150005340576
0.4972987771034241
0.49735352396965027
0.4973723888397217
0.49725937843322754
0.4974222183227539
0.49739667773246765
0.49725252389907837
0.4972648024559021
0.4973193109035492
0.49727144837379456
0.4973675012588501
0.49739405512809753
0.49724066257476807
0.49749991297721863
0.49759313464164734
0.4974719285964966
0.49729329347610474
0.4974416494369507
0.49745693802833557
0.49729248881340027
0.49742281436920166
0.4975297749042511
0.4974173903465271
0.49728041887283325
0.4974597990512848
0.49746769666671753
0.497302770614624
0.497408390045166
0.497518926858902
0.49741241335868835
0.49724456667900085
0.49731409549713135
0.49721336364746094
0.49728432297706604
0.4972212016582489
0.49736493825912476
0.49740880727767944
0.4972700774669647
0.497389018535614
0.49747520685195923
0.4973447322845459
0.497300922870636
0.4973900616168976
0.497293621301651
0.49727675318717957
0.49732303619384766
0.4972270131111145
0.49723386764526367
0.4972556233406067
0.4971846640110016
0.4971885681152344
0.4972885549068451
0.49721115827560425
0.497343510389328
0.49736958742141724
0.49717220664024353
0.4973163306713104
0.4973355233669281
0.497214138507843
0.49727192521095276
0.49724775552749634
0.4972255825996399
0.49723953008651733
0.497183620929718
0.4971359968185425
0.49733954668045044
0.49736765027046204
0.4972189962863922
0.4973592162132263
0.4974476397037506
0.4973249137401581
0.49723339080810547
60.808441162109375
58.28951644897461
55.759498596191406
53.192543029785156
50.949920654296875
48.90119934082031
47.2403564453125
45.39875411987305
43.47548294067383
41.49585723876953
39.43860626220703
37.368408203125
35.905208587646484
34.46988296508789
32.89788055419922
31.279415130615234
29.62534523010254
28.363056182861328
27.071455001831055
25.891925811767578
24.981334686279297
23.999202728271484
23.084564208984375
22.2110652923584
21.238487243652344
20.334228515625
19.36328125
18.284053802490234
17.16828155517578
16.164440155029297
15.590807914733887
14.828779220581055
14.0897855758667
13.586852073669434
12.96151351928711
12.219593048095703
11.426840782165527
10.644549369812012
9.877175331115723
9.16577434539795
8.461328506469727
7.81223201751709
7.372331619262695
6.873946189880371
6.2900495529174805
5.819275856018066
5.201822280883789
4.563929080963135
4.037956714630127
3.381282091140747
2.9278039932250977
2.496227741241455
2.3349900245666504
2.1687519550323486
2.0537915229797363
2.0557260513305664
2.2799572944641113
2.476884603500366
2.489971399307251
2.373055934906006
2.4590253829956055
2.5139355659484863
2.5419816970825195
2.540520191192627
2.549055337905884
2.4523730278015137
2.3531181812286377
2.2780702114105225
2.2334084510803223
2.1493475437164307
2.069974184036255
1.9508485794067383
1.892107367515564
1.8853081464767456
1.9262678623199463
1.8698526620864868
1.7918376922607422
1.7786595821380615
1.8100470304489136
1.814713478088379
1.7689208984375
1.7567336559295654
1.6265037059783936
1.6175369024276733
1.6092942953109741
1.6068198680877686
1.5811930894851685
1.636641263961792
1.6300840377807617
1.5663561820983887
1.4927085638046265
1.518620252609253
1.5795490741729736
1.6703739166259766
1.6655910015106201
1.5857276916503906
1.6186952590942383
1.6303989887237549
1.556766390800476
1.522892951965332
1.5886518955230713
1.5855692625045776
1.5441935062408447
1.5292930603027344
1.4940131902694702
1.5008108615875244
1.46937894821167
1.489691972732544
1.5368239879608154
1.4806950092315674
1.4815878868103027
1.512743592262268
1.488893747329712
1.4760186672210693
1.5773062705993652
1.5815472602844238
1.5349223613739014
1.5237005949020386
1.5035927295684814
1.5058534145355225
1.4854471683502197
1.4740605354309082
1.5692710876464844
1.5478136539459229
1.5689213275909424
1.5138698816299438
1.518198013305664
1.53706955909729
1.592390537261963
1.6037356853485107
1.5897154808044434
1.502959966659546
1.5455225706100464
1.5552232265472412
1.51380455493927
1.4975746870040894
1.564260482788086
1.5543336868286133
1.5086264610290527
1.4959619045257568
1.4892104864120483
1.5426251888275146
1.5207167863845825
1.4674534797668457
1.4427764415740967
1.4526903629302979
1.4812805652618408
1.5010923147201538
1.551701307296753
1.5756374597549438
35.73129653930664
35.67683029174805
35.60133743286133
35.52191162109375
35.42681121826172
35.32504653930664
35.22876739501953
35.12376403808594
35.0224609375
34.92253875732422
34.821964263916016
34.72918701171875
34.65313720703125
34.592559814453125
34.51646423339844
34.465328216552734
34.41061019897461
34.3575325012207
34.30488967895508
34.257080078125
34.2029914855957
34.15168762207031
34.1130485534668
34.08504104614258
34.069190979003906
34.05710220336914
34.04595184326172
34.05986785888672
34.08637237548828
34.103328704833984
34.117008209228516
34.12748718261719
34.135108947753906
34.13566589355469
34.13043975830078
34.121803283691406
34.11880111694336
34.111820220947266
34.105186462402344
34.088504791259766
34.089141845703125
34.08823013305664
34.08724594116211
34.08551025390625
34.08161544799805
34.079200744628906
34.0746955871582
34.07002639770508
34.066802978515625
34.07012939453125
34.07021713256836
34.065834045410156
34.06233596801758
34.0576286315918
34.05577087402344
34.053775787353516
34.053245544433594
34.05382537841797
34.054378509521484
34.05270767211914
34.04749298095703
34.04607009887695
34.04706573486328
34.04850387573242
34.04958724975586
34.05223846435547
34.05028533935547
34.06025695800781
34.065208435058594
34.0648307800293
34.0667839050293
34.067169189453125
34.06610107421875
34.06414031982422
34.064781188964844
34.06174087524414
34.05902099609375
34.055511474609375
34.04893493652344
34.04808044433594
34.049991607666016
34.048606872558594
34.05149841308594
34.05329895019531
34.05439758300781
34.0555534362793
34.0549430847168
34.05521774291992
34.052459716796875
34.051143646240234
34.04930877685547
34.047218322753906
34.0466194152832
34.0479621887207
34.05131149291992
34.053016662597656
34.0563850402832
34.05560302734375
34.054786682128906
34.0545654296875
34.05184555053711
34.04999923706055
34.04737091064453
34.046566009521484
34.048377990722656
34.050628662109375
34.05047607421875
34.05012130737305
34.05054473876953
34.04991912841797
34.04975128173828
34.047142028808594
34.04649353027344
34.046844482421875
34.04603576660156
34.04863357543945
34.046875
34.047340393066406
34.04524230957031
34.04304122924805
34.042869567871094
34.042991638183594
34.04524230957031
34.04610061645508
34.045921325683594
34.046409606933594
34.046241760253906
34.04458999633789
34.04444885253906
34.042999267578125
34.041648864746094
34.04170608520508
34.041046142578125
34.043846130371094
34.04368209838867
34.04544448852539
34.04505920410156
34.04362106323242
34.04368209838867
34.042877197265625
34.0427131652832
34.039588928222656
34.04131317138672
34.04051208496094
34.04270553588867
34.042545318603516
34.04173278808594
34.042633056640625
34.04185104370117
34.042320251464844
34.040687561035156
33.60884475708008
33.273765563964844
32.938323974609375
32.58041000366211
32.20430374145508
31.810874938964844
31.407625198364258
30.988903045654297
30.551084518432617
30.103063583374023
29.651866912841797
29.19689178466797
28.744037628173828
28.29279136657715
27.848703384399414
27.404438018798828
26.977876663208008
26.570222854614258
26.142667770385742
25.712940216064453
25.268604278564453
24.810955047607422
24.363235473632812
23.908565521240234
23.43760108947754
22.950416564941406
22.475648880004883
21.995532989501953
21.5108585357666
21.026384353637695
20.538423538208008
20.0428524017334
19.55622673034668
19.096220016479492
18.67239761352539
18.3020076751709
17.967336654663086
17.667011260986328
17.41351890563965
17.174325942993164
16.958660125732422
16.773542404174805
16.62002182006836
16.478792190551758
16.355506896972656
16.240053176879883
16.114952087402344
15.984556198120117
15.864681243896484
15.766522407531738
15.703866958618164
15.688806533813477
15.678635597229004
15.661768913269043
15.629942893981934
15.588679313659668
15.554189682006836
15.515901565551758
15.472892761230469
15.418488502502441
15.346929550170898
15.267121315002441
15.184530258178711
15.099763870239258
15.023566246032715
14.951563835144043
14.886208534240723
14.824947357177734
14.753460884094238
14.679901123046875
14.597986221313477
14.506875038146973
14.413192749023438
14.31714916229248
14.216788291931152
14.121670722961426
14.02758502960205
13.924330711364746
13.823869705200195
13.715593338012695
13.606141090393066
13.496224403381348
13.38620662689209
13.271564483642578
13.15743350982666
13.043747901916504
12.931859016418457
12.813850402832031
12.696417808532715
12.56713581085205
12.438225746154785
12.332517623901367
12.239412307739258
12.15195369720459
12.06933879852295
11.994610786437988
11.929630279541016
11.866242408752441
11.81328296661377
11.780854225158691
11.73471450805664
11.713322639465332
11.71052360534668
11.721046447753906
11.73326587677002
11.742061614990234
11.746060371398926
11.749265670776367
11.74177074432373
11.723471641540527
11.696935653686523
11.657238960266113
11.600015640258789
11.534525871276855
11.455135345458984
11.365652084350586
11.267926216125488
11.152908325195312
11.030404090881348
10.895495414733887
10.752842903137207
10.594930648803711
10.425616264343262
10.24406623840332
10.04808521270752
9.842638969421387
9.627279281616211
9.404828071594238
9.222612380981445
9.08240795135498
8.957255363464355
8.849193572998047
8.750722885131836
8.649737358093262
8.531379699707031
8.483158111572266
8.462669372558594
8.466303825378418
8.474052429199219
8.491350173950195
8.502664566040039
8.501175880432129
8.488237380981445
8.462541580200195
8.428482055664062
8.384413719177246
8.322003364562988
8.244059562683105
8.145516395568848
8.033842086791992
7.907955169677734
7.772842884063721
7.6299567222595215
7.475301742553711
7.306011199951172
7.119034767150879
6.916299819946289
6.695507526397705
6.453995227813721
6.1903276443481445
5.9157867431640625
5.631704807281494
5.410701751708984
5.3161301612854
5.251801013946533
5.221996784210205
5.27708101272583
5.367523670196533
5.4365057945251465
5.477881908416748
5.495295524597168
5.491442680358887
5.470808029174805
5.429385662078857
5.372878074645996
5.303870677947998
5.222187519073486
5.134366512298584
5.040921211242676
4.943464756011963
4.850727558135986
4.857229232788086
4.9497151374816895
4.984212875366211
4.9815545082092285
4.940735816955566
4.8697052001953125
4.816147804260254
4.78809118270874
4.78759241104126
4.78933572769165
4.8014607429504395
4.79826545715332
4.773623943328857
4.7376484870910645
4.707383632659912
4.68237829208374
4.691152572631836
4.700884819030762
4.688133239746094
4.657326698303223
4.642561912536621
4.6405558586120605
4.640559673309326
4.637178897857666
4.626176357269287
4.604387283325195
4.586691379547119
4.578442096710205
4.576335906982422
4.565605640411377
4.5523223876953125
4.539157390594482
4.526037693023682
4.517325401306152
4.50956392288208
4.499862194061279
4.484593868255615
4.470747947692871
4.460565090179443
4.4503703117370605
4.43925666809082
4.427143096923828
4.412752151489258
4.403427600860596
4.391731262207031
4.383150100708008
4.370855331420898
4.35878849029541
4.350642681121826
4.3469367027282715
4.3442888259887695
4.341402053833008
4.336552619934082
4.3321757316589355
4.327315330505371
4.325003623962402
4.32163667678833
4.320292949676514
4.316359043121338
4.313601493835449
4.312425136566162
4.311296463012695
4.312461853027344
4.3100666999816895
4.308048248291016
4.306088924407959
4.302570819854736
4.299795627593994
4.296664237976074
4.297993183135986
4.3003692626953125
4.300876617431641
4.299693584442139
4.299994945526123
4.299398899078369
4.29836893081665
4.297118663787842
4.2947773933410645
4.293974876403809
4.292843818664551
4.293597221374512
4.2930097579956055
4.292486667633057
4.292605876922607
4.2908935546875
4.288680076599121
4.2895283699035645
4.287473201751709
4.286184787750244
4.287230968475342
4.287992000579834
4.286386966705322
4.285029411315918
4.2826128005981445
4.281497478485107
4.281539440155029
4.281962871551514
4.280730247497559
4.28081750869751
4.279348373413086
4.279323101043701
4.277663230895996
4.2761125564575195
4.274308204650879
4.273898601531982
4.273561477661133
4.271012306213379
4.26900053024292
4.267020225524902
4.265408992767334
4.2645392417907715
4.2623677253723145
4.260162353515625
4.257898330688477
4.255103588104248
4.252120494842529
4.249405860900879
4.245222091674805
4.242269515991211
4.23907995223999
4.23687219619751
4.233485221862793
4.229832172393799
4.227945327758789
4.224750995635986
4.220181941986084
4.215738773345947
4.212514877319336
4.208549499511719
4.205726623535156
4.2035231590271
4.200825214385986
4.200526237487793
4.2002997398376465
4.197455406188965
4.1953253746032715
4.192423343658447
4.189971446990967
4.189435958862305
4.186583518981934
4.1850080490112305
4.1831207275390625
4.184190273284912
4.183509349822998
4.183414459228516
4.181841850280762
4.182729244232178
4.182278633117676
4.181933403015137
4.18190336227417
4.181686878204346
4.181028366088867
4.1807403564453125
4.180243015289307
4.1800713539123535
4.179778099060059
4.179524898529053
4.1784491539001465
4.178218841552734
4.179298400878906
4.179505825042725
4.178536415100098
4.178769111633301
4.178563117980957
4.178370475769043
4.1781511306762695
4.177906513214111
4.176487445831299
4.1754584312438965
4.175459384918213
4.1749420166015625
4.176763534545898
4.176694869995117
4.176130294799805
4.174744129180908
4.174629211425781
4.17567777633667
4.175637245178223
4.1756439208984375
4.173066139221191
4.173018932342529
4.172622203826904
4.172592639923096
4.171305179595947
4.170487880706787
4.169821262359619
4.169933319091797
4.168802261352539
4.168731689453125
4.167734146118164
4.167638301849365
4.168835163116455
4.170772552490234
4.171595573425293
4.171000003814697
4.172515392303467
4.173971176147461
4.174389362335205
4.172084331512451
4.1724629402160645
4.174193382263184
4.173794746398926
4.1732683181762695
4.172171592712402
4.172511100769043
4.173403739929199
4.175154209136963
4.17380428314209
4.172488212585449
4.171091556549072
4.170293807983398
4.167738437652588
4.166377067565918
4.16668176651001
4.165637016296387
4.165533065795898
4.16672420501709
4.166856288909912
0.38375842571258545
0.37637144327163696
0.36969536542892456
0.36369359493255615
0.35828498005867004
0.353279709815979
0.34875357151031494
0.3446851968765259
0.3408723473548889
0.3373219966888428
0.33403706550598145
0.33102598786354065
0.3282560110092163
0.3258056342601776
0.3236117362976074
0.32169848680496216
0.32019519805908203
0.31907206773757935
0.318219393491745
0.3174896836280823
0.31696027517318726
0.3168655037879944
0.3165152370929718
0.3161209523677826
0.31564998626708984
0.3151591420173645
0.3146979808807373
0.31424081325531006
0.31385600566864014
0.3136090338230133
0.31355205178260803
0.31360122561454773
0.31369465589523315
0.31370291113853455
0.31359368562698364
0.31341516971588135
0.3132639229297638
0.3130938410758972
0.3129197955131531
0.312850683927536
0.31280386447906494
0.3127920925617218
0.3127843737602234
0.31276118755340576
0.3126888573169708
0.312608540058136
0.31256523728370667
0.3124619722366333
0.3124055862426758
0.3123735189437866
0.312405526638031
0.31241464614868164
0.3123510777950287
0.3123341202735901
0.31228649616241455
0.3122265934944153
0.3122113347053528
0.31223422288894653
0.31223994493484497
0.31223809719085693
0.3122083842754364
0.3121602237224579
0.31219911575317383
0.3122555613517761
0.31222689151763916
0.3121778964996338
0.31216228008270264
0.3121470510959625
0.3121902048587799
0.31219482421875
0.31213778257369995
0.31211230158805847
0.3121053874492645
0.3121210038661957
0.3121311366558075
0.3121136724948883
0.31207340955734253
0.31207096576690674
0.3120966851711273
0.3120998740196228
0.31206536293029785
0.312069296836853
0.31207725405693054
0.3120848536491394
0.31208837032318115
0.3120899796485901
0.312104195356369
0.31209802627563477
0.31210944056510925
0.3121008574962616
0.31208187341690063
0.31209415197372437
0.31210723519325256
0.31211918592453003
0.31210193037986755
0.3120904564857483
0.31209489703178406
0.31209391355514526
0.3121068775653839
0.31210049986839294
