2.127753257751465
2.273052215576172
2.4141979217529297
2.5613346099853516
2.6991400718688965
2.837801218032837
2.97799015045166
3.117302417755127
3.2589571475982666
3.428536891937256
4.159762144088745
4.297434329986572
4.439723491668701
4.592962741851807
4.729637861251831
4.866355657577515
5.027055025100708
5.171530246734619
5.32934308052063
5.468626499176025
6.185020208358765
6.328698635101318
6.4713404178619385
6.609989643096924
6.751666784286499
6.890829563140869
7.034911394119263
7.178096055984497
7.341275453567505
7.484470367431641
8.251146793365479
8.396833896636963
8.553078413009644
8.707711696624756
8.85288667678833
8.998183727264404
9.143420219421387
9.296300649642944
9.463416337966919
9.611738443374634
10.386321306228638
10.529502153396606
10.681631803512573
10.831784963607788
10.97496223449707
11.121152639389038
11.26731252670288
11.42043948173523
11.578633546829224
11.736261129379272
12.511560201644897
12.67418360710144
12.827818155288696
12.986958265304565
13.138606786727905
13.287253141403198
13.450882911682129
13.601608514785767
13.746755838394165
13.897878170013428
14.678835391998291
14.826991319656372
14.974129915237427
15.120302438735962
15.266957759857178
15.41009783744812
15.554760694503784
15.704890727996826
15.854171752929688
16.005374908447266
16.793604850769043
16.94122886657715
17.089289665222168
17.235933542251587
17.375104427337646
17.5242977142334
17.678425312042236
17.831061840057373
17.971750736236572
18.12707829475403
18.903379678726196
19.054068326950073
19.2021963596344
19.352845191955566
19.50350308418274
19.648643255233765
19.797297477722168
19.947436094284058
20.09574294090271
20.258366107940674
21.032066345214844
21.178204774856567
21.326392650604248
21.47481083869934
21.63364291191101
21.782288789749146
21.956804275512695
22.11207866668701
22.257744789123535
22.411864042282104
23.175286293029785
23.318928480148315
23.46207070350647
23.65310788154602
23.80473303794861
23.95385980606079
24.109479904174805
24.25511622428894
24.402252435684204
24.548898458480835
25.31825828552246
25.470473051071167
25.62419056892395
25.78134036064148
25.934027433395386
26.076364755630493
26.22152304649353
26.374719858169556
26.518876791000366
26.66852855682373
27.439766883850098
27.586907863616943
27.736549854278564
27.881683349609375
28.03430438041687
28.181444883346558
28.333067417144775
28.483691930770874
28.630831480026245
28.78148078918457
29.569417476654053
29.723053455352783
29.869179725646973
30.016306161880493
30.16994023323059
30.31756901741028
30.47072148323059
30.618346452713013
30.78644847869873
30.937580585479736
31.689923524856567
31.848734140396118
31.99951171875
32.140700817108154
32.28488302230835
32.42503762245178
32.56923174858093
32.72053337097168
32.88087177276611
33.02659249305725
33.823659896850586
33.97132110595703
34.11946964263916
34.26811456680298
34.41824674606323
34.57895636558533
34.733593463897705
34.891709089279175
35.05437183380127
35.21001744270325
35.99760890007019
36.15135192871094
36.31147885322571
36.45516610145569
36.60430884361267
36.75546336174011
36.89411759376526
37.0347900390625
37.17747354507446
37.326114654541016
38.061216592788696
38.21585512161255
38.36649417877197
38.52710580825806
38.67674207687378
38.8204026222229
38.97254800796509
39.122671604156494
39.26232981681824
39.40348792076111
40.1448917388916
40.30704045295715
40.452189445495605
40.600813150405884
40.75344920158386
40.90757155418396
41.06169819831848
41.22131633758545
41.37907814979553
41.53570294380188
42.32552409172058
42.48613357543945
42.63883876800537
42.79447841644287
42.94460201263428
43.09976077079773
43.251155376434326
43.39679574966431
43.58285570144653
43.74996638298035
44.56107234954834
44.73867082595825
44.89279532432556
45.07497477531433
45.22761631011963
45.393755197525024
45.547932624816895
45.69208359718323
45.84139919281006
46.00160837173462
46.787137031555176
47.00709915161133
47.16971564292908
47.35965895652771
47.541252851486206
47.69515085220337
47.859745502471924
48.01038479804993
48.19409370422363
48.39211559295654
49.19352960586548
49.36169171333313
49.516332387924194
49.67893314361572
49.828632831573486
50.0386176109314
50.20071721076965
50.355875968933105
50.5190269947052
50.70556926727295
51.488791704177856
51.63293194770813
51.805527210235596
51.96015906333923
52.1102991104126
52.25894284248352
52.41006422042847
52.56768989562988
52.7208993434906
52.88083052635193
53.703635454177856
53.84883165359497
53.99933671951294
54.14996862411499
54.29961156845093
54.44974613189697
54.60088324546814
54.75450158119202
54.904632806777954
55.05277681350708
55.827834129333496
55.9764838218689
56.11963248252869
56.27526617050171
56.42339873313904
56.58103680610657
56.73071599006653
56.897801876068115
57.042962074279785
57.20519733428955
57.99013042449951
58.16572141647339
58.32342791557312
58.46610164642334
58.62977147102356
58.768455266952515
58.919113636016846
59.06612777709961
59.2217583656311
59.369550943374634
60.154247999191284
60.3040452003479
60.47017502784729
60.6173152923584
60.76844525337219
60.93953824043274
61.08668899536133
61.23134636878967
61.39196825027466
61.5381133556366
62.30546545982361
62.45211696624756
62.59774327278137
62.759602308273315
62.905733823776245
63.056588649749756
63.21421670913696
63.35991716384888
63.54098081588745
63.68913149833679
64.46002054214478
64.60517382621765
64.7478289604187
64.91541790962219
65.07701873779297
65.22365498542786
65.36381936073303
65.50751399993896
65.64517164230347
65.78688049316406
66.51843619346619
66.65760087966919
66.82273435592651
66.97844505310059
67.12408518791199
67.26438307762146
67.416512966156
67.55768895149231
67.69688320159912
67.83656549453735
68.56694984436035
68.74758625030518
68.91197896003723
69.06262683868408
69.21292090415955
69.35707116127014
69.51258420944214
69.66240978240967
69.80626654624939
69.95967102050781
70.72169232368469
70.9079921245575
71.04918503761292
71.23575448989868
71.38045978546143
71.52976155281067
71.70936012268066
71.8944149017334
72.03723382949829
72.18395137786865
72.95793437957764
73.10563468933105
73.2632565498352
73.42735838890076
73.58846759796143
73.73411345481873
73.88667392730713
74.03232932090759
74.18245697021484
74.33219742774963
75.10752058029175
75.26473093032837
75.43731236457825
75.60945677757263
75.75610160827637
75.91820335388184
76.06335496902466
76.2110071182251
76.36313772201538
76.50235414505005
77.27633833885193
77.42447805404663
77.56808233261108
77.72177147865295
77.86641025543213
78.02554631233215
78.17443180084229
78.32707333564758
78.4737343788147
78.62380480766296
79.42239165306091
79.56906151771545
79.72069907188416
79.86786770820618
80.04106616973877
80.22113585472107
80.36528134346008
80.52488875389099
80.67202997207642
80.8226625919342
81.63964915275574
81.80624103546143
81.97134470939636
82.13727855682373
82.2909152507782
82.45152401924133
82.61300849914551
82.77463793754578
82.92527318000793
83.07796955108643
83.87497806549072
84.02212882041931
84.1817934513092
84.33683657646179
84.4894711971283
84.63360571861267
84.79028344154358
84.94141435623169
85.08661937713623
85.24723768234253
86.03191447257996
86.1995210647583
86.35998630523682
86.50564050674438
86.64828991889954
86.80445051193237
86.95906686782837
87.11419153213501
87.27081966400146
87.4292323589325
88.22520971298218
88.37433457374573
88.53421974182129
88.68214631080627
88.83179807662964
89.00941896438599
89.16455721855164
89.32216429710388
89.4837749004364
89.64089441299438
90.42115187644958
90.59474468231201
90.76881337165833
90.92542862892151
91.07953906059265
91.26262855529785
91.4147572517395
91.57885599136353
91.723064661026
91.88867115974426
92.66388058662415
92.84029173851013
92.99550461769104
93.1715726852417
93.31477355957031
93.46620464324951
93.61461162567139
93.76832628250122
93.92514753341675
94.08860349655151
94.87143993377686
95.01981544494629
95.16445422172546
95.35260605812073
95.49290752410889
95.66697931289673
95.82313776016235
95.97144484519958
96.11459755897522
96.25926423072815
97.01456594467163
97.16327238082886
97.33223223686218
97.47964882850647
97.62308859825134
97.78021454811096
97.93592309951782
98.08715462684631
98.24179673194885
98.41649580001831
99.19671702384949
99.34784483909607
99.49304866790771
99.6451826095581
99.79282712936401
99.94346761703491
100.09758520126343
100.2467303276062
100.39078092575073
100.54502534866333
101.34087300300598
101.49650239944458
101.64263558387756
101.7920286655426
101.93618249893188
102.08381414413452
102.23644518852234
102.3885669708252
102.55017900466919
102.69683456420898
103.43670129776001
103.57940721511841
103.72670102119446
103.87284421920776
104.01673436164856
104.16238951683044
104.30907201766968
104.45572710037231
104.6098370552063
104.75647974014282
105.51715087890625
105.67327356338501
105.83238673210144
105.98806929588318
106.14967370033264
106.30186748504639
106.45350527763367
106.62659239768982
106.7708170413971
106.93741655349731
107.7085325717926
107.87015128135681
108.02132511138916
108.20448040962219
108.3466374874115
108.4999270439148
108.64407801628113
108.79822087287903
108.95186161994934
109.10550212860107
110.55355501174927
111.34984135627747
112.14597582817078
112.94517683982849
113.73029613494873
114.55546975135803
115.29725575447083
116.09887742996216
116.88369607925415
117.67818307876587
119.01372146606445
119.84242415428162
120.59888100624084
121.36983132362366
122.16912627220154
122.94759559631348
123.71413230895996
124.53368902206421
125.31606101989746
126.08318614959717
127.46555066108704
128.21924209594727
129.01361274719238
129.80006504058838
130.59905982017517
131.36969590187073
132.13543891906738
132.94259762763977
133.6987841129303
134.46650624275208
135.85131430625916
136.6294343471527
137.39411187171936
138.18182229995728
138.95568299293518
139.78939938545227
140.56807470321655
141.34969902038574
142.1568627357483
142.97802734375
144.3896520137787
145.1787383556366
145.98416996002197
146.78673124313354
147.61526560783386
148.43252205848694
149.24158453941345
150.03521060943604
150.83287715911865
151.64689350128174
153.048757314682
153.82341599464417
154.54370260238647
155.28774571418762
156.07435965538025
156.8296160697937
157.56894254684448
158.36749577522278
159.13915252685547
159.90922927856445
161.210378408432
162.02245116233826
162.83900356292725
163.60468316078186
164.3642454147339
165.19429659843445
166.04742765426636
166.8179624080658
167.61154866218567
168.40571355819702
169.7900116443634
170.56867504119873
171.36246395111084
172.13583302497864
172.91839623451233
173.67771673202515
174.42142534255981
175.20712423324585
175.9541630744934
176.68640089035034
177.97785019874573
178.74765276908875
179.48348093032837
180.25988602638245
181.0911374092102
181.91260933876038
182.6663520336151
183.42752766609192
184.27304673194885
185.0561399459839
186.47963643074036
187.28123235702515
188.03050875663757
188.79017186164856
189.62417912483215
190.39543747901917
191.18227529525757
191.96929454803467
192.73449778556824
193.49820566177368
194.83689141273499
195.60574340820312
196.38766360282898
197.1352574825287
197.89292883872986
198.71054363250732
199.54065012931824
200.2949447631836
201.07500743865967
201.85462474822998
203.16210436820984
203.91146087646484
204.67964434623718
205.44143533706665
206.22161889076233
206.9693739414215
207.77461004257202
208.54575848579407
209.31101512908936
210.06291151046753
211.45186185836792
212.2027986049652
213.0020432472229
213.7947723865509
214.55728602409363
215.34250044822693
216.14042782783508
216.88278102874756
217.63775610923767
218.41571521759033
219.78674578666687
220.5694808959961
221.33029103279114
222.1107292175293
222.85477805137634
223.6023712158203
224.36490273475647
225.16229510307312
225.94842267036438
226.72817039489746
228.02124762535095
228.8145444393158
229.6296157836914
230.44241547584534
231.1951961517334
231.95650935173035
232.79285192489624
233.5618805885315
234.33953332901
235.08741116523743
236.43258142471313
237.23275780677795
238.0178668498993
238.78706574440002
239.6012089252472
240.35439085960388
241.14201068878174
241.93349266052246
242.66221141815186
243.40394759178162
244.79192304611206
245.56813383102417
246.3362545967102
247.12238311767578
247.96246075630188
248.7460858821869
249.59151768684387
250.36515593528748
251.16969871520996
251.94436812400818
253.34355473518372
254.12063431739807
254.9536910057068
255.7508180141449
256.5614106655121
257.32273745536804
258.10018849372864
258.88734436035156
259.6450562477112
260.4284613132477
261.7948751449585
262.6069526672363
263.38526129722595
264.17967319488525
264.94404554367065
265.72813987731934
266.51687383651733
267.28353095054626
268.02718472480774
268.7948315143585
270.15928626060486
270.98741841316223
271.7630376815796
272.52383279800415
273.28648948669434
274.0688285827637
274.83552980422974
275.56180143356323
276.309689283371
277.0609505176544
278.3495888710022
279.1304142475128
279.92805433273315
280.6929016113281
281.4456009864807
282.2398407459259
282.99307799339294
283.76026487350464
284.54347014427185
285.3236587047577
286.6974501609802
287.47065830230713
288.22426986694336
289.0136282444
289.8041121959686
290.63462948799133
291.44155621528625
292.2192096710205
293.0122649669647
293.7714567184448
295.1145749092102
295.89170145988464
296.6708559989929
297.42112588882446
298.22115111351013
299.00179982185364
299.78095626831055
300.5620846748352
301.33004426956177
302.1495897769928
303.61088728904724
304.4202456474304
305.20432329177856
305.94064593315125
306.75697779655457
307.5751311779022
308.3526813983917
309.1418123245239
309.9363875389099
310.70481848716736
312.04269552230835
312.78059792518616
313.5333037376404
314.2875623703003
315.05527091026306
315.7925283908844
316.54127168655396
317.31443333625793
318.07308554649353
318.8442943096161
320.208557844162
320.98935174942017
321.73352313041687
322.4852833747864
323.3163685798645
324.0587205886841
324.82431292533875
325.6569011211395
326.497389793396
327.30498456954956
328.6918671131134
329.4480221271515
330.2039089202881
330.97007942199707
331.78674721717834
332.58728218078613
333.3546369075775
334.147043466568
334.9705545902252
335.75628757476807
337.12462043762207
337.90874767303467
338.70140862464905
339.4401195049286
340.2602400779724
341.10677576065063
341.91085481643677
342.76268458366394
343.53780817985535
344.28997564315796
345.58722257614136
346.3452649116516
347.16184973716736
347.89354634284973
348.7038633823395
349.4948618412018
350.32056498527527
351.1002790927887
351.93611240386963
352.6984007358551
354.05454182624817
354.81647062301636
355.6191952228546
356.40948820114136
357.20552229881287
357.95568895339966
358.71733927726746
359.53944182395935
360.37609457969666
361.1513261795044
362.54577445983887
363.36747312545776
364.14664483070374
364.9193003177643
365.7224369049072
366.5125050544739
367.29415345191956
368.08976554870605
368.8550202846527
369.6465735435486
371.0049042701721
371.86134696006775
372.6215772628784
373.3803040981293
374.156986951828
374.9361186027527
375.669394493103
376.41517066955566
377.1703860759735
378.00836849212646
379.2766454219818
380.05460143089294
380.81526374816895
381.5560185909271
382.3386261463165
383.1547222137451
383.91853189468384
384.72715735435486
385.4999189376831
386.30458331108093
387.68606638908386
388.4976511001587
389.2688298225403
390.0646319389343
390.8473427295685
391.6726529598236
392.4698407649994
393.27508783340454
394.0173592567444
394.8290231227875
396.11258840560913
396.9147746562958
397.68317198753357
398.4329676628113
399.20664525032043
399.9992446899414
400.8138496875763
401.5466320514679
402.2789216041565
403.07436656951904
404.3844692707062
405.1905903816223
405.9633586406708
406.70109510421753
407.43626832962036
408.2657790184021
409.0185251235962
409.7644536495209
410.47926139831543
411.2744016647339
412.65188360214233
413.45191645622253
414.20968770980835
414.9500365257263
415.7951955795288
416.60181164741516
417.3674519062042
418.15157437324524
418.9068183898926
419.72634840011597
421.1376311779022
421.9067850112915
422.71700859069824
423.5046055316925
424.27923917770386
425.07420659065247
425.8369092941284
426.60470819473267
427.41078543663025
428.1899378299713
429.6351878643036
430.40952157974243
431.1941509246826
431.9398934841156
432.76092004776
433.62240409851074
434.42508029937744
435.183242559433
435.97385811805725
436.7277042865753
438.02663707733154
438.83219504356384
439.5914568901062
440.3286910057068
441.08493542671204
441.8885889053345
442.6858215332031
443.5103569030762
444.38417291641235
445.2052092552185
446.5001208782196
447.2508325576782
448.06950187683105
448.82221579551697
449.55813813209534
450.30685925483704
451.0935945510864
451.9061439037323
452.6618995666504
453.4252188205719
454.74364709854126
455.5002303123474
456.2943379878998
457.04204058647156
457.79984045028687
458.5226674079895
459.2778871059418
460.0736780166626
460.8523938655853
461.6026153564453
462.90102338790894
463.7117292881012
464.5613498687744
465.3259813785553
466.17048597335815
466.98775601387024
467.75636076927185
468.5803413391113
469.45822978019714
470.24535942077637
471.5757431983948
472.34295296669006
473.12658858299255
473.90322709083557
474.6984612941742
475.4878029823303
476.30515122413635
477.10497784614563
477.8916046619415
478.7151689529419
480.0940580368042
480.90116262435913
481.70370173454285
482.5290014743805
483.3225591182709
484.1006917953491
484.8673553466797
485.6035966873169
486.3532054424286
487.1047761440277
488.5172038078308
489.28399443626404
490.0406861305237
490.85074377059937
491.620076417923
492.3771255016327
493.1409137248993
493.8812758922577
494.638468503952
495.43434715270996
496.7506947517395
497.5798499584198
498.357253074646
499.15251779556274
499.9372775554657
500.8567934036255
501.6943635940552
502.5518283843994
503.37292098999023
504.1445553302765
505.4572682380676
506.23352909088135
507.03323674201965
507.8551592826843
508.7071614265442
509.50076246261597
510.2514958381653
511.0336711406708
511.7717945575714
512.5459744930267
513.9275004863739
514.7829856872559
515.5304777622223
516.2976500988007
517.0519680976868
517.8855051994324
518.662784576416
519.394565820694
520.1608753204346
520.9228537082672
522.2754402160645
523.0536706447601
523.8563871383667
524.6311283111572
525.4430527687073
526.1854486465454
526.9576804637909
527.7238926887512
528.4965875148773
529.2899010181427
530.6920688152313
531.4844696521759
532.3025856018066
533.1595554351807
533.972724199295
534.7110447883606
535.4547271728516
536.2389223575592
537.0307638645172
537.8027958869934
539.1979157924652
539.9541761875153
540.7055194377899
541.4740741252899
542.2309465408325
543.0055820941925
543.7611057758331
544.5348048210144
545.3204050064087
546.0943071842194
547.4870011806488
548.2596817016602
549.0240545272827
549.7897136211395
550.570371389389
551.3330459594727
552.1322209835052
552.9737389087677
553.8037602901459
554.5534951686859
555.8539628982544
556.6879935264587
557.4627084732056
558.2993388175964
559.1178770065308
559.922958612442
560.7419879436493
561.5256595611572
562.288316488266
563.1064128875732
564.5162799358368
565.3031032085419
566.0582966804504
566.8599314689636
567.6480660438538
568.4436576366425
569.2159605026245
570.0206160545349
570.8328220844269
571.6543924808502
573.06072306633
573.8737556934357
574.7089760303497
575.4976980686188
576.2775497436523
577.0572164058685
577.8170256614685
578.5908501148224
579.4095206260681
580.2326040267944
581.6038291454315
582.3766069412231
583.1746687889099
583.9319353103638
584.7115933895111
585.4505324363708
586.2194187641144
586.9867234230042
587.7595295906067
588.5516393184662
589.9273481369019
590.6818652153015
591.4710609912872
592.270911693573
593.0432510375977
593.8405311107635
594.5937600135803
595.3484678268433
596.1567807197571
596.9529936313629
598.2784311771393
599.0540916919708
599.811502456665
600.5792758464813
601.322829246521
602.1521582603455
602.9748430252075
603.7656013965607
604.5183074474335
605.3001439571381
606.6669211387634
607.4280695915222
608.2752494812012
609.0586628913879
609.8630683422089
610.6011142730713
611.3613517284393
612.1779100894928
612.9408984184265
613.680657863617
615.020304441452
615.809912443161
616.6215524673462
617.3905110359192
618.1973006725311
618.9470474720001
619.682844877243
620.4365820884705
621.2401213645935
622.066080570221
623.4323921203613
624.2112483978271
624.984185218811
625.7870411872864
626.5802175998688
627.3449063301086
628.1470963954926
628.8981528282166
629.6727375984192
630.4448666572571
631.903195142746
632.6649377346039
633.4356410503387
634.2188663482666
634.9740030765533
635.7838666439056
636.5860571861267
637.4179112911224
638.2221519947052
638.9936671257019
640.3105883598328
641.0716640949249
641.8542578220367
642.6191899776459
643.4597973823547
644.288092136383
645.04873919487
645.8663845062256
646.6779143810272
647.4593017101288
648.8144607543945
649.6590747833252
650.4404246807098
651.2816591262817
652.0441617965698
652.8038475513458
653.5805892944336
654.3658215999603
655.2078955173492
656.0720584392548
657.4692199230194
658.2608966827393
659.072173833847
659.8938760757446
660.7490825653076
661.5462243556976
662.3040542602539
663.0919013023376
663.917546749115
664.6804139614105
666.0965468883514
666.8557090759277
667.5987915992737
668.3503737449646
669.147711277008
669.9006521701813
670.662380695343
671.4252805709839
672.2718060016632
673.0446860790253
674.4590682983398
675.2819137573242
676.0758039951324
676.8602366447449
677.6605887413025
678.4492506980896
679.2875866889954
680.0699582099915
680.8366520404816
681.6485245227814
683.0538668632507
683.8415088653564
684.6349897384644
685.3860342502594
686.141040802002
686.929493188858
687.6701979637146
688.4034688472748
689.1874492168427
689.9594795703888
691.3293697834015
692.1817142963409
692.9466080665588
693.684802532196
694.4904763698578
695.2776482105255
696.0591442584991
696.940201997757
697.7307794094086
698.5718057155609
699.2171354293823
699.2705101966858
699.3238825798035
699.3792500495911
699.406179189682
699.431624174118
699.4570827484131
699.4830281734467
699.5079627037048
699.5363993644714
700.2673940658569
700.2933249473572
700.3197691440582
700.3456997871399
700.3711454868317
700.3940844535828
700.4195291996002
700.4444661140442
700.4710655212402
700.4969975948334
701.2208511829376
701.2457847595215
701.2732255458832
701.3001561164856
701.326598405838
701.3515336513519
701.3779878616333
701.4059112071991
701.4313549995422
701.4583480358124
702.1763114929199
702.2002494335175
702.2268538475037
702.2507925033569
702.2752394676208
702.3001749515533
702.3246216773987
702.3505570888519
702.3749997615814
702.3999345302582
703.0933587551117
703.1198008060455
703.1477279663086
703.1751689910889
703.2001037597656
703.2266569137573
703.2515931129456
703.2790327072144
703.3039684295654
703.3324038982391
704.0470161437988
704.0734584331512
704.0993900299072
704.1248342990875
704.1507670879364
704.1772081851959
704.202321767807
704.2287623882294
704.2536976337433
704.2811360359192
705.0290031433105
705.05744099617
705.0843682289124
705.1118099689484
705.1377403736115
705.1661787033081
705.1931095123291
705.21959233284
705.2465169429779
705.2739565372467
705.940309047699
705.9564623832703
705.9743795394897
705.9913377761841
706.0078339576721
706.0247876644135
706.0427486896515
706.06019115448
706.0771470069885
706.0951671600342
706.695330619812
706.7128024101257
706.7297568321228
706.7477161884308
706.7651898860931
706.7821462154388
706.8006110191345
706.8185703754425
706.8355267047882
706.8539912700653
707.4156546592712
707.4326100349426
707.4505763053894
707.4675326347351
707.4844875335693
707.5019619464874
707.5189111232758
707.5368709564209
707.5543298721313
707.5712842941284
