15.171026229858398
13.547228813171387
11.923433303833008
10.299635887145996
9.690176010131836
9.148911476135254
9.089208602905273
8.918057441711426
8.45500659942627
7.777617454528809
7.515324592590332
6.949584007263184
6.436842918395996
5.767975807189941
5.597980499267578
5.478638648986816
5.307509422302246
5.292165756225586
5.15299129486084
4.808060646057129
4.2885870933532715
3.893615245819092
3.5301120281219482
3.1470999717712402
2.746891975402832
2.3886547088623047
2.181990623474121
1.831640362739563
2.0208418369293213
2.193230390548706
2.291090965270996
2.5322794914245605
2.4206414222717285
2.4263858795166016
2.3905084133148193
2.409745693206787
2.3735718727111816
2.2858426570892334
2.151916980743408
1.9765779972076416
1.9504503011703491
1.932719349861145
2.058443546295166
2.115675926208496
2.1647839546203613
2.1543383598327637
2.153778076171875
2.087394952774048
2.0302252769470215
1.9243673086166382
1.8397003412246704
1.9742012023925781
1.9927024841308594
2.0521819591522217
2.0513863563537598
2.1317334175109863
2.0011589527130127
1.9512027502059937
1.8524543046951294
1.9933507442474365
1.98605215549469
1.9608513116836548
2.0248546600341797
2.1280691623687744
1.9771158695220947
1.8769174814224243
2.012165069580078
1.9657388925552368
1.9178614616394043
2.199044704437256
2.23244571685791
2.0180821418762207
2.078688144683838
2.3112564086914062
2.3709893226623535
2.186715602874756
1.9490972757339478
2.1887824535369873
2.3264706134796143
2.216646194458008
1.8896833658218384
2.19075083732605
2.4281740188598633
2.415217399597168
2.180142879486084
1.9723832607269287
2.1492018699645996
2.2285656929016113
2.0794243812561035
1.8844634294509888
2.2060303688049316
2.3212954998016357
2.207566738128662
1.8899768590927124
2.1698250770568848
2.4026856422424316
2.3982181549072266
2.182173728942871
1.9882813692092896
2.0946145057678223
2.1626906394958496
2.1477863788604736
2.113506317138672
2.061939239501953
1.998387336730957
1.976196527481079
1.950809359550476
1.9225493669509888
1.8917053937911987
1.8863157033920288
1.9213199615478516
1.9318044185638428
1.9203708171844482
1.8893585205078125
1.8408433198928833
1.8151402473449707
1.8365815877914429
1.8629953861236572
1.8660411834716797
1.8481866121292114
1.811660885810852
1.8094853162765503
1.8449068069458008
1.8627345561981201
1.8583744764328003
1.834161639213562
1.8166661262512207
1.8118560314178467
1.8304840326309204
1.8270031213760376
1.8037348985671997
1.8080413341522217
1.8295631408691406
1.8377915620803833
1.8251031637191772
1.7936885356903076
1.815226674079895
1.8385872840881348
1.839695930480957
1.820865273475647
1.7917171716690063
1.8150911331176758
1.829904317855835
1.8234491348266602
1.7979353666305542
1.8053919076919556
1.82400643825531
1.8211171627044678
1.7989516258239746
1.801222562789917
27.29608917236328
26.83809471130371
26.1955623626709
25.442895889282227
24.64046859741211
23.85178565979004
23.10295867919922
22.350818634033203
21.564252853393555
20.745718002319336
19.905746459960938
19.057113647460938
18.211891174316406
17.39569664001465
16.610933303833008
15.849159240722656
15.157328605651855
14.548125267028809
13.975427627563477
13.42469310760498
12.892545700073242
12.380926132202148
11.895611763000488
11.433189392089844
10.987395286560059
10.553278923034668
10.123173713684082
9.693754196166992
9.271041870117188
8.858036041259766
8.469034194946289
8.1204195022583
7.798181533813477
7.4912190437316895
7.1986165046691895
6.913646221160889
6.63353157043457
6.361501216888428
6.096959114074707
5.833505630493164
5.574657440185547
5.3369879722595215
5.130935192108154
4.953317642211914
4.792916297912598
4.637487411499023
4.481908321380615
4.331298351287842
4.1898884773254395
4.049070835113525
3.9122025966644287
3.7832369804382324
3.6651270389556885
3.5598292350769043
3.4587414264678955
3.361564874649048
3.265720844268799
3.170114517211914
3.0850086212158203
3.0294981002807617
3.0128278732299805
3.008852958679199
3.0065855979919434
3.0048131942749023
3.0048720836639404
3.0070576667785645
3.0035581588745117
2.993452548980713
2.98245906829834
2.9696273803710938
2.9549050331115723
2.938788414001465
2.9222049713134766
2.9061179161071777
2.8912320137023926
2.8787379264831543
2.8699123859405518
2.8607444763183594
2.855295419692993
2.8506815433502197
2.846104621887207
2.8407297134399414
2.8338685035705566
2.8256969451904297
2.8171510696411133
2.8094186782836914
2.8045449256896973
2.8017640113830566
2.8009772300720215
2.801032066345215
2.8021249771118164
2.8003997802734375
2.7989957332611084
2.7981696128845215
2.795502185821533
2.792691230773926
2.789877414703369
2.7894482612609863
2.788602590560913
2.7886061668395996
2.7892799377441406
2.788630485534668
2.7884652614593506
2.7881052494049072
2.787307024002075
2.7862439155578613
2.7849276065826416
2.78348708152771
2.781909942626953
2.783388376235962
2.7834560871124268
2.783642053604126
2.7832021713256836
2.7829694747924805
2.7825894355773926
2.781888008117676
2.7808589935302734
2.780529499053955
2.7807140350341797
2.7814366817474365
2.7816579341888428
2.7814431190490723
2.7808613777160645
2.7799715995788574
2.7789573669433594
2.7787251472473145
2.779386520385742
2.7794289588928223
2.77864933013916
2.7781996726989746
2.778555154800415
2.779661178588867
2.7790069580078125
2.7790679931640625
2.7787537574768066
2.778897285461426
2.778837203979492
2.777884006500244
2.778357744216919
2.778097629547119
2.7781777381896973
2.7777762413024902
2.7771191596984863
2.7774288654327393
2.7778141498565674
2.777747869491577
2.777277946472168
2.778700113296509
2.777559280395508
2.778672695159912
2.7794342041015625
2.7792606353759766
2.7788808345794678
2.778325319290161
2.7776200771331787
2.7767879962921143
2.7769970893859863
2.7775213718414307
2.777991771697998
2.778163433074951
2.7780959606170654
2.7777888774871826
2.777270793914795
2.776587963104248
2.77622652053833
2.7766780853271484
2.776873826980591
2.776822566986084
2.7765657901763916
2.7761614322662354
2.776060104370117
2.7762255668640137
2.7763683795928955
2.7762608528137207
2.7759337425231934
2.776005744934082
2.7761878967285156
2.7763009071350098
2.7761974334716797
2.7759156227111816
2.7757983207702637
2.775752067565918
2.775806427001953
2.7756288051605225
2.7756481170654297
2.7757339477539062
2.775616407394409
2.7754597663879395
2.775487184524536
2.7754077911376953
2.7754549980163574
2.775327682495117
2.775536060333252
2.77557373046875
2.775376796722412
2.775393009185791
2.775480270385742
2.77536940574646
2.775202751159668
2.775440216064453
2.7754805088043213
2.7752885818481445
2.7751505374908447
2.7753543853759766
2.77537202835083
2.775197982788086
2.7750091552734375
2.7750864028930664
2.7749414443969727
2.7749152183532715
2.7748472690582275
2.7749135494232178
2.7749156951904297
2.774843692779541
2.7748236656188965
2.774834394454956
2.7747864723205566
2.774813175201416
2.774811267852783
2.7747275829315186
2.774773597717285
2.7747204303741455
2.774641513824463
2.7746410369873047
2.77457332611084
2.7745156288146973
2.7744855880737305
2.774609088897705
2.7745718955993652
2.7744460105895996
2.7743988037109375
2.774526834487915
2.7745110988616943
2.774327516555786
2.7744851112365723
2.774456739425659
2.7742512226104736
2.774228096008301
2.7742128372192383
2.7742910385131836
2.7742223739624023
2.774271249771118
2.7742598056793213
2.7741055488586426
2.7740650177001953
2.774211883544922
2.774167776107788
2.7740437984466553
2.7741446495056152
2.7740588188171387
2.773991107940674
2.7740020751953125
2.774003028869629
2.7740817070007324
2.773998737335205
2.774035930633545
2.774066925048828
2.773953914642334
2.77396297454834
2.7739181518554688
2.774026393890381
2.773946762084961
2.774092674255371
2.7741506099700928
2.774007797241211
2.7740795612335205
2.7741622924804688
2.77402400970459
2.774040699005127
2.7741293907165527
2.774021625518799
2.7739665508270264
2.7740139961242676
2.7739200592041016
2.7739405632019043
2.7739391326904297
2.7738876342773438
2.7738490104675293
2.773866653442383
2.7739028930664062
2.773899555206299
2.773838996887207
2.773926258087158
2.773857831954956
2.773857355117798
2.773836135864258
2.7740120887756348
2.773993492126465
2.7738821506500244
2.774129867553711
2.7741551399230957
2.774001359939575
2.7739081382751465
2.7739968299865723
2.7739109992980957
2.773930549621582
2.77390718460083
2.7738499641418457
2.7738614082336426
2.7738184928894043
2.7739791870117188
2.7739856243133545
2.773811101913452
2.7740046977996826
2.774016857147217
2.7738709449768066
2.77386212348938
2.7738375663757324
2.773902654647827
2.77401065826416
2.7739601135253906
2.7738356590270996
2.7740259170532227
2.7740650177001953
2.773886203765869
2.7739503383636475
2.7740683555603027
2.7739996910095215
2.7737674713134766
2.7740120887756348
2.774059295654297
2.773897647857666
2.773904323577881
2.7740185260772705
2.7739357948303223
2.773752450942993
2.773784637451172
2.7738051414489746
2.77388858795166
2.7737936973571777
2.7738735675811768
2.773919105529785
2.773768424987793
2.773775100708008
2.773754596710205
2.773787260055542
2.7737412452697754
2.7737722396850586
2.7736921310424805
2.773812770843506
2.7737200260162354
2.773914337158203
2.7739737033843994
2.7738401889801025
2.773800849914551
2.773876190185547
2.7737321853637695
2.7738780975341797
2.773958444595337
2.773885726928711
148.48760986328125
132.1027069091797
116.87179565429688
103.39057159423828
93.08841705322266
82.88568878173828
75.44904327392578
69.90007019042969
64.42308807373047
59.40761947631836
53.57545471191406
47.155216217041016
40.99652862548828
34.47263717651367
28.582843780517578
22.997785568237305
16.81591796875
13.472336769104004
14.521695137023926
15.991668701171875
17.65574073791504
18.749597549438477
19.897415161132812
21.173133850097656
20.838027954101562
19.336000442504883
18.84307098388672
17.67708969116211
16.41303825378418
14.963953971862793
13.371805191040039
11.726436614990234
11.102744102478027
10.973043441772461
11.25922679901123
11.688573837280273
11.995227813720703
12.242975234985352
11.91696548461914
11.242732048034668
10.801369667053223
10.728616714477539
10.616497993469238
10.470367431640625
10.234596252441406
10.408958435058594
10.462234497070312
10.328899383544922
10.673674583435059
10.641345977783203
10.570226669311523
10.267571449279785
9.769611358642578
9.717362403869629
9.540067672729492
9.30392837524414
9.225906372070312
9.597420692443848
9.44178295135498
9.414032936096191
9.407036781311035
9.276912689208984
9.212010383605957
9.42130184173584
9.303323745727539
9.18215274810791
9.208569526672363
9.251673698425293
9.501428604125977
9.376315116882324
9.203479766845703
9.361429214477539
9.193771362304688
8.842037200927734
9.140571594238281
9.556090354919434
9.336610794067383
9.117467880249023
9.30696964263916
9.342179298400879
9.578542709350586
9.523282051086426
9.041311264038086
9.006158828735352
9.739727020263672
9.4945707321167
9.089263916015625
9.278619766235352
9.305970191955566
9.365260124206543
9.311166763305664
9.165406227111816
8.770200729370117
8.752392768859863
8.862852096557617
9.05506706237793
9.29500961303711
9.076337814331055
8.762284278869629
9.19924545288086
9.133112907409668
8.837859153747559
8.842867851257324
8.8653564453125
8.700424194335938
8.855786323547363
9.015905380249023
8.579887390136719
8.347478866577148
8.50049877166748
8.722641944885254
8.749739646911621
8.236833572387695
8.637456893920898
8.762089729309082
8.823095321655273
8.801239967346191
8.327570915222168
8.3334379196167
8.887290954589844
9.324723243713379
8.911069869995117
8.609126091003418
8.987242698669434
9.255216598510742
9.550304412841797
9.168081283569336
9.010135650634766
9.010153770446777
9.375701904296875
8.894643783569336
8.378205299377441
8.516828536987305
9.017007827758789
8.890445709228516
8.83218002319336
8.839953422546387
8.864002227783203
8.7655611038208
8.600327491760254
8.362638473510742
8.387561798095703
8.671091079711914
8.692501068115234
8.822745323181152
8.789843559265137
8.412400245666504
8.628949165344238
8.565298080444336
8.444339752197266
14.558027267456055
14.459732055664062
14.248208999633789
13.992793083190918
13.798303604125977
13.696533203125
13.623416900634766
13.529328346252441
13.52296257019043
13.489786148071289
13.413613319396973
13.332917213439941
13.307563781738281
13.322090148925781
13.349364280700684
13.343223571777344
13.276596069335938
13.240845680236816
13.239567756652832
13.262821197509766
13.279989242553711
13.302864074707031
13.27204704284668
13.209604263305664
13.155184745788574
13.10927963256836
13.068314552307129
13.04524040222168
13.006417274475098
12.960002899169922
12.927767753601074
12.929937362670898
12.943639755249023
12.99337387084961
12.996137619018555
12.976430892944336
12.975828170776367
12.986542701721191
12.949189186096191
12.941413879394531
12.945072174072266
12.928418159484863
12.885398864746094
12.86925983428955
12.863581657409668
12.866077423095703
12.830507278442383
12.772668838500977
12.753959655761719
12.769025802612305
14.035868644714355
14.642125129699707
14.413887977600098
13.96468734741211
13.686752319335938
13.629680633544922
13.537542343139648
13.352778434753418
13.202674865722656
13.08134937286377
12.939702033996582
12.878911972045898
12.912378311157227
12.954262733459473
13.017923355102539
13.054564476013184
13.01921558380127
12.98444938659668
13.02311897277832
13.078781127929688
13.087450981140137
13.03438663482666
12.920726776123047
12.899635314941406
12.988041877746582
13.000060081481934
12.953187942504883
12.877240180969238
12.889107704162598
12.942564964294434
12.982921600341797
12.967907905578613
12.975244522094727
12.947793960571289
12.943915367126465
12.905266761779785
12.893113136291504
12.882715225219727
12.891839981079102
12.895923614501953
12.841072082519531
12.832721710205078
12.866960525512695
12.862539291381836
12.845012664794922
12.865989685058594
12.884698867797852
12.860706329345703
12.84111213684082
12.838738441467285
12.829292297363281
12.84324836730957
12.844135284423828
12.812508583068848
12.818246841430664
12.838483810424805
12.837496757507324
12.822713851928711
12.79576301574707
12.775588035583496
12.736509323120117
12.760088920593262
12.729205131530762
12.726069450378418
12.748178482055664
12.724275588989258
12.717997550964355
12.747352600097656
12.757068634033203
12.73967170715332
12.748640060424805
12.742664337158203
12.715112686157227
12.70425033569336
12.71566104888916
12.708683967590332
12.720317840576172
12.74907112121582
12.741726875305176
12.746981620788574
12.734704971313477
12.761401176452637
12.746711730957031
12.727081298828125
12.750438690185547
12.736602783203125
12.76092529296875
12.8029203414917
12.804994583129883
12.749138832092285
12.754535675048828
12.794459342956543
12.79115104675293
12.771557807922363
12.754997253417969
12.764120101928711
12.780653953552246
12.766624450683594
12.764976501464844
12.777713775634766
12.750981330871582
12.250499725341797
11.851105690002441
11.443013191223145
11.066828727722168
10.699460983276367
10.394002914428711
10.123661994934082
9.862988471984863
9.63447380065918
9.478589057922363
9.406789779663086
9.371710777282715
9.361334800720215
9.353485107421875
9.399518966674805
9.42898178100586
9.435089111328125
9.432600975036621
9.400199890136719
9.3690767288208
9.346076965332031
9.331982612609863
9.31080150604248
9.297670364379883
9.281974792480469
9.268651008605957
9.259743690490723
9.241540908813477
9.229757308959961
9.21897029876709
9.22802448272705
9.227900505065918
9.206743240356445
9.166546821594238
9.133149147033691
9.131811141967773
9.119013786315918
9.099950790405273
9.06861400604248
9.042526245117188
9.019516944885254
9.008795738220215
9.003097534179688
8.978867530822754
8.962484359741211
8.952924728393555
8.943524360656738
8.946123123168945
8.949430465698242
8.944300651550293
8.932809829711914
8.918203353881836
8.920913696289062
8.910168647766113
8.904911041259766
8.909112930297852
8.906343460083008
8.903453826904297
8.897651672363281
8.895124435424805
8.893579483032227
8.897260665893555
8.89693832397461
8.897903442382812
8.898271560668945
8.892830848693848
8.890649795532227
8.8901948928833
8.891464233398438
8.892719268798828
8.88951301574707
8.887208938598633
8.886857032775879
8.885480880737305
8.879981994628906
8.879561424255371
8.881105422973633
8.881657600402832
8.881966590881348
8.873785018920898
8.870211601257324
8.872282028198242
8.8737211227417
8.878593444824219
8.875662803649902
8.87680721282959
8.871736526489258
8.872612953186035
8.874969482421875
8.870174407958984
8.870731353759766
8.868490219116211
8.866854667663574
8.866354942321777
8.864635467529297
8.86182689666748
8.861906051635742
8.865022659301758
8.862524032592773
8.863162994384766
8.863306999206543
8.8611478805542
8.86140251159668
8.862405776977539
8.860551834106445
8.862957000732422
8.861822128295898
8.860065460205078
8.859375
8.859906196594238
8.858464241027832
8.85321044921875
8.849563598632812
8.851189613342285
8.85023021697998
8.84994125366211
8.852395057678223
8.856406211853027
8.859745025634766
8.85820198059082
8.856954574584961
8.85658073425293
8.85645866394043
8.856950759887695
8.85291862487793
8.851723670959473
8.852930068969727
8.850444793701172
8.851672172546387
8.85258960723877
8.852617263793945
8.85262680053711
8.85273551940918
8.852619171142578
8.854804992675781
8.855573654174805
8.855545997619629
8.855232238769531
8.856491088867188
8.85641098022461
8.855810165405273
8.858512878417969
8.858407020568848
8.856801986694336
8.856151580810547
8.85647964477539
8.857844352722168
8.857542991638184
8.856633186340332
8.855474472045898
8.858451843261719
8.856827735900879
8.858109474182129
8.858362197875977
8.856832504272461
8.855690002441406
8.858765602111816
8.860478401184082
8.860954284667969
8.8615140914917
8.859929084777832
8.85888671875
8.858591079711914
8.860373497009277
8.863393783569336
8.860889434814453
8.859580039978027
8.858877182006836
8.859294891357422
8.859654426574707
8.857900619506836
8.856525421142578
8.85515308380127
8.855453491210938
8.856332778930664
8.85777759552002
8.85923957824707
8.858932495117188
8.858312606811523
8.858964920043945
8.859801292419434
8.859100341796875
8.859703063964844
8.857120513916016
8.85273265838623
8.854476928710938
8.855083465576172
8.858144760131836
8.85684871673584
8.857488632202148
8.857924461364746
8.859052658081055
8.858250617980957
8.857254981994629
8.857996940612793
8.857847213745117
8.856856346130371
8.855077743530273
8.851995468139648
8.853982925415039
8.856206893920898
8.857656478881836
8.857715606689453
8.857460021972656
8.858434677124023
8.858169555664062
8.858325958251953
8.856435775756836
8.856048583984375
8.85633373260498
8.858691215515137
8.858856201171875
8.856630325317383
8.856056213378906
8.855535507202148
8.856760025024414
8.859243392944336
8.858213424682617
8.856407165527344
8.854207992553711
8.85400104522705
8.854520797729492
8.855612754821777
8.854920387268066
8.854081153869629
8.85435962677002
8.853449821472168
8.853788375854492
8.855165481567383
8.854209899902344
8.853448867797852
8.854694366455078
8.854016304016113
8.85308837890625
8.853841781616211
8.85377311706543
8.853869438171387
8.854686737060547
8.854928016662598
8.854192733764648
8.85407543182373
8.853645324707031
8.85308837890625
8.852375030517578
8.85359001159668
8.851741790771484
8.850486755371094
8.85174560546875
8.852479934692383
8.85101318359375
8.851461410522461
8.851834297180176
8.85174560546875
8.850720405578613
8.849672317504883
8.850778579711914
8.851736068725586
8.852364540100098
8.852402687072754
8.851987838745117
8.850974082946777
8.851934432983398
8.850605010986328
8.849970817565918
8.849713325500488
8.848434448242188
8.848150253295898
8.84809684753418
8.847280502319336
8.847539901733398
8.848481178283691
8.849738121032715
8.848862648010254
8.849170684814453
8.849382400512695
8.849767684936523
8.847994804382324
8.849120140075684
8.849660873413086
8.850240707397461
8.850883483886719
8.850419044494629
8.850231170654297
8.84985637664795
8.849286079406738
8.849660873413086
8.848018646240234
8.847517013549805
8.84801197052002
8.848316192626953
8.84676742553711
8.846989631652832
8.846495628356934
8.846708297729492
8.846726417541504
8.84737777709961
8.847185134887695
8.847700119018555
8.846927642822266
0.7981411218643188
0.7900532484054565
0.7838950157165527
0.7788881063461304
0.7746067643165588
0.7706688642501831
0.7671189308166504
0.7640129923820496
0.7608880400657654
0.7578083872795105
0.7548765540122986
0.7521297335624695
0.7494555711746216
0.747113049030304
0.744947075843811
0.742816150188446
0.740778386592865
0.7388734221458435
0.7373068332672119
0.7362092733383179
0.7360852956771851
0.7362213134765625
0.7360588908195496
0.7358365058898926
0.7355310320854187
0.7352939248085022
0.7350865602493286
0.7348551154136658
0.7346433997154236
0.7344385385513306
0.734311580657959
0.7342973351478577
0.7343276143074036
0.7343540787696838
0.7343426942825317
0.734260618686676
0.7341586351394653
0.7340548634529114
0.7339577674865723
0.7339110970497131
0.7338863611221313
0.7338480949401855
0.7338375449180603
0.7338628172874451
0.7338355779647827
0.733785092830658
0.733745813369751
0.7336874604225159
0.7336530089378357
0.7336490154266357
0.7336777448654175
0.733689546585083
0.733639657497406
0.7336099147796631
0.7335846424102783
0.7335827350616455
0.7335764765739441
0.733574628829956
0.7335740923881531
0.7335670590400696
0.7335426807403564
0.7335370182991028
0.7335658669471741
0.7335786819458008
0.7335742115974426
0.7335526347160339
0.7335234880447388
0.7335265278816223
0.7335606217384338
0.7335682511329651
0.7335413694381714
0.7335127592086792
0.7334826588630676
0.7335047721862793
0.7335267066955566
0.7335306406021118
0.7335205078125
0.7334831357002258
0.7334775924682617
0.7335183024406433
0.7335115075111389
0.7334959506988525
0.7335041761398315
0.7335159182548523
0.7334968447685242
0.7335024476051331
0.7335131168365479
0.7335126399993896
0.7335314750671387
0.7335215210914612
0.7334945797920227
0.7335035800933838
0.7335124611854553
0.7335355281829834
0.733535647392273
0.7335042357444763
0.733482837677002
0.73350989818573
0.7335360646247864
0.7335219979286194
