98.54117584228516
77.30399322509766
68.94860076904297
74.22984313964844
74.73456573486328
70.90531921386719
64.04583740234375
58.151798248291016
54.40193176269531
51.46284866333008
48.37233352661133
44.63528060913086
40.43794631958008
35.97720718383789
29.989185333251953
32.91526412963867
37.45331954956055
38.640541076660156
38.2000732421875
37.76014709472656
38.458160400390625
39.40061950683594
37.99591827392578
36.21454620361328
34.219329833984375
32.74563217163086
31.701465606689453
30.68117904663086
30.844005584716797
30.939395904541016
32.519325256347656
33.144020080566406
32.59288024902344
32.45429611206055
32.06191635131836
31.273956298828125
31.293384552001953
31.001462936401367
30.268308639526367
30.649206161499023
30.58363151550293
30.664226531982422
31.507171630859375
31.653223037719727
30.319917678833008
29.467206954956055
29.545564651489258
30.34131622314453
30.248287200927734
30.43531608581543
29.720523834228516
29.291481018066406
28.72886085510254
28.322723388671875
27.880529403686523
27.60418701171875
27.430904388427734
27.28785514831543
27.199417114257812
27.14498519897461
27.313983917236328
27.28118896484375
27.10748291015625
27.127809524536133
27.12508201599121
26.995155334472656
26.861366271972656
26.849950790405273
26.781381607055664
26.672107696533203
26.539409637451172
26.584144592285156
26.63927459716797
26.538787841796875
26.534914016723633
26.646276473999023
26.643770217895508
26.530189514160156
26.5262451171875
26.51089859008789
26.554821014404297
26.440032958984375
26.33696937561035
26.346660614013672
26.3726806640625
26.31705665588379
26.386167526245117
26.394466400146484
26.25233268737793
26.155513763427734
26.20820426940918
26.219802856445312
26.23213005065918
26.1785831451416
26.09990692138672
26.183032989501953
26.29191780090332
26.306522369384766
26.26235008239746
26.19623565673828
26.207670211791992
26.26187515258789
26.295942306518555
26.164958953857422
26.114736557006836
26.263835906982422
26.320959091186523
26.243581771850586
26.07708740234375
26.221721649169922
26.30103874206543
26.3410587310791
26.347566604614258
26.244651794433594
26.247234344482422
26.261796951293945
26.196224212646484
26.115503311157227
26.166683197021484
26.225223541259766
26.29725456237793
26.178844451904297
26.193038940429688
26.21308135986328
26.217348098754883
26.181795120239258
26.16550636291504
26.162240982055664
26.20220947265625
26.224214553833008
26.173786163330078
26.17559814453125
26.20718765258789
26.13298988342285
26.11954689025879
26.20574188232422
26.238683700561523
26.230133056640625
26.119468688964844
26.217159271240234
26.319156646728516
26.33383560180664
26.3070125579834
26.228811264038086
26.220945358276367
26.34050750732422
26.37528419494629
26.30306625366211
26.233713150024414
26.221677780151367
26.20354461669922
26.225940704345703
26.210159301757812
26.24831199645996
26.165679931640625
26.12674903869629
26.176342010498047
26.143600463867188
26.26748275756836
26.32388687133789
26.226499557495117
26.179990768432617
26.239286422729492
26.31171417236328
26.25575828552246
26.228721618652344
26.257766723632812
26.32571029663086
26.228195190429688
26.272001266479492
26.235986709594727
26.29303550720215
26.298049926757812
26.39508628845215
26.35457992553711
26.196393966674805
26.14412498474121
26.1583194732666
26.335702896118164
26.253549575805664
26.188703536987305
26.261680603027344
26.387226104736328
26.36905860900879
26.284217834472656
26.212322235107422
26.270048141479492
26.264089584350586
26.264928817749023
26.328453063964844
26.318058013916016
26.28903579711914
26.177661895751953
26.315006256103516
26.343353271484375
26.34644317626953
26.276803970336914
26.197935104370117
26.23261070251465
26.22981834411621
26.228178024291992
25.08066177368164
23.893339157104492
22.70673179626465
21.550642013549805
20.575376510620117
19.886716842651367
19.044010162353516
18.204133987426758
17.511707305908203
16.882118225097656
16.31272315979004
15.400310516357422
15.230328559875488
14.587146759033203
13.596177101135254
12.891990661621094
11.693140029907227
10.574442863464355
9.821375846862793
9.26335334777832
9.012760162353516
8.990234375
9.297839164733887
9.254656791687012
8.958113670349121
8.710821151733398
8.246588706970215
7.889626979827881
7.592459678649902
7.325766563415527
7.3297200202941895
7.197126388549805
7.033450603485107
7.154526233673096
7.03201961517334
6.939017295837402
6.77806282043457
6.570723533630371
6.456262588500977
6.3089776039123535
6.322909355163574
6.3082804679870605
6.334353446960449
6.291269779205322
6.051150798797607
5.921764850616455
5.6805338859558105
5.79009485244751
5.843594074249268
5.920454025268555
5.874227523803711
5.880845069885254
5.724599838256836
5.6733832359313965
5.638044357299805
5.660442352294922
5.638070106506348
5.677783966064453
5.634406566619873
5.643988609313965
5.660885334014893
5.628480434417725
5.581544399261475
5.57700252532959
5.576589584350586
5.578165531158447
5.553332328796387
5.546047210693359
5.54833459854126
5.552309036254883
5.557671546936035
5.563953399658203
5.572841644287109
5.5966386795043945
5.615685939788818
5.577460289001465
5.525115013122559
5.498363018035889
5.540904998779297
5.585081100463867
5.563985824584961
5.514735698699951
5.497321128845215
5.522568225860596
5.560558319091797
5.545264720916748
5.511713027954102
5.508998394012451
5.545546531677246
5.568839073181152
5.549050331115723
5.529411792755127
5.532867431640625
5.537808418273926
5.533972263336182
5.529045104980469
5.5120015144348145
5.510697841644287
5.513752460479736
9.595768928527832
8.737784385681152
7.8860764503479
7.261434555053711
6.881555557250977
6.712128162384033
6.606489658355713
6.567083358764648
6.547588348388672
6.499230861663818
6.4063801765441895
6.295673370361328
6.1871562004089355
6.096337795257568
6.040639877319336
5.989508628845215
5.9536237716674805
5.935883045196533
5.932291030883789
5.92488431930542
5.899595737457275
5.876704216003418
5.840219497680664
5.812757968902588
5.789943218231201
5.785939693450928
5.7942962646484375
5.794087886810303
5.779826641082764
5.754275321960449
5.71497917175293
5.676952362060547
5.651340961456299
5.630622863769531
5.622216701507568
5.615082263946533
5.6109442710876465
5.611018657684326
5.604866027832031
5.595062732696533
5.586683750152588
5.57366943359375
5.573534965515137
5.5739898681640625
5.569937705993652
5.564023971557617
5.553164005279541
5.548140048980713
5.5370025634765625
5.528263568878174
9.40353775024414
8.579618453979492
7.767971992492676
7.227497100830078
6.911837577819824
6.739901542663574
6.643798828125
6.5659661293029785
6.488257884979248
6.3888702392578125
6.291182041168213
6.203376293182373
6.144638538360596
6.105495452880859
6.047288417816162
5.992376327514648
5.960880756378174
5.949671745300293
5.938872337341309
5.908515453338623
5.864321708679199
5.819680690765381
5.7808613777160645
5.7477641105651855
5.721329689025879
5.7108659744262695
5.712510108947754
5.71912956237793
5.718158721923828
5.706991195678711
5.68817663192749
5.664573669433594
5.64370584487915
5.632081031799316
5.632604122161865
5.638647079467773
5.641951084136963
5.640355587005615
5.638367176055908
5.630225658416748
5.61722993850708
5.612630367279053
5.608593940734863
5.609025478363037
5.608920574188232
5.6098313331604
5.61006498336792
5.608784198760986
5.603833198547363
5.6034955978393555
5.604197978973389
5.600428104400635
5.595785617828369
5.589566230773926
5.586563587188721
5.5833821296691895
5.579961776733398
5.578230857849121
5.576303005218506
5.5735955238342285
5.573275089263916
5.56973934173584
5.57334041595459
5.574352264404297
5.569509506225586
5.569042682647705
5.5663533210754395
5.565981388092041
5.565509796142578
5.565768241882324
5.56578254699707
5.569916248321533
5.56886100769043
5.568161487579346
5.563364028930664
5.558478355407715
5.55603551864624
5.553875923156738
5.5544891357421875
5.551792144775391
5.552456855773926
5.553299903869629
5.554503440856934
5.554422378540039
5.555665969848633
5.554081916809082
5.5545735359191895
5.5516557693481445
5.547826290130615
5.544297695159912
5.543403625488281
5.542953014373779
5.54319429397583
5.542522430419922
5.543811321258545
5.545694351196289
5.544689655303955
5.541932582855225
5.538609981536865
5.5367279052734375
5.533938407897949
5.534175872802734
5.530557155609131
5.53151798248291
5.533910751342773
5.533133506774902
5.534140110015869
5.531957149505615
5.534355163574219
5.533796310424805
5.530756950378418
5.528106689453125
5.53136682510376
5.528862476348877
5.529886245727539
5.532774925231934
5.53174352645874
5.532312393188477
5.5327019691467285
5.532599449157715
5.529839992523193
5.529870510101318
5.525956630706787
5.528067111968994
5.528049468994141
5.524673938751221
5.52742338180542
5.530629634857178
5.532991409301758
5.535752773284912
5.537290573120117
5.535729885101318
5.535780906677246
5.532268524169922
5.530147552490234
5.530768871307373
5.5276103019714355
5.5307722091674805
5.529510498046875
5.53117036819458
5.52925968170166
5.531142711639404
5.5323872566223145
5.531848430633545
5.528031349182129
5.531269073486328
5.530590534210205
5.530745029449463
5.532546520233154
5.528779029846191
