15.03812313079834
13.414325714111328
11.79053020477295
10.3272123336792
9.785945892333984
9.244681358337402
8.811161994934082
8.483542442321777
7.870192527770996
7.079620361328125
6.961671829223633
6.82325553894043
6.377527236938477
5.752303123474121
5.553386688232422
5.311356544494629
5.032597541809082
4.722334861755371
4.384888648986816
4.023880958557129
3.894728422164917
3.5702004432678223
3.177389621734619
2.951478958129883
2.691298723220825
2.4008350372314453
2.083554744720459
2.033536195755005
2.2790074348449707
2.5463790893554688
2.7293100357055664
2.8369500637054443
2.8828248977661133
2.8578057289123535
2.784562110900879
2.6633143424987793
2.499091625213623
2.606764316558838
2.527757167816162
2.1689491271972656
2.112412452697754
2.564805746078491
2.700862407684326
2.5450782775878906
2.142028570175171
2.2585883140563965
2.632474899291992
2.8214426040649414
2.74041748046875
2.4528846740722656
2.3609771728515625
2.223923683166504
2.3201451301574707
2.415257692337036
2.2593631744384766
1.9179866313934326
2.061617374420166
2.0777063369750977
2.002382278442383
2.0687804222106934
2.0742969512939453
2.0398318767547607
1.926526427268982
2.0970046520233154
2.0909695625305176
1.9627422094345093
2.0729928016662598
2.0818517208099365
2.004075050354004
2.0113930702209473
2.0239651203155518
1.8668547868728638
1.9937381744384766
2.0070061683654785
2.0186634063720703
1.975005865097046
2.1460981369018555
2.08198881149292
1.878821849822998
2.0658211708068848
2.0859227180480957
2.0178942680358887
2.0945563316345215
2.0778775215148926
2.0236730575561523
1.9207537174224854
2.0678610801696777
2.0113439559936523
1.9792900085449219
2.2258460521698
2.271939754486084
2.0897998809814453
2.1463916301727295
2.2480368614196777
2.289201259613037
2.1298975944519043
2.020998477935791
2.0258398056030273
2.031712293624878
1.8936381340026855
2.0889267921447754
2.089153289794922
2.0675315856933594
2.0264534950256348
1.9680529832839966
1.9158200025558472
1.9284546375274658
1.9344121217727661
1.9343644380569458
1.9465982913970947
1.9521534442901611
1.9354462623596191
1.8988937139511108
1.863032579421997
1.869034767150879
1.896400809288025
1.8996433019638062
1.8813401460647583
1.8512725830078125
1.854865312576294
1.8689662218093872
1.8605128526687622
1.856967806816101
1.8600479364395142
1.8608331680297852
1.85141122341156
1.8373832702636719
1.8429100513458252
1.832297444343567
1.8335834741592407
1.8405735492706299
1.836915373802185
1.8357888460159302
1.836267113685608
1.8399105072021484
1.8360719680786133
1.835830569267273
1.84053635597229
1.8343136310577393
1.8338725566864014
1.833050012588501
1.8324182033538818
1.8325433731079102
1.8351004123687744
1.8393129110336304
1.8362656831741333
1.835206151008606
1.8353239297866821
1.8408820629119873
1.8364951610565186
26.91800308227539
26.46100425720215
25.81390380859375
25.064632415771484
24.27130126953125
23.489948272705078
22.748199462890625
21.98760414123535
21.191022872924805
20.369707107543945
19.529434204101562
18.671226501464844
17.812721252441406
16.990863800048828
16.216257095336914
15.501655578613281
14.872859001159668
14.280206680297852
13.712285041809082
13.170307159423828
12.652276992797852
12.163961410522461
11.69538402557373
11.231999397277832
10.774551391601562
10.327378273010254
9.887530326843262
9.45970630645752
9.04157829284668
8.639374732971191
8.277836799621582
7.944986820220947
7.627213001251221
7.329194068908691
7.039770603179932
6.751824378967285
6.471756458282471
6.1995697021484375
5.924551963806152
5.647873401641846
5.389552116394043
5.168406963348389
4.982800483703613
4.817266941070557
4.658361434936523
4.497569561004639
4.330383777618408
4.166759490966797
4.019048690795898
3.8807246685028076
3.7506906986236572
3.6363563537597656
3.53031849861145
3.430933952331543
3.337894916534424
3.244786500930786
3.148747444152832
3.0636281967163086
3.013212203979492
2.998513698577881
2.9925169944763184
2.9894089698791504
2.987739086151123
2.983091115951538
2.975271701812744
2.9631705284118652
2.948131561279297
2.931577205657959
2.913479804992676
2.893934726715088
2.875842571258545
2.859137535095215
2.844552516937256
2.832385301589966
2.8236260414123535
2.817307710647583
2.81291127204895
2.8086018562316895
2.803100109100342
2.795535087585449
2.7860617637634277
2.7750377655029297
2.763213872909546
2.752767562866211
2.745028495788574
2.74241042137146
2.741285800933838
2.744258403778076
2.7443809509277344
2.743302822113037
2.742765426635742
2.7397098541259766
2.7355797290802
2.735837697982788
2.734353542327881
2.7307939529418945
2.731781482696533
2.732719898223877
2.731050729751587
2.7272133827209473
2.7287230491638184
2.7300519943237305
2.728361129760742
2.725172758102417
2.725137710571289
2.724766731262207
2.723599433898926
2.7222390174865723
2.7209842205047607
2.7205982208251953
2.7216429710388184
2.7204811573028564
2.719850540161133
2.7197561264038086
2.7198119163513184
2.719417095184326
2.720402717590332
2.7189159393310547
2.721317768096924
2.7222366333007812
2.7208127975463867
2.7183070182800293
2.7186601161956787
2.7181971073150635
2.718869924545288
2.717726230621338
2.7177724838256836
2.717169761657715
2.718205451965332
2.7173845767974854
2.718376636505127
2.717432975769043
2.7185862064361572
2.7186779975891113
2.7178244590759277
2.718095302581787
2.7179207801818848
2.7175827026367188
2.7164206504821777
2.718848943710327
2.7186548709869385
2.7173352241516113
2.7188916206359863
2.7192587852478027
2.7174220085144043
2.7177176475524902
2.718691825866699
2.717113494873047
2.717104911804199
2.717982530593872
2.7165884971618652
2.716392993927002
2.7162704467773438
2.716123342514038
2.715951442718506
2.715756416320801
2.7155439853668213
2.715916872024536
2.7160515785217285
2.7159223556518555
2.7155659198760986
2.7150349617004395
2.7150211334228516
2.7152600288391113
2.7153258323669434
2.7151668071746826
2.714839458465576
2.7148990631103516
2.714956283569336
2.714832305908203
2.7146658897399902
2.7146825790405273
2.7145376205444336
2.714693069458008
2.714609146118164
2.71451997756958
2.7145209312438965
2.7144665718078613
2.7145729064941406
2.714509963989258
2.71439266204834
2.7144455909729004
2.7143707275390625
2.7142748832702637
2.714254379272461
2.7142393589019775
2.7141995429992676
2.71413516998291
2.7141191959381104
2.714096784591675
2.7141013145446777
2.7140541076660156
2.713944911956787
2.71402645111084
2.713974952697754
2.713958263397217
2.713931083679199
2.71389102935791
2.7138125896453857
2.7138195037841797
2.7138218879699707
2.713747978210449
2.713812828063965
2.713726043701172
2.7136919498443604
2.7138307094573975
2.7137346267700195
2.71364688873291
2.7137789726257324
2.713723659515381
2.7134928703308105
2.7136354446411133
2.713622570037842
2.713419198989868
2.713571071624756
2.713560104370117
2.7133381366729736
2.713554620742798
2.7136435508728027
2.7134904861450195
2.713350772857666
2.7133865356445312
2.7134904861450195
2.7134108543395996
2.713226795196533
2.7132034301757812
2.713214874267578
2.7130351066589355
2.7130484580993652
2.712967872619629
2.712937355041504
2.7129111289978027
2.712895154953003
2.712883949279785
2.7128942012786865
2.7128098011016846
2.712966203689575
2.71295166015625
2.71273136138916
2.7127742767333984
2.7126665115356445
2.712869167327881
2.7128751277923584
2.712656259536743
2.71281361579895
2.712921619415283
2.712817668914795
2.712580680847168
2.7126333713531494
2.712658166885376
2.7124619483947754
2.71246337890625
2.712440013885498
2.7124667167663574
2.712428569793701
2.7124760150909424
2.712383270263672
2.712625503540039
2.712658643722534
2.712456703186035
2.7125940322875977
2.712718963623047
2.7126352787017822
2.7125635147094727
2.712543487548828
2.712587833404541
2.7125468254089355
2.712555408477783
2.7125182151794434
2.7124452590942383
2.712348461151123
2.7124640941619873
2.712446451187134
2.7124643325805664
2.7124972343444824
2.7123959064483643
2.712334394454956
2.712428569793701
2.7124485969543457
2.7124528884887695
2.7124338150024414
2.712432384490967
2.7124128341674805
2.7123537063598633
2.7124171257019043
2.712357997894287
2.7125186920166016
2.7124972343444824
2.712397575378418
2.71243953704834
2.712332248687744
2.7124924659729004
2.712543249130249
2.712421417236328
2.712390184402466
2.712463617324829
2.7124338150024414
2.7123632431030273
2.7124361991882324
2.7123875617980957
2.7123327255249023
2.712344169616699
2.712334156036377
2.712315559387207
2.712355375289917
2.712329387664795
2.7123353481292725
2.712343215942383
2.712320566177368
2.7122607231140137
2.7123470306396484
2.71231746673584
2.7123446464538574
2.7122902870178223
2.712270498275757
2.7123372554779053
2.7122902870178223
2.712331771850586
2.7124857902526855
2.712437629699707
2.7123475074768066
2.7123990058898926
2.7124242782592773
2.71230411529541
2.7123045921325684
2.712275505065918
2.7121994495391846
2.712219715118408
2.712252616882324
2.7122299671173096
2.7123351097106934
2.7122673988342285
2.712296485900879
2.7123031616210938
2.7122669219970703
2.7122983932495117
2.712350845336914
2.7122318744659424
2.7122254371643066
2.712172508239746
2.7123613357543945
2.712395191192627
2.712231159210205
2.7123966217041016
2.71250057220459
2.7123703956604004
2.7122116088867188
2.7122883796691895
2.712167739868164
2.7123570442199707
147.30197143554688
131.03640747070312
115.39830780029297
101.8275146484375
91.82685852050781
82.30690002441406
75.11636352539062
68.77330780029297
64.94872283935547
59.51826477050781
53.00386047363281
46.55754089355469
39.66830062866211
32.765411376953125
26.65549087524414
21.562667846679688
17.72473907470703
16.565937042236328
17.024005889892578
17.214094161987305
18.031171798706055
19.026683807373047
19.896209716796875
20.24013900756836
19.730236053466797
19.39324188232422
18.472301483154297
17.5443058013916
16.90573501586914
15.520277976989746
13.736722946166992
11.424816131591797
10.503061294555664
10.583738327026367
10.865405082702637
11.337485313415527
11.607911109924316
10.809941291809082
10.295404434204102
10.321671485900879
10.580108642578125
10.37185287475586
9.976280212402344
9.365952491760254
9.00358772277832
8.913145065307617
9.323233604431152
9.133356094360352
9.160758018493652
9.292852401733398
9.025721549987793
8.973360061645508
8.773449897766113
8.779889106750488
8.545756340026855
8.30843448638916
8.349793434143066
8.494453430175781
8.260507583618164
8.056655883789062
8.007307052612305
8.72075366973877
8.68165397644043
8.688982963562012
8.915050506591797
8.574629783630371
8.903029441833496
8.77849292755127
8.504915237426758
8.484752655029297
8.713057518005371
8.415229797363281
8.474898338317871
9.142460823059082
8.321310043334961
7.986381530761719
8.545818328857422
8.97848129272461
8.71711540222168
8.362508773803711
8.129656791687012
7.821383476257324
8.254060745239258
8.36950397491455
8.085798263549805
7.892037391662598
8.040728569030762
8.02132511138916
8.135795593261719
8.325275421142578
8.019679069519043
7.5080976486206055
7.894460678100586
8.638930320739746
8.4096097946167
7.926297187805176
7.8255696296691895
7.9313530921936035
8.306486129760742
8.213449478149414
7.854201793670654
7.673735618591309
7.918906211853027
7.792997360229492
7.880171775817871
7.883758068084717
8.056831359863281
7.968404769897461
7.6886749267578125
7.879558563232422
7.8997721672058105
7.757517337799072
8.186444282531738
7.832258224487305
7.84271764755249
7.806432723999023
7.931775093078613
8.202359199523926
7.850053310394287
7.636944770812988
7.62905216217041
7.727251052856445
7.953454971313477
8.166863441467285
7.82000207901001
7.35813570022583
7.854487419128418
8.28724479675293
8.245577812194824
7.877906322479248
7.816810607910156
8.294807434082031
8.264327049255371
8.075014114379883
7.673933029174805
7.672804832458496
8.140580177307129
8.124818801879883
7.5712504386901855
7.6431121826171875
7.956212997436523
8.00829792022705
8.068928718566895
8.259175300598145
7.934057712554932
7.566711902618408
8.145631790161133
8.20903205871582
7.654256343841553
7.899613380432129
18.07327651977539
17.912723541259766
17.662050247192383
17.317787170410156
17.109127044677734
17.075807571411133
17.008668899536133
16.85195541381836
16.71947479248047
16.663249969482422
16.616172790527344
16.698522567749023
16.720287322998047
16.67222023010254
16.61177635192871
16.569793701171875
16.590763092041016
16.544952392578125
16.556365966796875
16.582191467285156
16.60524559020996
16.571887969970703
16.520225524902344
16.40433692932129
16.352336883544922
16.360092163085938
16.420307159423828
16.449684143066406
16.43470573425293
16.410512924194336
16.42996597290039
16.405689239501953
16.43116569519043
16.3953857421875
16.39430046081543
16.35594367980957
16.350732803344727
16.379690170288086
16.349185943603516
16.33375358581543
16.333581924438477
16.325210571289062
16.331247329711914
16.288232803344727
16.29316520690918
16.292680740356445
16.283674240112305
16.26663589477539
16.25353240966797
16.23556900024414
17.12006378173828
18.05495834350586
17.80178451538086
17.244770050048828
17.160879135131836
17.100698471069336
17.075138092041016
17.016414642333984
16.893049240112305
16.893585205078125
16.90397071838379
16.792856216430664
16.644269943237305
16.551204681396484
16.50091552734375
16.476396560668945
16.540355682373047
16.537151336669922
16.541460037231445
16.495630264282227
16.42538070678711
16.40719985961914
16.389480590820312
16.426712036132812
16.429960250854492
16.406827926635742
16.379961013793945
16.33713722229004
16.351539611816406
16.364421844482422
16.362979888916016
16.32169532775879
16.368820190429688
16.317901611328125
16.283042907714844
16.306114196777344
16.326148986816406
16.331295013427734
16.2609920501709
16.256559371948242
16.329790115356445
16.344524383544922
16.270769119262695
16.246932983398438
16.24847412109375
16.29892921447754
16.286062240600586
16.220687866210938
16.29637336730957
16.30699348449707
16.31709861755371
16.298799514770508
16.254039764404297
16.27056884765625
16.30379295349121
16.265525817871094
16.291690826416016
16.325742721557617
16.321516036987305
16.285757064819336
16.332542419433594
16.320392608642578
16.32617950439453
16.292776107788086
16.352622985839844
16.38020896911621
16.35665512084961
16.31937599182129
16.311199188232422
16.33435821533203
16.309812545776367
16.287551879882812
16.31682586669922
16.32695960998535
16.32685089111328
16.282867431640625
16.321413040161133
16.391307830810547
16.378280639648438
16.309490203857422
16.375741958618164
16.39585304260254
16.348491668701172
16.2941951751709
16.35985565185547
16.390869140625
16.351152420043945
16.341073989868164
16.345991134643555
16.3831844329834
16.401674270629883
16.396018981933594
16.332103729248047
16.281862258911133
16.319238662719727
16.387523651123047
16.359695434570312
16.32770538330078
16.27717399597168
16.306243896484375
16.39419937133789
14.997936248779297
14.067713737487793
13.316408157348633
12.655705451965332
12.04195785522461
11.543315887451172
11.027286529541016
10.547065734863281
10.0830659866333
9.746256828308105
9.45553207397461
9.176822662353516
9.0568265914917
9.025887489318848
9.04800033569336
9.05697250366211
9.064170837402344
8.970993995666504
8.87397575378418
8.801484107971191
8.77804183959961
8.77008056640625
8.774660110473633
8.796545028686523
8.829649925231934
8.83797836303711
8.849869728088379
8.80917739868164
8.749396324157715
8.72186279296875
8.644661903381348
8.651801109313965
8.665643692016602
8.688727378845215
8.682470321655273
8.731881141662598
8.72627067565918
8.69937515258789
8.64680290222168
8.581016540527344
8.52212905883789
8.470481872558594
8.424661636352539
8.389739990234375
8.410589218139648
8.401062965393066
8.389612197875977
8.381758689880371
8.369125366210938
8.356001853942871
8.356402397155762
8.344684600830078
8.338863372802734
8.322147369384766
8.298678398132324
8.28691291809082
8.266050338745117
8.230978012084961
8.209293365478516
8.159675598144531
8.124399185180664
8.126049995422363
8.09706974029541
8.081180572509766
8.064553260803223
8.052192687988281
8.034873962402344
8.02571964263916
8.01917552947998
8.001358032226562
7.983197212219238
7.990884780883789
7.991081237792969
7.988424301147461
7.981960296630859
7.971212387084961
7.949010848999023
7.9095563888549805
7.910516738891602
7.920378684997559
7.909092426300049
7.891605377197266
7.893110275268555
7.903683185577393
7.896600723266602
7.88922119140625
7.885835647583008
7.873469352722168
7.873963356018066
7.873017311096191
7.877066612243652
7.870889186859131
7.87477445602417
7.878811836242676
7.86073112487793
7.863677024841309
7.868139743804932
7.853038787841797
7.84177303314209
7.8461127281188965
7.830931663513184
7.825095176696777
7.827606201171875
7.822091579437256
7.819594383239746
7.8254499435424805
7.816813945770264
7.812599182128906
7.814301490783691
7.813277244567871
7.81185245513916
7.808826446533203
7.800621032714844
7.807913303375244
7.806890487670898
7.802713394165039
7.802621841430664
7.810449600219727
7.808662414550781
7.789974212646484
7.775053977966309
7.768177032470703
7.753525733947754
7.756189346313477
7.722325325012207
7.723342418670654
7.7367939949035645
7.734325885772705
7.720152378082275
7.716670989990234
7.71298885345459
7.699105262756348
7.690662384033203
7.689204692840576
7.685937404632568
7.683527946472168
7.678027629852295
7.67275333404541
7.662729263305664
7.6600165367126465
7.65396785736084
7.647922039031982
7.6429595947265625
7.629585266113281
7.632494926452637
7.6262006759643555
7.622591018676758
7.619986057281494
7.61981201171875
7.617127418518066
7.6239118576049805
7.627843379974365
7.635261535644531
7.638589859008789
7.646697044372559
7.650775909423828
7.656052589416504
7.65643310546875
7.654423713684082
7.6573381423950195
7.657125949859619
7.653130531311035
7.655332565307617
7.653968334197998
7.647350311279297
7.6431732177734375
7.63791036605835
7.631231307983398
7.629974365234375
7.629769802093506
7.6373138427734375
7.638913631439209
7.639115810394287
7.6405029296875
7.639010429382324
7.637899398803711
7.632786273956299
7.6358137130737305
7.634697914123535
7.631528377532959
7.622683525085449
7.6226277351379395
7.617210865020752
7.61451530456543
7.6093597412109375
7.603941917419434
7.608392715454102
7.611089706420898
7.610735893249512
7.613532066345215
7.6037397384643555
7.605738639831543
7.596953392028809
7.588945388793945
7.584279537200928
7.5762128829956055
7.578827381134033
7.575189590454102
7.570035934448242
7.561482906341553
7.549811363220215
7.536412715911865
7.53125524520874
7.520082950592041
7.520110130310059
7.530831813812256
7.541738986968994
7.519972801208496
7.482400417327881
7.484861373901367
7.485291481018066
7.423514366149902
7.41646146774292
7.39280366897583
7.31917667388916
7.316793441772461
7.237196445465088
7.172798156738281
7.114208221435547
7.02346658706665
7.018870830535889
7.017287254333496
7.067495822906494
7.059563636779785
7.083690643310547
7.086747169494629
7.074579238891602
7.063110828399658
7.045312881469727
7.024482727050781
7.010979652404785
6.992554664611816
6.999053478240967
6.971658706665039
6.983892917633057
6.964668273925781
6.978509426116943
6.981890678405762
6.981409072875977
6.978846549987793
6.966787338256836
6.9676995277404785
6.96456241607666
6.962899208068848
6.955021858215332
6.9466376304626465
6.949920654296875
6.944080829620361
6.944292068481445
6.947628974914551
6.960321426391602
6.96140193939209
6.96328067779541
6.959727764129639
6.957699775695801
6.949566841125488
6.946725368499756
6.948918342590332
6.949190139770508
6.946056365966797
6.943736553192139
6.942026138305664
6.943446159362793
6.950643539428711
6.951478004455566
6.957225799560547
6.962121486663818
6.965422630310059
6.968716621398926
6.966795921325684
6.9677653312683105
6.965483665466309
6.968193054199219
6.963833808898926
6.970769882202148
6.9602484703063965
6.958550453186035
6.964735507965088
6.9633917808532715
6.966787338256836
6.963591575622559
6.9717302322387695
6.972834587097168
6.978229999542236
6.987697601318359
6.988909721374512
6.99121618270874
6.984736442565918
6.981977939605713
6.97634220123291
6.974268913269043
6.975754261016846
6.967207431793213
6.966991424560547
6.962782859802246
6.961429595947266
6.964836120605469
6.962259292602539
6.961066246032715
6.960733413696289
6.9604363441467285
6.961282253265381
6.959090232849121
6.963981628417969
6.961353302001953
6.9621052742004395
6.958446979522705
6.957574844360352
6.970603942871094
6.967966079711914
6.959503173828125
6.953106880187988
6.95466947555542
6.958405494689941
6.95570182800293
6.960101127624512
6.959280490875244
6.9686198234558105
6.968538761138916
6.965682506561279
6.964136123657227
6.9584550857543945
6.95927095413208
6.9567108154296875
6.952940940856934
6.944575309753418
6.9455976486206055
6.9486494064331055
6.952115058898926
6.959918975830078
6.962378978729248
6.9743547439575195
6.978095054626465
6.982192039489746
6.980593204498291
6.9781718254089355
6.982297897338867
6.980658531188965
6.979546070098877
6.972455978393555
6.968369483947754
6.966410160064697
6.971891403198242
6.971462249755859
6.969482421875
6.973679065704346
6.979791641235352
6.988900184631348
6.991913795471191
6.99247407913208
6.997744560241699
6.995146751403809
6.988153457641602
6.987077713012695
6.985473155975342
6.983006477355957
6.983865737915039
6.981114387512207
6.981945991516113
6.979775428771973
6.983665943145752
6.983652114868164
6.983925819396973
6.981154918670654
6.977360725402832
6.981330871582031
6.980884552001953
6.978193759918213
6.974106788635254
6.971615791320801
6.979962348937988
6.97947883605957
6.971246242523193
6.9688873291015625
6.965463161468506
6.965819358825684
6.96221923828125
6.958834648132324
6.959607124328613
6.961996555328369
6.964846611022949
6.962012767791748
6.964842319488525
6.9633355140686035
6.966760635375977
6.965793609619141
6.9584479331970215
6.95380973815918
6.948935508728027
6.945324897766113
6.947723388671875
6.947108268737793
6.947834014892578
6.952118873596191
6.960140228271484
6.9626970291137695
6.957573890686035
6.957826614379883
6.951324462890625
0.7967367172241211
0.7882915139198303
0.7818410396575928
0.7765544652938843
0.772060215473175
0.7679269313812256
0.7641953229904175
0.7609262466430664
0.7576403021812439
0.7543987035751343
0.7513101100921631
0.748426079750061
0.7456316947937012
0.7431832551956177
0.7409173846244812
0.7386810779571533
0.7365342378616333
0.7345181107521057
0.732878565788269
0.7317531108856201
0.7316400408744812
0.7317830324172974
0.7316096425056458
0.7313814759254456
0.7310624122619629
0.7308138608932495
0.7306026220321655
0.7303595542907715
0.7301337718963623
0.7299139499664307
0.7297682762145996
0.7297502756118774
0.7297877669334412
0.7298190593719482
0.7298102974891663
0.7297272086143494
0.7296187281608582
0.7295073866844177
0.7294034957885742
0.7293554544448853
0.7293271422386169
0.7292865514755249
0.7292755246162415
0.7293041944503784
0.7292745113372803
0.7292166352272034
0.7291739583015442
0.7291136980056763
0.7290780544281006
0.7290776371955872
0.7291063070297241
0.7291170358657837
0.7290661931037903
0.7290377020835876
0.7290105223655701
0.7290045022964478
0.7289973497390747
0.7289974093437195
0.728995680809021
0.7289911508560181
0.7289657592773438
0.7289561033248901
0.7289848923683167
0.7290018200874329
0.7289966940879822
0.7289726138114929
0.7289412021636963
0.72894287109375
0.7289820909500122
0.7289931178092957
0.7289620041847229
0.72893226146698
0.7288981080055237
0.7289215326309204
0.7289485335350037
0.7289510369300842
0.7289389371871948
0.7288978099822998
0.7288910150527954
0.7289362549781799
0.7289301753044128
0.7289117574691772
0.7289218306541443
0.7289321422576904
0.7289106249809265
0.7289193272590637
0.7289302349090576
0.728931725025177
0.7289493083953857
0.7289408445358276
0.7289118766784668
0.7289215326309204
0.7289307713508606
0.7289551496505737
0.728952169418335
0.7289209365844727
0.728899359703064
0.728925347328186
0.7289541959762573
0.7289450168609619
