2.471320867538452
2.622424840927124
2.7680468559265137
2.908177375793457
3.0592827796936035
3.195927381515503
3.3430399894714355
3.4866676330566406
3.6367740631103516
3.786386013031006
3.92651629447937
4.083112478256226
4.225239038467407
4.373853921890259
4.515980243682861
4.663093566894531
4.814702272415161
4.964808702468872
5.111429214477539
5.250564813613892
5.391201734542847
5.533328294754028
5.676960229873657
5.822077035903931
5.963208198547363
6.106836795806885
6.265918493270874
6.407553195953369
6.553668260574341
6.70527720451355
6.8454084396362305
7.007986783981323
7.14612340927124
7.290747880935669
7.435865163803101
7.58248496055603
7.728601455688477
7.874717950820923
8.016351222991943
8.160470962524414
8.318061828613281
8.466172695159912
8.618776082992554
8.764892101287842
8.924480676651001
9.07558298110962
9.2411527633667
9.385777473449707
9.529898405075073
9.676016330718994
10.56322693824768
10.70984697341919
10.876909255981445
11.020534992218018
11.175628662109375
11.326234579086304
11.484318733215332
11.62894344329834
11.77406120300293
11.918686866760254
12.065798997879028
12.205435991287231
12.353547811508179
12.522111892700195
12.662242650985718
12.806870698928833
12.950990915298462
13.095131874084473
13.264190435409546
13.418800354003906
13.577890157699585
13.723522663116455
13.871638774871826
14.05916142463684
14.248676776885986
14.390810251235962
14.599783182144165
14.755876064300537
14.896523714065552
15.03666090965271
15.182782173156738
15.330408573150635
15.503966331481934
15.660062074661255
15.850577592849731
16.000200510025024
16.153302907943726
16.304919958114624
16.466997385025024
16.634578943252563
16.78070044517517
16.926336765289307
17.070462465286255
17.213106870651245
17.349252939224243
17.495375633239746
17.63701820373535
17.783140182495117
17.92378878593445
18.066916704177856
19.017725467681885
19.166834354400635
19.316445112228394
19.459570169448853
19.61417317390442
19.762282609939575
19.965750217437744
20.115362644195557
20.257490158081055
20.401614904403687
20.544244050979614
20.69335103034973
20.8399760723114
20.986097812652588
21.1446852684021
21.316238403320312
21.46833896636963
21.620943784713745
21.76406764984131
21.9051992893219
22.058801412582397
22.20990490913391
22.359516620635986
22.509620904922485
22.655243635177612
22.81333041191101
22.9659321308136
23.11204957962036
23.280608415603638
23.4252347946167
23.575341939926147
23.730937004089355
23.8750581741333
24.016191482543945
24.165801763534546
24.3493230342865
24.501423120498657
24.66400170326233
24.811118841171265
24.954745292663574
25.098868131637573
25.25047492980957
25.415539741516113
25.559165000915527
25.710267782211304
25.859878540039062
26.003002882003784
26.159597396850586
26.303718328475952
26.453333377838135
27.339694499969482
27.48781108856201
27.659375429153442
27.80948519706726
27.977063179016113
28.134664297103882
28.272805213928223
28.432402849197388
28.601460933685303
28.745103359222412
28.90418815612793
29.048827648162842
29.212900638580322
29.374492168426514
29.524603843688965
29.66026544570923
29.84280252456665
29.984933614730835
30.147519826889038
30.30261754989624
30.45024561882019
30.59736394882202
30.752969980239868
30.904078483581543
31.086613178253174
31.230740308761597
31.372382402420044
31.509526252746582
31.68607759475708
31.831202745437622
31.993791341781616
32.14940047264099
32.34689450263977
32.488027811050415
32.62517499923706
32.76382517814636
32.909945487976074
33.06755566596985
33.21667003631592
33.36030912399292
33.50543522834778
33.65605568885803
33.80018162727356
33.953792333602905
34.10689449310303
34.25252890586853
34.39765453338623
34.540783643722534
34.69639325141907
34.84601855278015
35.72228288650513
35.87289261817932
36.02000832557678
36.161338329315186
36.33339285850525
36.47801923751831
36.62014579772949
36.76277756690979
36.90689659118652
37.052523374557495
37.23853278160095
37.387146949768066
37.52927255630493
37.68387746810913
37.82500743865967
37.97362017631531
38.14666533470154
38.291292667388916
38.4354133605957
38.6507294178009
38.7943594455719
38.94147300720215
39.09507656097412
39.23620653152466
39.3878173828125
39.539918661117554
39.679558515548706
39.823206424713135
39.96585750579834
40.11198425292969
40.26459860801697
40.4376482963562
40.58228540420532
40.73439025878906
40.88301968574524
41.02515006065369
41.16879177093506
41.30992674827576
41.45605707168579
41.59470748901367
41.73883295059204
41.879481077194214
42.03856706619263
42.19020128250122
42.33632159233093
42.486939907073975
42.632062911987305
42.78268313407898
42.92780637741089
43.067458629608154
43.944286584854126
44.116851806640625
44.28044867515564
44.42656993865967
44.60013484954834
44.751240968704224
44.89687371253967
45.05097270011902
45.19560718536377
45.35968327522278
45.51927995681763
45.66340756416321
45.8230037689209
45.96963572502136
46.11475872993469
46.26786255836487
46.42446517944336
46.56859254837036
46.713226556777954
46.85935044288635
46.99999785423279
47.15409994125366
47.314693450927734
47.45383334159851
47.590492725372314
47.732625246047974
47.88823318481445
48.03136420249939
48.17150378227234
48.34904932975769
48.50166368484497
48.66174626350403
48.80838322639465
48.96747827529907
49.10712814331055
49.255244731903076
49.39489769935608
49.5579719543457
49.69762301445007
49.835771322250366
50.01630640029907
50.158437728881836
50.31903409957886
50.464157819747925
50.61577653884888
50.80330157279968
50.954415798187256
51.104039430618286
51.26911234855652
51.414748430252075
52.349936723709106
52.58234643936157
52.725982427597046
52.90951895713806
53.07658386230469
53.23418426513672
53.38333511352539
53.58832120895386
53.741424322128296
53.89703106880188
54.080055236816406
54.267574071884155
54.460081338882446
54.60571622848511
54.75482964515686
54.91143298149109
55.05755352973938
55.20917868614197
55.35330271720886
55.51988387107849
55.6759774684906
55.83656907081604
55.974711418151855
56.132312536239624
56.27544116973877
56.423070430755615
56.56320524215698
56.69887089729309
56.83900856971741
56.9871244430542
57.1267728805542
57.360172748565674
57.5038161277771
57.72725296020508
57.87437200546265
58.01801538467407
58.16912126541138
58.314759254455566
58.458887338638306
58.617483615875244
58.80699849128723
58.95511436462402
59.11271643638611
59.256845235824585
59.45733451843262
59.60497236251831
59.774030447006226
59.91571378707886
60.067819118499756
60.20447659492493
61.114713191986084
61.25684475898743
61.40097117424011
61.59348440170288
61.75108528137207
61.90319204330444
62.05081748962402
62.19693994522095
62.34955334663391
62.50066137313843
62.64231085777283
62.78044939041138
62.922096967697144
63.06522750854492
63.222835063934326
63.362974643707275
63.50510787963867
63.65273666381836
63.793869972229004
63.93751335144043
64.07664656639099
64.22826480865479
64.38136768341064
64.53199052810669
64.69008255004883
64.82873606681824
64.96687817573547
65.11000895500183
65.25465273857117
65.39279127120972
65.53343772888184
65.67956256866455
65.83915686607361
65.9852786064148
66.13191199302673
66.27503943443298
66.44361352920532
66.59970760345459
66.74634122848511
66.9014368057251
67.04507613182068
67.19817805290222
67.35079598426819
67.50389814376831
67.6505298614502
67.80064010620117
67.94627380371094
68.08940076828003
68.24201822280884
68.39412260055542
69.32679796218872
69.47990465164185
69.62303829193115
69.77066922187805
69.92827701568604
70.08536982536316
70.22650837898254
70.43948078155518
70.64296793937683
70.78809428215027
70.93173861503601
71.08185052871704
71.22797632217407
71.37660503387451
71.55116534233093
71.70028281211853
71.84192895889282
71.99004745483398
72.13469076156616
72.27283573150635
72.41995787620544
72.56359720230103
72.69974422454834
72.84338855743408
72.99449491500854
73.14112687110901
73.27926921844482
73.41342377662659
73.55108261108398
73.69720721244812
73.83885908126831
73.99096155166626
74.13859796524048
74.27773690223694
74.42485785484314
74.57248830795288
74.71362662315369
74.85727310180664
74.996417760849
75.14305639266968
75.2851881980896
75.44977688789368
75.63280582427979
75.7824354171753
75.92257595062256
76.07220315933228
76.21533250808716
76.36096858978271
76.50110983848572
76.64224457740784
77.52550745010376
77.69209218025208
77.83722114562988
77.98485541343689
78.13497161865234
78.28260350227356
78.43271923065186
78.56938481330872
78.70952129364014
78.8541612625122
78.99629473686218
79.14541029930115
79.29004979133606
79.4491400718689
79.59577298164368
79.7399034500122
79.88354635238647
80.02867269515991
80.18727827072144
80.35135650634766
80.5049729347229
80.65460467338562
80.81369304656982
80.95283603668213
81.09846997261047
81.246591091156
81.38624167442322
81.53236627578735
81.67002582550049
81.81316065788269
81.95679974555969
82.09694027900696
82.24107122421265
82.37972617149353
82.52385473251343
82.67148780822754
82.81860947608948
82.97023606300354
83.15326309204102
83.30089259147644
83.44203186035156
83.57769918441772
83.71983528137207
83.8654727935791
84.00261998176575
84.13976621627808
84.2854015827179
84.42155313491821
84.55770468711853
84.71231818199158
86.54043698310852
87.5448989868164
88.57128262519836
89.59526658058167
90.70694255828857
91.84660315513611
92.940420627594
94.06507444381714
95.24513721466064
96.3129346370697
97.46757364273071
98.47510170936584
99.55901861190796
100.70166325569153
101.80696988105774
102.89271664619446
103.94754528999329
105.03330087661743
106.13001894950867
107.1603946685791
108.17784237861633
109.23971509933472
110.2920606136322
111.32353234291077
112.33353662490845
113.34097576141357
114.33095788955688
115.34888100624084
116.37126541137695
117.36377549171448
118.38818216323853
119.39064192771912
120.49535942077637
121.50878524780273
122.50425457954407
123.58807897567749
124.62951946258545
125.62812447547913
126.693927526474
127.73938345909119
128.86956095695496
129.89146661758423
130.9538698196411
132.0336263179779
133.07500100135803
134.1268322467804
135.2246105670929
136.34336590766907
137.41619658470154
138.4615375995636
140.31983923912048
141.38122153282166
142.48103284835815
143.507009267807
144.63164973258972
145.6800091266632
146.74479913711548
147.77717804908752
148.84305214881897
149.85748767852783
150.89383721351624
151.92026472091675
152.97707271575928
154.01347136497498
155.07432436943054
156.11373567581177
157.11827397346497
158.22196435928345
159.286762714386
160.34217071533203
161.40102100372314
162.44257283210754
163.4600703716278
164.4904568195343
165.54284119606018
166.57076835632324
167.70548057556152
168.801255941391
169.87405109405518
170.92137837409973
172.0320873260498
173.0744559764862
174.10438346862793
175.13775730133057
176.13322281837463
177.16768288612366
178.18560671806335
179.25547695159912
180.3189172744751
181.41663885116577
182.45399832725525
183.585791349411
184.7583830356598
185.82915568351746
186.91695523262024
187.94932794570923
188.97273349761963
190.01011633872986
191.04599332809448
192.0584213733673
193.8028256893158
194.81525230407715
195.83518719673157
196.87254190444946
197.87102437019348
198.90350151062012
200.00830602645874
201.07000470161438
202.0880162715912
203.20874762535095
204.28048634529114
205.3126540184021
206.39445519447327
207.48228120803833
208.52775526046753
209.62550806999207
210.70146417617798
211.7258951663971
212.7533745765686
213.77939677238464
214.8168182373047
215.83027982711792
216.85982203483582
217.88636374473572
218.88534998893738
219.8983039855957
220.9177451133728
221.94513487815857
222.97354125976562
223.97204065322876
224.96956300735474
225.99498105049133
227.06578183174133
228.10814142227173
229.20896077156067
230.23492670059204
231.2792809009552
232.39212346076965
233.53729963302612
234.55074048042297
235.62603616714478
236.80309796333313
237.9781470298767
239.0739767551422
240.19968342781067
241.2735686302185
242.35456228256226
243.4427707195282
244.48075246810913
245.54917645454407
247.3092701435089
248.3591330051422
249.3725621700287
250.40695595741272
251.43244886398315
252.47439861297607
253.52073669433594
254.5263111591339
255.56974124908447
256.66559958457947
257.67710065841675
258.721981048584
259.7284245491028
260.7568266391754
261.82565212249756
262.8730688095093
263.86662673950195
264.8651864528656
265.88868165016174
266.91469740867615
267.9341003894806
268.95252871513367
269.94300627708435
270.9725167751312
272.11013889312744
273.18203139305115
274.35613799095154
275.38569474220276
276.43254590034485
277.4695587158203
278.5453476905823
279.6017565727234
280.745404958725
281.7658829689026
282.79229760169983
283.83365845680237
284.8617043495178
285.89008617401123
286.90454483032227
287.9170980453491
288.9375162124634
289.9685914516449
291.0449483394623
292.08489298820496
293.228520154953
294.2969551086426
295.29841899871826
296.322829246521
297.37426710128784
298.41515016555786
300.21523785591125
301.21669125556946
302.2221612930298
303.38489818573
304.43324613571167
305.47758650779724
306.48802280426025
307.5528244972229
308.621702671051
309.6511242389679
310.81617069244385
311.8365662097931
312.8958878517151
314.01355028152466
315.10628366470337
316.12724709510803
317.17659044265747
318.26930809020996
319.3630313873291
320.4014558792114
321.43382573127747
322.51560378074646
323.6123354434967
324.66417050361633
325.6985414028168
326.8526186943054
327.8900511264801
328.91146063804626
330.0291221141815
331.06701731681824
332.14926290512085
333.1378433704376
334.1936695575714
335.22407960891724
336.2514786720276
337.2649028301239
338.2848117351532
339.3221776485443
340.37250900268555
341.42440009117126
342.4607858657837
343.47921323776245
344.580913066864
345.6970899105072
346.6910614967346
347.7468934059143
348.8517093658447
349.9434471130371
350.9688813686371
352.0715706348419
353.80730533599854
354.8252115249634
355.87654542922974
356.922865152359
357.925302028656
358.94221663475037
359.9675850868225
360.992960691452
362.1056077480316
363.16241097450256
364.2840406894684
365.46801829338074
366.5083496570587
367.60305166244507
368.64738297462463
369.74307656288147
370.80187249183655
371.84719800949097
372.8960199356079
373.94433331489563
375.01409697532654
376.0524377822876
377.1182265281677
378.1425995826721
379.1944134235382
380.30507826805115
381.36942887306213
382.4631311893463
383.49400329589844
384.60466623306274
385.6071095466614
386.6574501991272
387.6818268299103
388.7835097312927
389.79792308807373
390.8108425140381
391.82125878334045
392.9468743801117
393.9602744579315
394.9587187767029
396.01202273368835
397.07879757881165
398.1151394844055
399.14301919937134
400.2112855911255
401.21571373939514
402.246586561203
403.287917137146
404.30438470840454
405.42801809310913
407.2545168399811
408.2539083957672
409.2992103099823
410.3385012149811
411.4261589050293
412.50487780570984
413.5381784439087
414.6752119064331
415.7643620967865
416.8864359855652
417.9023976325989
418.98583984375
420.03970885276794
421.0904731750488
422.1786286830902
423.2064461708069
424.31505584716797
425.3224210739136
426.3534677028656
427.3757948875427
428.40760374069214
429.4604218006134
430.5571143627167
431.5725164413452
432.6432795524597
433.7280111312866
434.77732133865356
435.79471921920776
436.8265891075134
437.93027114868164
438.9347012042999
439.9780251979828
441.01736545562744
442.00982666015625
443.0272331237793
444.03166580200195
445.0545527935028
446.0829186439514
447.0933277606964
448.07880568504333
449.09819293022156
450.1325478553772
451.2023150920868
452.24663972854614
453.2814965248108
454.43903946876526
455.6519479751587
456.69578981399536
457.7480905056
458.85676193237305
460.7500720024109
461.8524167537689
462.9101674556732
463.9290919303894
464.96863412857056
466.078369140625
467.1172294616699
468.1427335739136
469.1802167892456
470.2116713523865
471.24915504455566
472.30703377723694
473.3010468482971
474.3638925552368
475.3863306045532
476.50109124183655
477.5210359096527
478.59429121017456
479.67906951904297
480.7125720977783
481.7555317878723
482.8344027996063
483.87740683555603
484.905268907547
485.93725657463074
486.93974590301514
487.96815967559814
489.0066018104553
490.03606033325195
491.20213532447815
492.27707719802856
493.3109712600708
494.3025004863739
495.4102578163147
496.450754404068
497.5225999355316
498.58650946617126
499.63595604896545
500.76814675331116
501.8210163116455
502.86647963523865
503.9892976284027
505.0346848964691
506.05917954444885
507.1261785030365
508.1890664100647
509.24540519714355
510.3002622127533
511.3136856555939
512.38600897789
514.209627866745
515.2320110797882
516.3207354545593
517.3191838264465
518.3864452838898
519.4118230342865
520.3943150043488
521.418205499649
522.4346055984497
523.4240763187408
524.4130413532257
525.4588708877563
526.545595407486
527.6363101005554
528.7145440578461
529.7843120098114
530.8610599040985
531.948784828186
532.97815990448
534.0165069103241
535.0378999710083
536.0667824745178
537.1011343002319
538.1394758224487
539.1633732318878
540.2860059738159
541.2974224090576
542.3527173995972
543.4623854160309
544.4802937507629
545.5266168117523
546.5460093021393
547.608805179596
548.6965260505676
549.720903635025
550.7926676273346
551.8359975814819
552.8723385334015
553.8677945137024
554.9206142425537
555.9420025348663
556.9434447288513
557.9379012584686
558.9872126579285
560.0095980167389
561.0673983097076
562.110729932785
563.1171555519104
564.1430466175079
565.2267801761627
566.9758014678955
568.0201263427734
569.121808052063
570.1885833740234
571.2623407840729
572.3500640392303
573.4053628444672
574.457183599472
575.5264430046082
576.5573179721832
577.6435339450836
578.6624369621277
579.6748497486115
580.7281546592712
581.7709953784943
582.8213043212891
583.8616397380829
584.8630793094635
585.9079170227051
586.9462575912476
587.9566695690155
588.9945266246796
590.0129241943359
591.1036374568939
592.2571918964386
593.2970416545868
594.3373777866364
595.3398118019104
596.3442471027374
597.358654499054
598.3690700531006
599.4478175640106
600.6248145103455
601.6511883735657
602.7518784999847
603.7732646465302
604.8260827064514
605.8464715480804
606.8927929401398
607.9052059650421
609.0078911781311
610.0435211658478
611.1057994365692
612.1300220489502
613.1429421901703
614.1772956848145
615.1897099018097
616.2001280784607
617.2085461616516
618.2553787231445
620.0522820949554
621.0567116737366
622.0686368942261
623.1089715957642
624.1273682117462
625.1467671394348
626.1611697673798
627.1890470981598
628.1954772472382
629.3230938911438
630.3444948196411
631.389331817627
632.4745488166809
633.5672602653503
634.6420187950134
635.664402961731
636.8483843803406
637.8787484169006
638.9375495910645
639.9679107666016
641.0446662902832
642.06804895401
643.1587653160095
644.217563867569
645.2598979473114
646.317193031311
647.3196301460266
648.4073488712311
649.4910833835602
650.5877888202667
651.6775093078613
652.7098686695099
653.7103087902069
654.7207300662994
655.8084511756897
656.8288428783417
657.887640953064
658.8990552425385
659.9857795238495
661.0291106700897
662.0106046199799
662.9990754127502
663.9825642108917
665.0039498806
666.0073862075806
667.0058343410492
668.0362005233765
669.0356459617615
670.0500519275665
671.0564804077148
672.7845637798309
673.8294019699097
674.8657505512238
676.0028510093689
677.038202047348
678.0715582370758
679.1049604415894
680.1442966461182
681.2360088825226
682.2643775939941
683.293741941452
684.3665075302124
685.4342873096466
686.4526841640472
687.4920237064362
688.5388524532318
689.6001377105713
690.6479642391205
691.6823189258575
692.7146759033203
693.7505443096161
694.8018507957458
695.8242373466492
696.8620917797089
697.8874711990356
698.9088587760925
699.968656539917
701.0199673175812
702.1106841564178
703.1490290164948
704.1709258556366
705.215250492096
706.2127029895782
707.2520442008972
708.3068602085114
709.3362283706665
710.3576142787933
711.3440957069397
712.3475291728973
713.3913679122925
714.4050438404083
715.4114699363708
716.4857199192047
717.4901533126831
718.5040700435638
719.5623600482941
720.6131837368011
721.6525249481201
722.642993927002
723.7032792568207
725.5001945495605
726.5271661281586
727.6249783039093
728.6453769207001
729.6987760066986
730.7043170928955
731.7756342887878
732.7941150665283
733.8017027378082
734.8062567710876
735.8158366680145
736.8149726390839
737.8394930362701
738.9169096946716
739.9233918190002
740.921884059906
741.9353930950165
742.9675171375275
744.0663003921509
745.0767421722412
746.1471965312958
747.1652524471283
748.2171039581299
749.2779412269592
750.405600309372
751.4903967380524
752.5568985939026
753.6022365093231
754.6176490783691
755.70245885849
756.757896900177
757.8018720149994
758.809318780899
759.8337132930756
760.8841171264648
761.9111707210541
763.0080647468567
764.1801607608795
765.2389976978302
766.3114054203033
767.3743288516998
768.4846079349518
769.5718884468079
770.6496579647064
771.7354187965393
772.7847664356232
773.8222115039825
774.861079454422
775.9025313854218
776.9540033340454
778.7660768032074
779.8149893283844
780.9128775596619
781.9372997283936
782.9742138385773
784.0396106243134
785.0965070724487
786.14688539505
787.2881631851196
788.3095693588257
789.321049451828
790.3949990272522
791.4424810409546
792.4599275588989
793.4909632205963
794.4895112514496
795.5258769989014
796.5724656581879
797.6163339614868
798.6467266082764
799.6822316646576
800.6917741298676
801.7396337985992
802.7390944957733
803.7935585975647
804.8199911117554
805.8403873443604
806.8808691501617
807.9208455085754
808.9552936553955
809.9837341308594
811.0645625591278
812.0819761753082
813.1013922691345
814.2280757427216
815.2839505672455
816.3498651981354
817.3762454986572
818.4077289104462
819.434620141983
820.465573310852
821.5693967342377
822.6991662979126
823.7195675373077
824.7655498981476
825.7711162567139
826.8335437774658
827.8873910903931
828.9178092479706
829.9482250213623
831.3916370868683
831.4315140247345
831.4673948287964
831.5029337406158
831.5368378162384
831.5697867870331
831.6032631397247
831.6381452083588
831.6651113033295
831.6895983219147
831.7155258655548
831.7414584159851
831.7664210796356
831.7919027805328
831.8178343772888
831.8437609672546
831.8687512874603
831.8951754570007
831.9211077690125
831.9460730552673
831.9721500873566
831.9960975646973
832.0220038890839
832.0469770431519
832.0719413757324
832.0974524021149
832.1233863830566
832.1493127346039
832.1748859882355
832.1998190879822
832.225750207901
832.2506744861603
832.2767975330353
832.3017280101776
832.3276572227478
832.3535568714142
832.3797016143799
832.4046304225922
832.4295728206635
832.4564599990845
832.4820671081543
832.5080089569092
832.531932592392
832.558908700943
832.5843684673309
832.6102797985077
832.6352353096008
832.6612093448639
832.6866915225983
832.71164894104
833.4198315143585
833.4448039531708
833.4707434177399
833.4951827526093
833.5211129188538
833.5470457077026
833.5719792842865
833.5961978435516
833.6221168041229
833.6470518112183
833.6730349063873
833.6974840164185
833.7234570980072
833.749342918396
833.7743511199951
833.7988667488098
833.8248016834259
833.8497350215912
833.8736691474915
833.900178194046
833.9250757694244
833.9510111808777
833.9775218963623
834.0043947696686
834.0323541164398
834.0582814216614
834.083842754364
834.1097717285156
834.1347064971924
834.1606061458588
834.1851809024811
834.2121233940125
834.2370181083679
834.2630095481873
834.2885270118713
834.3134548664093
834.340410232544
834.3653564453125
834.3908922672272
834.4158120155334
834.4407444000244
834.4656810760498
834.4921381473541
834.5161035060883
834.5430426597595
834.5679922103882
834.5945391654968
834.6184387207031
834.6444039344788
834.670369386673
