14.323847770690918
13.75967788696289
13.21841049194336
12.67714786529541
12.135881423950195
11.594616889953613
11.19414234161377
10.512084007263184
9.970819473266602
9.429555892944336
9.457376480102539
9.31895923614502
8.873231887817383
8.204364776611328
8.043685913085938
7.924344062805176
7.753213882446289
7.537664413452148
7.283787727355957
6.996685028076172
6.680647850036621
6.339320182800293
5.97581672668457
5.592804908752441
5.192597389221191
4.825043678283691
4.618379592895508
4.241649627685547
3.9855897426605225
3.699599266052246
3.3869504928588867
3.204540967941284
2.818632125854492
2.640664577484131
2.985189914703369
3.1260297298431396
2.9745147228240967
3.0770792961120605
3.2883734703063965
3.423161745071411
3.489326000213623
3.493932008743286
3.443288803100586
3.3430442810058594
3.1982691287994385
3.0134947299957275
2.7927920818328857
2.539801597595215
2.742432117462158
2.691051483154297
2.77752423286438
2.8353824615478516
3.020285129547119
3.0687034130096436
2.9866530895233154
3.0235202312469482
3.0024142265319824
2.929164409637451
2.8090133666992188
2.7466237545013428
2.565243721008301
2.562974452972412
2.6749284267425537
2.521388292312622
2.575063705444336
2.6742191314697266
2.6877970695495605
2.663116216659546
2.6093854904174805
2.5721683502197266
2.591554880142212
2.4985103607177734
2.4873719215393066
2.3808016777038574
2.423898935317993
2.408538818359375
2.4154067039489746
2.4753479957580566
2.4382681846618652
2.438546657562256
2.4204282760620117
2.4928479194641113
2.4370999336242676
2.5577590465545654
2.579650402069092
2.479496479034424
2.585610866546631
2.5747299194335938
2.4331002235412598
2.5337352752685547
2.449631690979004
2.562582492828369
2.6081130504608154
2.520772933959961
2.503021240234375
2.4763197898864746
2.509443521499634
2.6466667652130127
2.575333595275879
2.419435977935791
2.4552807807922363
2.4368062019348145
2.4125723838806152
2.4010672569274902
2.393972873687744
2.409452199935913
2.4017810821533203
2.377218008041382
2.374662399291992
2.370913505554199
2.360841751098633
2.381019353866577
2.3870646953582764
2.385854721069336
2.3832380771636963
2.383028030395508
2.382540702819824
2.3778796195983887
2.376063346862793
2.3720474243164062
2.3573412895202637
2.3884520530700684
2.398224353790283
2.3859546184539795
2.3787379264831543
2.3916749954223633
2.4014549255371094
2.389301300048828
2.3811845779418945
2.3836450576782227
2.392651081085205
2.3856983184814453
2.3592844009399414
2.3826255798339844
2.3886098861694336
2.3824379444122314
2.380162477493286
2.380319118499756
2.380002975463867
2.375641345977783
2.3740439414978027
2.372893810272217
2.358201026916504
2.387143611907959
2.396955966949463
2.3851170539855957
2.3798153400421143
2.3910536766052246
2.4006054401397705
2.3886160850524902
31.628673553466797
31.138368606567383
30.434724807739258
29.596460342407227
28.66355323791504
27.66046714782715
26.606225967407227
25.51377296447754
24.392126083374023
23.25005340576172
22.108476638793945
21.082195281982422
20.147775650024414
19.233722686767578
18.34830665588379
17.54766082763672
16.795394897460938
16.078962326049805
15.389118194580078
14.727092742919922
14.090864181518555
13.488807678222656
12.946916580200195
12.454267501831055
11.984824180603027
11.52900218963623
11.075486183166504
10.624512672424316
10.181180000305176
9.765595436096191
9.385736465454102
9.038910865783691
8.712991714477539
8.399663925170898
8.093216896057129
7.7926859855651855
7.49412202835083
7.189705848693848
6.886514663696289
6.602389812469482
6.351870536804199
6.128978729248047
5.91799259185791
5.711635589599609
5.509799957275391
5.317437648773193
5.137947082519531
4.97839879989624
4.858840465545654
4.761838912963867
4.67109489440918
4.58251953125
4.4906182289123535
4.392520427703857
4.290053367614746
4.188469886779785
4.093536376953125
4.008138179779053
3.9373857975006104
3.886838436126709
3.861980438232422
3.8500752449035645
3.8449792861938477
3.8420510292053223
3.8332231044769287
3.821564197540283
3.8085570335388184
3.793952465057373
3.7788259983062744
3.7645561695098877
3.7516539096832275
3.738687038421631
3.7262649536132812
3.7124805450439453
3.6952600479125977
3.6774797439575195
3.6637868881225586
3.6513965129852295
3.6401162147521973
3.6305108070373535
3.622565269470215
3.618842601776123
3.61578369140625
3.6130213737487793
3.6101908683776855
3.607898712158203
3.6052465438842773
3.602762222290039
3.600058078765869
3.5970420837402344
3.592595100402832
3.5908396244049072
3.5891106128692627
3.587353229522705
3.586141586303711
3.5832700729370117
3.583371877670288
3.5825769901275635
3.5793652534484863
3.581563949584961
3.582719326019287
3.5816493034362793
3.578489065170288
3.579324960708618
3.582329273223877
3.5822229385375977
3.579280376434326
3.5760183334350586
3.5771772861480713
3.578639268875122
3.577888250350952
3.5751395225524902
3.573352098464966
3.576470375061035
3.5769972801208496
3.5747694969177246
3.57340931892395
3.5749800205230713
3.5742299556732178
3.5721359252929688
3.5737881660461426
3.573643684387207
3.570962429046631
3.573784828186035
3.5753769874572754
3.574798583984375
3.572251319885254
3.572679042816162
3.575173854827881
3.575561046600342
3.573225975036621
3.5714428424835205
3.5745365619659424
3.5763871669769287
3.5759973526000977
3.573629856109619
3.5702130794525146
3.5720326900482178
3.57242751121521
3.5701828002929688
3.572049140930176
3.5736162662506104
3.5730648040771484
3.570557117462158
3.57149600982666
3.573106050491333
3.572023391723633
3.569197416305542
3.570835590362549
3.5708518028259277
3.5690865516662598
3.5690970420837402
3.5690438747406006
3.5689353942871094
3.568845272064209
3.5687313079833984
3.5686988830566406
3.568636178970337
3.5685176849365234
3.5683512687683105
3.568164348602295
3.568260908126831
3.5683608055114746
3.568385124206543
3.5684499740600586
3.568355083465576
3.568298816680908
3.568190574645996
3.568122386932373
3.5679612159729004
3.5679807662963867
3.5679869651794434
3.568021059036255
3.5679523944854736
3.567905902862549
3.5679097175598145
3.5677809715270996
3.567783832550049
3.567849636077881
3.567910671234131
3.567845106124878
3.5677528381347656
3.5677695274353027
3.5676486492156982
3.567760467529297
3.567800760269165
3.567645788192749
3.5677175521850586
3.5677216053009033
3.5676655769348145
3.567552089691162
3.567425489425659
3.567430257797241
3.567533493041992
3.567460536956787
3.5674285888671875
3.5673394203186035
3.567284345626831
3.5672969818115234
3.567317008972168
3.5672664642333984
3.56722354888916
3.5671801567077637
3.567218542098999
3.5671684741973877
3.5671467781066895
3.5670700073242188
3.567086935043335
3.567091941833496
3.5670416355133057
3.5671608448028564
3.5670809745788574
3.56699275970459
3.566978931427002
3.566990613937378
3.566972494125366
3.566880941390991
3.56681489944458
3.566781997680664
3.566800355911255
3.56679105758667
3.566727638244629
3.566739320755005
3.56670880317688
3.5667028427124023
3.5666677951812744
3.5666346549987793
3.5666685104370117
3.566652297973633
3.56662917137146
3.56656551361084
3.566619873046875
3.5665407180786133
3.566485643386841
3.5666091442108154
3.5665509700775146
3.566453456878662
3.5664196014404297
3.5664992332458496
3.5664875507354736
3.56632661819458
3.5664877891540527
3.5664210319519043
3.566295862197876
3.566301107406616
3.566352367401123
3.5663561820983887
3.5662996768951416
3.5661864280700684
3.566154956817627
3.566208839416504
3.566218376159668
3.5662267208099365
3.566220760345459
3.566159248352051
3.566108226776123
3.566197395324707
3.566181182861328
3.566307783126831
3.5663857460021973
3.5663881301879883
3.5663318634033203
3.566215991973877
3.5661263465881348
3.5660834312438965
3.566256046295166
3.566256523132324
3.5662949085235596
3.566331624984741
3.5663328170776367
3.566244602203369
3.5661301612854004
3.56611967086792
3.5661461353302
3.5661535263061523
3.5662922859191895
3.566265821456909
3.566211223602295
3.5662312507629395
3.5661935806274414
3.566098690032959
3.5660393238067627
3.5661139488220215
3.566126823425293
3.566075325012207
3.5660648345947266
3.5660581588745117
3.5661110877990723
3.566129207611084
3.566084861755371
3.5662121772766113
3.5661463737487793
3.566054344177246
3.5660672187805176
3.566091775894165
3.566086530685425
3.566049098968506
3.5660269260406494
3.5659992694854736
3.5661354064941406
3.5661325454711914
3.566037654876709
3.5660691261291504
3.5660958290100098
3.5660033226013184
3.5659871101379395
3.5661284923553467
3.5660924911499023
3.5660560131073
3.566084384918213
3.5660042762756348
3.5661659240722656
3.5661044120788574
3.566023349761963
3.56606125831604
3.5660505294799805
3.5660741329193115
3.5660314559936523
3.565938711166382
3.566053867340088
3.5661091804504395
3.5661258697509766
3.566127061843872
3.5660786628723145
3.5660226345062256
3.565952777862549
3.5660579204559326
3.5660512447357178
3.566117763519287
3.566180944442749
3.5661864280700684
3.56611967086792
3.566012382507324
3.566047430038452
3.566009521484375
3.5660133361816406
3.566286563873291
3.5662944316864014
3.566067695617676
3.566063404083252
3.5660042762756348
3.5660014152526855
3.5659637451171875
3.5660388469696045
3.5660433769226074
3.5659923553466797
3.5659704208374023
3.5658974647521973
3.5660879611968994
3.566101312637329
128.1769561767578
112.52540588378906
98.7295150756836
87.50299835205078
77.43150329589844
71.0107421875
66.05221557617188
60.567779541015625
54.4467887878418
47.83197021484375
40.66767120361328
35.01676940917969
29.741607666015625
24.30722999572754
21.41584587097168
20.175748825073242
17.501493453979492
14.48817253112793
14.120926856994629
14.68316650390625
15.772945404052734
16.46145248413086
16.602100372314453
16.047229766845703
16.474098205566406
16.229101181030273
15.096199035644531
14.368650436401367
13.42839241027832
12.506958961486816
11.586649894714355
10.724127769470215
10.512336730957031
10.355073928833008
10.063023567199707
9.902501106262207
9.102639198303223
8.671624183654785
8.388442993164062
8.124857902526855
8.240326881408691
8.45587158203125
8.111842155456543
7.461851119995117
7.610010623931885
7.682310581207275
7.912705421447754
7.82895565032959
7.363436698913574
7.25978422164917
7.227965354919434
7.400313854217529
7.487792491912842
7.054834365844727
7.067261695861816
7.140366077423096
7.355391502380371
7.1280293464660645
6.78402042388916
6.434053897857666
6.63928747177124
7.053117752075195
6.956546306610107
6.990077018737793
7.354831695556641
7.5794830322265625
7.3067498207092285
6.936661720275879
6.613631248474121
7.206667900085449
7.416590690612793
7.023598670959473
7.238636016845703
7.27003288269043
6.772171974182129
7.024069786071777
6.696199417114258
6.463885307312012
6.427501678466797
6.640372276306152
6.81159782409668
6.703790187835693
6.373799800872803
6.653495788574219
6.257484436035156
6.663101673126221
6.606748104095459
6.176530361175537
6.668881416320801
6.967709541320801
6.914568901062012
6.512920379638672
6.667777061462402
6.712075710296631
7.020288467407227
6.643360137939453
6.31622314453125
6.947989463806152
7.238968849182129
7.296173095703125
7.090361595153809
6.877341270446777
6.812409400939941
6.877104759216309
7.2247843742370605
6.929222583770752
6.887348175048828
6.896254539489746
7.101121425628662
7.085026264190674
6.945557594299316
6.93664026260376
6.948028087615967
7.10584831237793
6.87885856628418
6.659825325012207
6.59080696105957
6.522360801696777
6.425992012023926
6.618147850036621
6.678645133972168
6.59974479675293
6.856192111968994
6.447836875915527
6.680408477783203
6.525022506713867
6.735298156738281
6.535905838012695
6.641721725463867
6.569311618804932
6.718752861022949
6.742632865905762
6.591302394866943
6.736283302307129
6.965496063232422
6.836911678314209
6.865231037139893
6.7547607421875
6.736268997192383
6.841583251953125
7.383371353149414
7.420825004577637
7.020020008087158
6.460426330566406
6.419404983520508
6.714221000671387
6.528805255889893
6.705828666687012
6.586028575897217
6.665714263916016
12.365419387817383
12.164331436157227
11.810747146606445
11.386468887329102
11.034917831420898
10.848946571350098
10.668664932250977
10.622952461242676
10.552359580993652
10.451031684875488
10.40023422241211
10.396536827087402
10.410103797912598
10.451268196105957
10.434042930603027
10.374180793762207
10.262046813964844
10.164176940917969
10.139144897460938
10.150513648986816
10.173921585083008
10.131916999816895
10.032527923583984
10.120562553405762
10.187053680419922
10.149747848510742
10.058314323425293
9.999699592590332
9.978693008422852
10.004603385925293
10.001379013061523
10.0066556930542
10.001226425170898
9.98290729522705
9.935222625732422
9.966814041137695
9.99886417388916
10.01216983795166
9.983120918273926
9.969539642333984
9.963842391967773
9.936396598815918
9.957286834716797
9.978557586669922
9.935996055603027
9.930167198181152
9.950885772705078
9.950557708740234
9.945443153381348
9.946878433227539
11.050081253051758
11.693708419799805
11.503170013427734
11.06428337097168
10.816024780273438
10.741119384765625
10.675992965698242
10.53629207611084
10.314542770385742
10.207108497619629
10.176321029663086
10.164007186889648
10.162786483764648
10.141606330871582
10.214614868164062
10.292205810546875
10.277996063232422
10.150890350341797
10.081613540649414
10.155237197875977
10.150001525878906
10.118861198425293
10.064879417419434
9.993739128112793
10.034147262573242
10.035776138305664
10.029317855834961
10.010652542114258
9.995378494262695
9.97240161895752
9.972820281982422
9.974645614624023
9.95809555053711
9.958895683288574
9.954330444335938
9.960273742675781
9.94058609008789
9.957178115844727
9.93376636505127
9.964713096618652
9.981847763061523
9.964701652526855
9.94624137878418
9.981880187988281
9.981157302856445
9.953396797180176
9.963394165039062
9.97815227508545
9.985042572021484
9.921051025390625
9.950532913208008
9.994357109069824
9.984070777893066
9.976985931396484
10.001442909240723
9.998298645019531
9.962071418762207
9.973512649536133
9.998044967651367
9.983488082885742
9.94873046875
9.973186492919922
9.974979400634766
9.962331771850586
9.941291809082031
9.932811737060547
9.966550827026367
9.973865509033203
9.975311279296875
9.951079368591309
9.96552848815918
9.984743118286133
9.97658920288086
9.974194526672363
10.010026931762695
10.001537322998047
9.982629776000977
9.97111701965332
10.001712799072266
9.9642915725708
9.947196006774902
9.96776008605957
9.980669021606445
9.955903053283691
9.95322322845459
9.974802017211914
9.977729797363281
9.96768856048584
9.949252128601074
9.985197067260742
9.973106384277344
9.954507827758789
9.96120548248291
9.982321739196777
9.973480224609375
9.973973274230957
9.979903221130371
9.947419166564941
9.984289169311523
10.002561569213867
9.955510139465332
9.488603591918945
9.501434326171875
9.506397247314453
9.495930671691895
9.433235168457031
9.30203628540039
9.096380233764648
8.877053260803223
8.76951789855957
8.755897521972656
8.768653869628906
8.750619888305664
8.65497875213623
8.529733657836914
8.466681480407715
8.446500778198242
8.377574920654297
8.321558952331543
8.282907485961914
8.239790916442871
8.20691967010498
8.195859909057617
8.143832206726074
8.057820320129395
7.962917327880859
7.880998611450195
7.810717582702637
7.795340538024902
7.792839050292969
7.764614105224609
7.713079929351807
7.664907932281494
7.638925552368164
7.639926910400391
7.629181861877441
7.604578971862793
7.570115089416504
7.540155410766602
7.519006729125977
7.503085613250732
7.484380722045898
7.4658966064453125
7.465423583984375
7.467902183532715
7.458070755004883
7.439343452453613
7.422797203063965
7.410507678985596
7.398465156555176
7.389918804168701
7.386966705322266
7.385196208953857
7.379858493804932
7.370100021362305
7.362422943115234
7.3603925704956055
7.358132362365723
7.350703239440918
7.349520683288574
7.351954460144043
7.349471092224121
7.346012115478516
7.344967842102051
7.3417463302612305
7.340065002441406
7.340388774871826
7.337851524353027
7.332602024078369
7.329683303833008
7.328316688537598
7.327701091766357
7.327536582946777
7.326325416564941
7.322593688964844
7.322771072387695
7.32070779800415
7.322507381439209
7.322697639465332
7.32327938079834
7.32265567779541
7.323259353637695
7.321694374084473
7.319395065307617
7.320728302001953
7.319197177886963
7.318636894226074
7.317516803741455
7.318213939666748
7.317112922668457
7.317685604095459
7.31825065612793
7.315900802612305
7.314641952514648
7.315569877624512
7.314507961273193
7.313076496124268
7.314702033996582
7.314478874206543
7.313652038574219
7.313511371612549
7.313243865966797
7.312740325927734
7.313087463378906
7.312405586242676
7.311822891235352
7.312083721160889
7.312217712402344
7.311900615692139
7.311774730682373
7.311974048614502
7.312106132507324
7.312343597412109
7.312053203582764
7.312267303466797
7.311545372009277
7.311219215393066
7.310887813568115
7.311653137207031
7.31156587600708
7.311436176300049
7.311183452606201
7.311366081237793
7.311364650726318
7.311264991760254
7.3109893798828125
7.310912132263184
7.310608386993408
7.310538291931152
7.310185432434082
7.310515403747559
7.310242176055908
7.310524940490723
7.310945510864258
7.310604095458984
7.310685157775879
7.31035852432251
7.309786796569824
7.309637069702148
7.309780120849609
7.309765338897705
7.309717178344727
7.3094482421875
7.309929370880127
7.309914588928223
7.309844017028809
7.309810638427734
7.309483528137207
7.30932092666626
7.30918025970459
7.309384346008301
7.30949592590332
7.309211730957031
7.3093061447143555
7.309417724609375
7.30936336517334
7.309408187866211
7.309408187866211
7.308949947357178
7.308876037597656
7.308652400970459
7.308908939361572
7.3090996742248535
7.309159278869629
7.308760643005371
7.3093085289001465
7.309105396270752
7.309089660644531
7.309067726135254
7.308961868286133
7.308697700500488
7.3088483810424805
7.308954238891602
7.309331893920898
7.309106826782227
7.309325218200684
7.309243202209473
7.309142589569092
7.309052467346191
7.308843612670898
7.308903217315674
7.308592796325684
7.308854103088379
7.308984756469727
7.309169769287109
7.3091583251953125
7.309081077575684
7.308992385864258
7.308984279632568
7.309144973754883
7.308919906616211
7.308884143829346
7.309080600738525
7.309260368347168
7.309335708618164
7.308984279632568
7.309332847595215
7.309327125549316
7.30903959274292
7.308322906494141
7.308544158935547
7.308840751647949
7.308840751647949
7.3087921142578125
7.3091020584106445
7.30897331237793
7.308931350708008
7.308881759643555
7.309023857116699
7.3087687492370605
7.308776378631592
7.308722019195557
7.308734893798828
7.308457374572754
7.30848503112793
7.308696746826172
7.308933258056641
7.3086748123168945
7.308707237243652
7.308449745178223
7.3083953857421875
7.308128356933594
7.3083696365356445
7.30857515335083
7.308650016784668
7.3083648681640625
7.3085527420043945
7.3087286949157715
7.308692455291748
7.308579921722412
7.30857515335083
7.308363437652588
7.3083038330078125
7.308368682861328
7.308367729187012
7.308351993560791
7.3086018562316895
7.308706283569336
7.308380126953125
7.308529853820801
7.308308124542236
7.308037281036377
7.308070182800293
7.308253765106201
7.308560848236084
7.308791637420654
7.308511257171631
7.30869197845459
7.3086700439453125
7.308363914489746
7.308149337768555
7.308187484741211
7.3082170486450195
7.308208465576172
7.308268070220947
7.308414459228516
7.308692932128906
7.308570861816406
7.308562278747559
7.308310031890869
7.308187961578369
7.3079328536987305
7.308286666870117
7.308576583862305
7.3085737228393555
7.308238983154297
7.308056831359863
7.308737754821777
7.308453559875488
7.308207035064697
7.308215141296387
7.308154106140137
7.30814266204834
7.308129787445068
7.308152198791504
7.308071136474609
7.30832576751709
7.308313369750977
7.308293342590332
7.308315277099609
7.308372497558594
7.3083415031433105
7.308271408081055
7.3084516525268555
7.308189868927002
7.308158874511719
7.308097839355469
7.308551788330078
7.3082427978515625
7.308016300201416
7.307903289794922
7.307868957519531
7.307900428771973
7.308061122894287
7.30809211730957
7.308076858520508
7.308290481567383
7.308703899383545
7.308383941650391
7.30843448638916
0.6476638317108154
0.6410102248191833
0.6347348093986511
0.6287767291069031
0.6235082745552063
0.6186124086380005
0.6141533255577087
0.6100847721099854
0.6062390208244324
0.6026083827018738
0.5992034077644348
0.5959650278091431
0.5928354263305664
0.5899564623832703
0.58730548620224
0.584896981716156
0.5828266739845276
0.5810970664024353
0.5798869132995605
0.5792251825332642
0.5790931582450867
0.5792289972305298
0.5790377855300903
0.5787379145622253
0.5783289670944214
0.5778907537460327
0.5774424076080322
0.5769718885421753
0.5765742063522339
0.5762845873832703
0.5761436820030212
0.5761502385139465
0.576276957988739
0.5763434171676636
0.5763002038002014
0.5761656761169434
0.5759989023208618
0.5758073329925537
0.575612485408783
0.5755012035369873
0.5754680633544922
0.5754700303077698
0.5754991769790649
0.5754892826080322
0.5754156708717346
0.5753212571144104
0.5752513408660889
0.5751773118972778
0.5751494765281677
0.575136661529541
0.5751498937606812
0.5751373767852783
0.5750834345817566
0.5750607252120972
0.5750299096107483
0.5749958753585815
0.5749753713607788
0.5749788880348206
0.5749791860580444
0.5749762058258057
0.5749513506889343
0.5749237537384033
0.5749359130859375
0.5749570727348328
0.5749472975730896
0.5749208927154541
0.574903130531311
0.5748982429504395
0.5749197006225586
0.5749197006225586
0.5748908519744873
0.5748715400695801
0.5748632550239563
0.5748738646507263
0.5748802423477173
0.574866533279419
0.5748544335365295
0.5748509168624878
0.5748535990715027
0.574862003326416
0.5748506784439087
0.5748416185379028
0.5748514533042908
0.5748587846755981
0.5748547315597534
0.574856162071228
0.5748649835586548
0.5748613476753235
0.5748708844184875
0.5748679041862488
0.5748528242111206
0.5748598575592041
0.5748670101165771
0.5748674869537354
0.5748655200004578
0.574855625629425
0.574850857257843
0.574857771396637
0.5748707056045532
0.574861466884613
