16.388412475585938
15.847148895263672
15.30588150024414
14.764617919921875
14.22335147857666
13.682086944580078
13.140819549560547
12.599553108215332
12.058289527893066
11.517024993896484
10.97575855255127
10.434492111206055
10.448504447937012
10.322851181030273
9.893939971923828
9.24218463897705
8.966390609741211
8.827240943908691
8.640776634216309
8.413290977478027
8.150087356567383
7.855659484863281
7.533849716186523
7.187960624694824
6.820843696594238
6.43496036529541
6.032468795776367
5.849549293518066
5.6334733963012695
5.1681623458862305
4.927068710327148
4.739995002746582
4.516245365142822
4.259729385375977
4.442036151885986
4.376761436462402
4.032088756561279
4.322840213775635
4.587866306304932
4.7709150314331055
4.9427595138549805
4.924023628234863
4.908405303955078
4.839653015136719
4.723183631896973
4.563861846923828
4.366041660308838
4.133632659912109
3.8701400756835938
4.079842567443848
4.093235969543457
4.0543212890625
4.119144439697266
4.123127460479736
4.388411521911621
4.417032241821289
4.178452491760254
4.2532219886779785
4.298041820526123
4.284135818481445
4.43890380859375
4.356250286102295
4.026544094085693
3.8108303546905518
4.047934532165527
4.015559196472168
3.746689796447754
4.022729396820068
4.210776329040527
4.144576072692871
3.8542284965515137
3.967228651046753
4.313992023468018
4.431377410888672
4.309934616088867
3.977085590362549
3.835749626159668
4.079434394836426
4.077787399291992
3.8582892417907715
3.875790596008301
4.166901111602783
4.235831260681152
4.082038879394531
3.7301719188690186
4.0906758308410645
4.351894378662109
4.375295639038086
4.186713695526123
3.8091704845428467
4.0296196937561035
4.311895370483398
4.358767032623291
4.195494651794434
3.8446247577667236
3.9665207862854004
4.22843074798584
4.261151313781738
4.088996410369873
3.877824544906616
3.9342269897460938
3.947795867919922
3.9399430751800537
3.9129347801208496
3.86879301071167
3.8093268871307373
3.783334732055664
3.7943198680877686
3.798793315887451
3.7974133491516113
3.790752649307251
3.7793471813201904
3.7723288536071777
3.7649989128112793
3.7382469177246094
3.695066213607788
3.666163921356201
3.6900312900543213
3.7113890647888184
3.710538148880005
3.7043557167053223
3.70635986328125
3.702749252319336
3.694087266921997
3.717090129852295
3.7261009216308594
3.714034080505371
3.683100700378418
3.688971757888794
3.695312261581421
3.7091240882873535
3.701484203338623
3.674635410308838
3.6622390747070312
3.68192195892334
3.6797733306884766
3.658057689666748
3.6740095615386963
3.68953800201416
3.6838085651397705
3.6590323448181152
3.675642728805542
3.6936850547790527
3.6903858184814453
3.6679491996765137
3.664468288421631
3.680628538131714
3.6757752895355225
3.6631927490234375
3.6645426750183105
37.11078643798828
36.60763168334961
35.88496398925781
35.02432632446289
34.068450927734375
33.041561126708984
31.961395263671875
30.842056274414062
29.694658279418945
28.527368545532227
27.344093322753906
26.151371002197266
24.953676223754883
23.751752853393555
22.54962730407715
21.353246688842773
20.213111877441406
19.164674758911133
18.16794776916504
17.205608367919922
16.3464412689209
15.672642707824707
15.106525421142578
14.585140228271484
14.077333450317383
13.575373649597168
13.077608108520508
12.572905540466309
12.062844276428223
11.554288864135742
11.062023162841797
10.578971862792969
10.095425605773926
9.611773490905762
9.146585464477539
8.748289108276367
8.418493270874023
8.126802444458008
7.858210563659668
7.625452995300293
7.453390121459961
7.312380790710449
7.1558427810668945
6.973752975463867
6.770532608032227
6.569999694824219
6.402496814727783
6.270778179168701
6.161953926086426
6.059706687927246
5.9487409591674805
5.827548027038574
5.692296028137207
5.55279541015625
5.426974296569824
5.333647727966309
5.260251045227051
5.202142715454102
5.171597480773926
5.1519389152526855
5.120171070098877
5.08083963394165
5.047178745269775
5.033849716186523
5.029695987701416
5.024974822998047
5.014588356018066
4.996035099029541
4.970902442932129
4.942075729370117
4.917450904846191
4.895920753479004
4.877784729003906
4.86821174621582
4.863309860229492
4.856005668640137
4.846494197845459
4.836511611938477
4.832693099975586
4.829710006713867
4.826135635375977
4.821367263793945
4.815455913543701
4.809105396270752
4.803091049194336
4.798098087310791
4.796485900878906
4.796947002410889
4.796586513519287
4.795090675354004
4.791344165802002
4.787158966064453
4.782709121704102
4.77861213684082
4.776190757751465
4.7753400802612305
4.775321960449219
4.77516508102417
4.777244567871094
4.777392864227295
4.775331497192383
4.776614189147949
4.776310920715332
4.773076057434082
4.7710418701171875
4.771510124206543
4.7704315185546875
4.771049499511719
4.771625995635986
4.771477699279785
4.770650863647461
4.7696027755737305
4.767856597900391
4.768226146697998
4.7671637535095215
4.767470359802246
4.767404079437256
4.7675251960754395
4.766958713531494
4.7666401863098145
4.766740798950195
4.766506195068359
4.7657880783081055
4.766867637634277
4.766653060913086
4.76634407043457
4.7661967277526855
4.765739440917969
4.765633583068848
4.765591621398926
4.766081809997559
4.765617370605469
4.765466690063477
4.766262531280518
4.765069007873535
4.766409397125244
4.766848564147949
4.765308856964111
4.765276908874512
4.765329360961914
4.764691352844238
4.765344619750977
4.764116287231445
4.765464782714844
4.765113830566406
4.7649431228637695
4.7647552490234375
4.765110969543457
4.765148162841797
4.764105319976807
4.76593017578125
4.765844345092773
4.765516757965088
4.76497745513916
4.764252185821533
4.763623237609863
4.763557434082031
4.763999938964844
4.764203071594238
4.764188289642334
4.763978481292725
4.76359748840332
4.763532638549805
4.7636566162109375
4.76371955871582
4.763724327087402
4.763680934906006
4.763588905334473
4.763453483581543
4.763297080993652
4.7630534172058105
4.762858867645264
4.762978553771973
4.762897491455078
4.762825965881348
4.763059616088867
4.763079643249512
4.762856960296631
4.762775897979736
4.763011932373047
4.76303768157959
4.762876033782959
4.762537956237793
4.7626729011535645
4.762874603271484
4.762838840484619
4.762652397155762
4.762535095214844
4.762573719024658
4.762638092041016
4.762501239776611
4.762388229370117
4.762404918670654
4.762499809265137
4.762363433837891
4.762239456176758
4.762307643890381
4.762180328369141
4.762260913848877
4.7622809410095215
4.762065887451172
4.762267589569092
4.7623701095581055
4.76227331161499
4.762004852294922
4.762041091918945
4.762022495269775
4.761957168579102
4.761849403381348
4.761902332305908
4.761946201324463
4.761920928955078
4.76198673248291
4.761861324310303
4.7618207931518555
4.761855602264404
4.761690139770508
4.761800765991211
4.761832237243652
4.761741638183594
4.761666774749756
4.761762619018555
4.761778354644775
4.761600017547607
4.7616472244262695
4.761707305908203
4.761676788330078
4.761566162109375
4.76143217086792
4.761697769165039
4.761763572692871
4.761634826660156
4.761331081390381
4.761540412902832
4.761728286743164
4.761663436889648
4.761367321014404
4.761255741119385
4.761416435241699
4.761371612548828
4.761178970336914
4.761199474334717
4.76116943359375
4.761091709136963
4.76107120513916
4.760968208312988
4.761116981506348
4.761144638061523
4.760934829711914
4.761115074157715
4.761233329772949
4.761166095733643
4.760926246643066
4.761078834533691
4.761234283447266
4.761150360107422
4.760909557342529
4.760975360870361
4.76106071472168
4.760951042175293
4.760956287384033
4.761015892028809
4.761101722717285
4.760973930358887
4.760840892791748
4.76116943359375
4.7612996101379395
4.761230945587158
4.760984897613525
4.760918617248535
4.761087417602539
4.761016845703125
4.760838508605957
4.761009216308594
4.7610883712768555
4.760977745056152
4.760856628417969
4.760915756225586
4.76089334487915
4.760830879211426
4.760812759399414
4.760776996612549
4.760917663574219
4.760918617248535
4.760807991027832
4.760903358459473
4.76084041595459
4.760805606842041
4.760956764221191
4.760863304138184
4.760777473449707
4.760951995849609
4.760930061340332
4.760835647583008
4.760867118835449
4.7608537673950195
4.760790824890137
4.760740756988525
4.760744571685791
4.76082706451416
4.760834693908691
4.76078987121582
4.760854721069336
4.760766983032227
4.7608113288879395
4.760843753814697
4.760824203491211
4.760867595672607
4.760860443115234
4.760805130004883
4.760860443115234
4.760807514190674
4.760746955871582
4.760875701904297
4.760807991027832
4.760775566101074
4.760833740234375
4.760735988616943
4.7607741355896
4.760698318481445
4.760813236236572
4.760841369628906
4.760739326477051
4.760776996612549
4.7607645988464355
4.760707855224609
4.760723114013672
4.760695457458496
4.760761737823486
4.760650634765625
4.760666370391846
4.760695934295654
4.7606201171875
4.760684013366699
4.760653495788574
4.760776519775391
4.760740280151367
4.76069974899292
4.760758399963379
4.7606940269470215
4.760639190673828
4.760611534118652
4.760622978210449
4.760733604431152
4.760673999786377
4.760772705078125
4.760818958282471
4.760685920715332
4.7606706619262695
4.760610580444336
185.90577697753906
166.04702758789062
145.83970642089844
126.08065795898438
109.25923919677734
95.60325622558594
86.67032623291016
76.38255310058594
67.69597625732422
60.97998809814453
53.70015335083008
46.413360595703125
41.72777557373047
38.653343200683594
34.45392990112305
27.84710693359375
21.857267379760742
17.219764709472656
15.31953239440918
16.266374588012695
18.472383499145508
20.886035919189453
22.119462966918945
22.090789794921875
20.65387725830078
20.14893341064453
19.698095321655273
17.829662322998047
15.914648056030273
13.568631172180176
13.096145629882812
13.41766357421875
13.814506530761719
13.599150657653809
12.814458847045898
12.240303039550781
12.737116813659668
12.365798950195312
11.675713539123535
11.051423072814941
11.382363319396973
11.739669799804688
11.932002067565918
11.500689506530762
11.087782859802246
10.749476432800293
10.814962387084961
10.914139747619629
11.087743759155273
10.296865463256836
9.481844902038574
9.740106582641602
10.140132904052734
10.334253311157227
9.834854125976562
9.862953186035156
9.356968879699707
9.87850570678711
9.936492919921875
9.082630157470703
9.150040626525879
9.531058311462402
9.441401481628418
9.112167358398438
9.15477180480957
9.469990730285645
9.312440872192383
9.219949722290039
8.982870101928711
9.59009075164795
9.559192657470703
9.064688682556152
9.227460861206055
9.543868064880371
9.393543243408203
9.156115531921387
9.122607231140137
9.361241340637207
9.36239242553711
9.051918029785156
9.148368835449219
9.865365028381348
9.673681259155273
9.15201187133789
9.396434783935547
9.797407150268555
9.933716773986816
9.736676216125488
9.652322769165039
9.522982597351074
9.787591934204102
9.78317928314209
9.900837898254395
9.88001823425293
9.505643844604492
9.452544212341309
9.692261695861816
9.862322807312012
9.71959400177002
9.55544376373291
9.703983306884766
9.855202674865723
10.058318138122559
9.416651725769043
9.115729331970215
9.736149787902832
10.26683521270752
9.691437721252441
9.507335662841797
9.530540466308594
9.817660331726074
9.6472806930542
9.621302604675293
9.48042106628418
9.578466415405273
9.677490234375
9.618040084838867
9.566987037658691
9.405229568481445
9.25776481628418
9.006741523742676
9.48298168182373
9.743560791015625
9.037628173828125
8.98018741607666
8.991500854492188
9.494556427001953
9.269793510437012
9.22865104675293
9.516834259033203
9.786383628845215
9.159565925598145
9.21430492401123
9.231182098388672
8.955242156982422
9.485163688659668
9.484752655029297
9.568964958190918
9.713130950927734
9.396635055541992
8.944780349731445
9.743537902832031
9.65632438659668
9.076383590698242
9.133346557617188
9.798567771911621
9.669918060302734
9.591955184936523
9.745133399963379
9.562751770019531
15.20091724395752
14.946636199951172
14.509766578674316
13.992376327514648
13.570326805114746
13.235748291015625
13.132011413574219
13.18490219116211
13.157503128051758
13.153281211853027
13.062849044799805
12.97962474822998
12.992692947387695
13.005008697509766
12.95761775970459
12.868239402770996
12.760542869567871
12.776229858398438
12.75485897064209
12.700276374816895
12.72618579864502
12.693915367126465
12.667360305786133
12.60118293762207
12.525664329528809
12.535083770751953
12.513806343078613
12.476790428161621
12.39555549621582
12.435131072998047
12.433134078979492
12.394174575805664
12.36064624786377
12.334391593933105
12.372299194335938
12.383401870727539
12.383430480957031
12.374444961547852
12.338847160339355
12.350958824157715
12.3536376953125
12.328155517578125
12.356293678283691
12.316984176635742
12.320961952209473
12.326385498046875
12.324224472045898
12.313491821289062
12.28701400756836
12.258302688598633
14.55325698852539
15.484111785888672
15.019613265991211
14.516684532165527
14.304325103759766
14.306612014770508
14.197925567626953
14.022497177124023
13.778748512268066
13.424821853637695
13.144102096557617
12.881391525268555
12.756007194519043
12.681581497192383
12.581132888793945
12.59963607788086
12.580572128295898
12.596468925476074
12.653411865234375
12.64671516418457
12.692741394042969
12.69124698638916
12.626046180725098
12.544788360595703
12.543453216552734
12.516542434692383
12.50902271270752
12.516838073730469
12.488304138183594
12.428165435791016
12.435908317565918
12.438191413879395
12.42618179321289
12.450040817260742
12.430910110473633
12.41337776184082
12.399171829223633
12.375017166137695
12.392680168151855
12.388482093811035
12.365660667419434
12.355557441711426
12.355125427246094
12.365873336791992
12.38571834564209
12.380959510803223
12.380428314208984
12.370744705200195
12.30607795715332
12.38952922821045
12.371627807617188
12.40920639038086
12.405509948730469
12.366291046142578
12.328688621520996
12.364265441894531
12.405416488647461
12.437837600708008
12.341110229492188
12.320938110351562
12.436558723449707
12.475013732910156
12.440656661987305
12.359722137451172
12.371156692504883
12.410574913024902
12.3989896774292
12.444474220275879
12.36168384552002
12.333508491516113
12.375823974609375
12.411249160766602
12.381160736083984
12.371268272399902
12.352558135986328
12.362411499023438
12.371140480041504
12.311400413513184
12.307997703552246
12.345699310302734
12.361045837402344
12.328213691711426
12.295467376708984
12.29897689819336
12.309954643249512
12.359637260437012
12.348172187805176
12.325835227966309
12.302421569824219
12.330172538757324
12.32643985748291
12.294965744018555
12.270543098449707
12.264785766601562
12.302910804748535
12.336751937866211
12.310409545898438
12.291244506835938
12.325818061828613
12.326303482055664
12.33523941040039
11.532074928283691
11.11777114868164
10.820124626159668
10.688735008239746
10.698089599609375
10.756965637207031
10.855415344238281
11.010139465332031
11.144949913024902
11.23600959777832
11.249685287475586
11.1815185546875
11.0697021484375
10.946044921875
10.83072566986084
10.690624237060547
10.519889831542969
10.33150577545166
10.154378890991211
10.118020057678223
10.197010040283203
10.260116577148438
10.295116424560547
10.261488914489746
10.183151245117188
10.053248405456543
9.931313514709473
9.811579704284668
9.764331817626953
9.777284622192383
9.766524314880371
9.735584259033203
9.67531967163086
9.59969711303711
9.536049842834473
9.485411643981934
9.471957206726074
9.464570999145508
9.459821701049805
9.432767868041992
9.383069038391113
9.361372947692871
9.359434127807617
9.36711597442627
9.380855560302734
9.364824295043945
9.347023010253906
9.343442916870117
9.339922904968262
9.331177711486816
9.314489364624023
9.287352561950684
9.27067756652832
9.264270782470703
9.252967834472656
9.23311996459961
9.218840599060059
9.208861351013184
9.198318481445312
9.199621200561523
9.19770336151123
9.191046714782715
9.187943458557129
9.182232856750488
9.174468040466309
9.176013946533203
9.176206588745117
9.174610137939453
9.181096076965332
9.185576438903809
9.184138298034668
9.183175086975098
9.179492950439453
9.178638458251953
9.174995422363281
9.171746253967285
9.173206329345703
9.165987014770508
9.160608291625977
9.155450820922852
9.15579605102539
9.154831886291504
9.15088939666748
9.15040397644043
9.149307250976562
9.144558906555176
9.146431922912598
9.144962310791016
9.14085578918457
9.140389442443848
9.138092041015625
9.134199142456055
9.137149810791016
9.140180587768555
9.136147499084473
9.135116577148438
9.138943672180176
9.135457038879395
9.133000373840332
9.131078720092773
9.126235961914062
9.12558364868164
9.125956535339355
9.122982025146484
9.119449615478516
9.119526863098145
9.11724853515625
9.1181001663208
9.116209983825684
9.117627143859863
9.116643905639648
9.113639831542969
9.1128511428833
9.11168098449707
9.106801986694336
9.106362342834473
9.106073379516602
9.105672836303711
9.10251235961914
9.102616310119629
9.102946281433105
9.104009628295898
9.105813980102539
9.104464530944824
9.102729797363281
9.101264953613281
9.100432395935059
9.100854873657227
9.099178314208984
9.098380088806152
9.097064018249512
9.09622573852539
9.095125198364258
9.09603214263916
9.097262382507324
9.097967147827148
9.097676277160645
9.09963607788086
9.099361419677734
9.097833633422852
9.100934028625488
9.101678848266602
9.09941577911377
9.098905563354492
9.098352432250977
9.097102165222168
9.096417427062988
9.097200393676758
9.095575332641602
9.09498119354248
9.094751358032227
9.095211029052734
9.094210624694824
9.09521770477295
9.094882011413574
9.095941543579102
9.096399307250977
9.096541404724121
9.097216606140137
9.09773063659668
9.095455169677734
9.096665382385254
9.096673965454102
9.095904350280762
9.095830917358398
9.096614837646484
9.094660758972168
9.094286918640137
9.093083381652832
9.093339920043945
9.094708442687988
9.094064712524414
9.09798812866211
9.09640884399414
9.100107192993164
9.099556922912598
9.100566864013672
9.09841251373291
9.096220970153809
9.097101211547852
9.094337463378906
9.095356941223145
9.094233512878418
9.095155715942383
9.094396591186523
9.094557762145996
9.094587326049805
9.095951080322266
9.096162796020508
9.09468936920166
9.094809532165527
9.094524383544922
9.09724235534668
9.100675582885742
9.100736618041992
9.100784301757812
9.09961223602295
9.10054874420166
9.09972095489502
9.097533226013184
9.09943962097168
9.099400520324707
9.098515510559082
9.095611572265625
9.095020294189453
9.095067977905273
9.09438705444336
9.09548282623291
9.0947904586792
9.094253540039062
9.09427547454834
9.096023559570312
9.097831726074219
9.097498893737793
9.0972261428833
9.098580360412598
9.097966194152832
9.09725570678711
9.0975923538208
9.097139358520508
9.094597816467285
9.094230651855469
9.092914581298828
9.09167194366455
9.092241287231445
9.093114852905273
9.092448234558105
9.091446876525879
9.092415809631348
9.094137191772461
9.093659400939941
9.094226837158203
9.094758033752441
9.09584903717041
9.095678329467773
9.094683647155762
9.095233917236328
9.096146583557129
9.095922470092773
9.096961975097656
9.09516716003418
9.095317840576172
9.094005584716797
9.093141555786133
9.093074798583984
9.09321403503418
9.094279289245605
9.092406272888184
9.094563484191895
9.095025062561035
9.093500137329102
9.093334197998047
9.093679428100586
9.094568252563477
9.095917701721191
9.09615707397461
9.09622573852539
9.095417976379395
9.096175193786621
9.095438957214355
9.097131729125977
9.097780227661133
9.097747802734375
9.096929550170898
9.096797943115234
9.096223831176758
9.096765518188477
9.096846580505371
9.096563339233398
9.095504760742188
9.093756675720215
9.094042778015137
9.092226028442383
9.092415809631348
9.095841407775879
9.094526290893555
9.096007347106934
9.094234466552734
9.093259811401367
9.095366477966309
9.096236228942871
9.096892356872559
9.097118377685547
9.09787368774414
9.0972900390625
9.10073471069336
9.098664283752441
9.09699821472168
9.096393585205078
9.096305847167969
9.09762954711914
9.098377227783203
9.098626136779785
9.09849739074707
9.096454620361328
9.096447944641113
9.096267700195312
9.096179008483887
9.095355987548828
0.7861248254776001
0.7778668403625488
0.7699026465415955
0.76247638463974
0.755711555480957
0.7495377659797668
0.7438915371894836
0.7387034893035889
0.7339380979537964
0.7296016216278076
0.7256363034248352
0.7221269607543945
0.7190459966659546
0.7164482474327087
0.7143583297729492
0.7128094434738159
0.711920440196991
0.7115663886070251
0.7117537260055542
0.7121964693069458
0.712543249130249
0.7124635577201843
0.7119781374931335
0.7113326787948608
0.7105565667152405
0.7097553014755249
0.7089762687683105
0.7082390785217285
0.7076379656791687
0.707243025302887
0.707091748714447
0.707100510597229
0.7072353959083557
0.7072741389274597
0.7071336507797241
0.7069007754325867
0.7066325545310974
0.7063331604003906
0.7060620784759521
0.7058860659599304
0.7058058977127075
0.7057849764823914
0.7058029174804688
0.7057745456695557
0.7056653499603271
0.7055425643920898
0.7054684162139893
0.7053651809692383
0.7052823305130005
0.705208957195282
0.7052122950553894
0.70523601770401
0.7052048444747925
0.7051668167114258
0.7050745487213135
0.70497727394104
0.7049481868743896
0.70499187707901
0.7050135135650635
0.705005407333374
0.7049363851547241
0.7048676609992981
0.7048618793487549
0.7049055099487305
0.7049161791801453
0.7048890590667725
0.704868495464325
0.7048524022102356
0.7048599720001221
0.704848051071167
0.7048139572143555
0.7048161625862122
0.7048348784446716
0.7048282623291016
0.704806387424469
0.7047806978225708
0.704768180847168
0.7047868967056274
0.7047938108444214
0.7047796845436096
0.7047597169876099
0.7047559022903442
0.704746425151825
0.7047686576843262
0.7047809958457947
0.7047781944274902
0.704784095287323
0.7047649621963501
0.7047943472862244
0.704795241355896
0.7047684788703918
0.7047737836837769
0.7047978639602661
0.7047980427742004
0.7047885656356812
0.7047746181488037
0.7047629356384277
0.7047484517097473
0.7047573328018188
0.7047468423843384
