12.214675903320312
11.67341136932373
11.132144927978516
10.59088134765625
10.049613952636719
9.508350372314453
8.967083930969238
8.425816535949707
7.884552955627441
7.343289375305176
6.802022457122803
6.26075553894043
5.719491958618164
5.17822790145874
4.636960983276367
4.095694541931152
4.545906066894531
4.423715114593506
3.9998559951782227
3.351743459701538
2.620880365371704
3.435169219970703
3.784489631652832
3.777843713760376
3.4893319606781006
3.328345775604248
3.4740283489227295
3.5467803478240967
3.5547361373901367
3.505053997039795
3.404040575027466
3.3702359199523926
3.113797187805176
2.8454885482788086
3.0123472213745117
3.1967103481292725
3.1154184341430664
2.868969678878784
2.846179962158203
3.038933753967285
3.117880344390869
2.951910972595215
2.8947086334228516
2.9241890907287598
3.068162441253662
3.0191330909729004
2.7462096214294434
2.8675765991210938
3.0623526573181152
3.0162289142608643
2.7579216957092285
2.832627296447754
3.0157864093780518
2.9670820236206055
2.7683839797973633
2.796119451522827
2.766798496246338
2.753488779067993
2.5858163833618164
2.6734976768493652
2.6453256607055664
2.7512476444244385
2.6834845542907715
2.732795476913452
2.7658491134643555
2.5981574058532715
2.773480176925659
2.758854627609253
2.671626091003418
2.8589189052581787
2.8787522315979004
2.690920352935791
2.8269946575164795
2.9572339057922363
2.871243715286255
2.659142017364502
2.859015703201294
2.931849718093872
2.7962982654571533
2.67041015625
2.7590975761413574
2.668863534927368
2.6661767959594727
2.6096270084381104
2.6507110595703125
2.680964708328247
2.829800605773926
2.7973010540008545
2.789762496948242
2.815234661102295
2.8145580291748047
2.7018144130706787
2.6238739490509033
2.632659673690796
2.6721537113189697
2.688565731048584
2.6839077472686768
2.6255874633789062
2.6261985301971436
2.668023109436035
2.6515378952026367
2.644641637802124
2.633021831512451
2.6441545486450195
2.6400179862976074
2.6157379150390625
2.608811855316162
2.6061906814575195
2.6288061141967773
2.6298999786376953
2.6102752685546875
2.5960774421691895
2.608966827392578
2.6227474212646484
2.6208014488220215
2.610036849975586
2.5998785495758057
2.6005239486694336
2.6054859161376953
2.5894641876220703
2.5904922485351562
2.601318120956421
2.5906965732574463
2.5854439735412598
2.605757236480713
2.604764699935913
2.583664655685425
2.6006011962890625
2.6155948638916016
2.6090054512023926
2.5830836296081543
2.605316162109375
2.6242196559906006
2.6213316917419434
2.5989174842834473
2.5861546993255615
2.602259874343872
2.597033977508545
2.577564239501953
2.5890378952026367
2.5842368602752686
2.5848746299743652
2.586808681488037
2.583134174346924
2.5976598262786865
2.5974035263061523
2.5785951614379883
2.5799379348754883
2.5750250816345215
2.57578182220459
33.736541748046875
33.21671676635742
32.51872253417969
31.69696807861328
30.798381805419922
29.836780548095703
28.827585220336914
27.783300399780273
26.714693069458008
25.632179260253906
24.536949157714844
23.430307388305664
22.31977653503418
21.209077835083008
20.10033416748047
18.991050720214844
17.911640167236328
16.93218421936035
16.01190757751465
15.17210865020752
14.435283660888672
13.758672714233398
13.125310897827148
12.528061866760254
11.960368156433105
11.406072616577148
10.856657028198242
10.318737983703613
9.790094375610352
9.296481132507324
8.847614288330078
8.426910400390625
8.024023056030273
7.629104137420654
7.241650581359863
6.868641376495361
6.534473419189453
6.238344669342041
5.970743179321289
5.753355979919434
5.583688259124756
5.428707122802734
5.267175197601318
5.096758842468262
4.914434432983398
4.724470138549805
4.53464412689209
4.369321823120117
4.243321418762207
4.144120216369629
4.055273056030273
3.9650633335113525
3.8646111488342285
3.7605056762695312
3.6687211990356445
3.5957202911376953
3.5458600521087646
3.51440691947937
3.4876961708068848
3.453671455383301
3.4081366062164307
3.355445384979248
3.299313545227051
3.2448129653930664
3.203578472137451
3.1840786933898926
3.179698944091797
3.177954912185669
3.1711268424987793
3.160630464553833
3.1493489742279053
3.138054370880127
3.126232624053955
3.111863613128662
3.101719379425049
3.0886480808258057
3.0720953941345215
3.056971311569214
3.0472960472106934
3.0451109409332275
3.0461585521698
3.045578956604004
3.0422420501708984
3.0385587215423584
3.0322105884552
3.024782657623291
3.017845630645752
3.013343334197998
3.010128974914551
3.0089292526245117
3.0074985027313232
3.0073461532592773
3.0056352615356445
3.0062062740325928
3.0042126178741455
3.000654935836792
2.9981424808502197
2.9970741271972656
2.997239828109741
2.9962992668151855
2.9956865310668945
2.9951512813568115
2.9947054386138916
2.9944591522216797
2.994124174118042
2.992582321166992
2.991302013397217
2.990657329559326
2.991024971008301
2.991109609603882
2.9903759956359863
2.991119146347046
2.9907240867614746
2.9894537925720215
2.990351915359497
2.989192485809326
2.98982834815979
2.9901580810546875
2.988687038421631
2.9883487224578857
2.9877853393554688
2.989046096801758
2.989098310470581
2.9871506690979004
2.9871890544891357
2.986830711364746
2.986626148223877
2.9866418838500977
2.9872992038726807
2.9869883060455322
2.9872491359710693
2.9871339797973633
2.9869229793548584
2.9879705905914307
2.9870388507843018
2.9863829612731934
2.986569881439209
2.9859015941619873
2.987647294998169
2.9876019954681396
2.985628128051758
2.985603094100952
2.9856796264648438
2.9854846000671387
2.985753297805786
2.985400438308716
2.9865381717681885
2.9855144023895264
2.9859676361083984
2.986438274383545
2.9850378036499023
2.9850189685821533
2.984945058822632
2.9848175048828125
2.984761953353882
2.984631299972534
2.984541654586792
2.984473466873169
2.9843595027923584
2.984200954437256
2.9840006828308105
2.9839563369750977
2.983812093734741
2.983867645263672
2.9839231967926025
2.9840281009674072
2.9840755462646484
2.9840545654296875
2.9839718341827393
2.9838321208953857
2.9837331771850586
2.9835877418518066
2.983461856842041
2.9834883213043213
2.9833691120147705
2.98339581489563
2.9833614826202393
2.9832754135131836
2.9833004474639893
2.9831807613372803
2.9833273887634277
2.983351707458496
2.983149528503418
2.9831833839416504
2.9832475185394287
2.9831511974334717
2.9829397201538086
2.9829235076904297
2.9829630851745605
2.9829022884368896
2.982926845550537
2.9830024242401123
2.982884645462036
2.9827721118927
2.982924222946167
2.9828624725341797
2.9826807975769043
2.982668161392212
2.9825735092163086
2.982598066329956
2.9825644493103027
2.9825570583343506
2.9825022220611572
2.9824349880218506
2.98237943649292
2.9823718070983887
2.9824323654174805
2.9823126792907715
2.9822604656219482
2.9822428226470947
2.9822239875793457
2.982217788696289
2.982177972793579
2.9821131229400635
2.98207688331604
2.9820728302001953
2.982102870941162
2.982055425643921
2.9820096492767334
2.9819488525390625
2.982008695602417
2.981931209564209
2.982004404067993
2.9820797443389893
2.981992483139038
2.9819045066833496
2.9817757606506348
2.981708288192749
2.9817235469818115
2.981699228286743
2.981687307357788
2.981635570526123
2.9815945625305176
2.9815196990966797
2.981649398803711
2.9815773963928223
2.9815216064453125
2.981518268585205
2.9815564155578613
2.9814891815185547
2.981450319290161
2.9813597202301025
2.9813568592071533
2.981301784515381
2.9814178943634033
2.9813344478607178
2.9813294410705566
2.981412410736084
2.9813456535339355
2.9811244010925293
2.9812843799591064
2.9812965393066406
2.981193780899048
2.981153726577759
2.9811573028564453
2.981182336807251
2.981149911880493
2.9811577796936035
2.981053352355957
2.9810712337493896
2.9811534881591797
2.9811959266662598
2.981208324432373
2.9810972213745117
2.981194257736206
2.981163263320923
2.981070041656494
2.9812917709350586
2.981325149536133
2.98115873336792
2.9811978340148926
2.981383800506592
2.9814000129699707
2.981196641921997
2.981102705001831
2.981243848800659
2.981170177459717
2.9811275005340576
2.981156826019287
2.9811129570007324
2.981027126312256
2.981062650680542
2.981065273284912
2.9810597896575928
2.9811506271362305
2.981060266494751
2.981105089187622
2.981152296066284
2.9809999465942383
2.9811949729919434
2.981285572052002
2.9811534881591797
2.9810147285461426
2.981337070465088
2.981449842453003
2.981351375579834
2.9810686111450195
2.981182098388672
2.9813830852508545
2.9813499450683594
2.981113910675049
2.981008768081665
2.9812378883361816
2.981316566467285
2.981186628341675
2.9809200763702393
2.981241464614868
2.981330394744873
2.98120379447937
2.9809069633483887
2.9812090396881104
2.981321334838867
2.9812259674072266
2.9809467792510986
2.9812355041503906
2.9814367294311523
2.9814043045043945
2.9811642169952393
2.9809534549713135
2.981121301651001
2.9810802936553955
2.9809184074401855
2.980966091156006
2.980905532836914
2.98089599609375
2.9808602333068848
2.9809730052948
2.9808743000030518
2.98106050491333
2.9811177253723145
2.980977773666382
2.9809646606445312
2.981043815612793
2.980931520462036
2.980872392654419
2.980858087539673
2.980865001678467
2.980902671813965
2.980849266052246
2.9809932708740234
2.9810214042663574
2.9809014797210693
2.9809393882751465
2.980910539627075
2.980876922607422
2.98087739944458
2.9808757305145264
2.980959177017212
2.980865001678467
2.9808294773101807
108.22891235351562
103.66571044921875
98.9054946899414
94.24449920654297
90.1784896850586
87.291259765625
84.64212036132812
81.91938018798828
79.563232421875
76.86141204833984
74.10948944091797
71.42644500732422
68.63949584960938
65.95416259765625
63.4938850402832
61.18167495727539
58.8020133972168
56.63383483886719
54.455020904541016
52.361045837402344
50.40892028808594
48.282691955566406
46.04780197143555
43.864559173583984
41.61071014404297
39.62338638305664
37.70597457885742
35.81040573120117
34.01148986816406
32.622982025146484
31.197376251220703
29.60186195373535
28.368833541870117
26.91340446472168
25.392850875854492
23.803369522094727
22.66031265258789
21.43773651123047
20.07535171508789
18.999988555908203
17.911205291748047
16.741405487060547
15.608072280883789
14.500852584838867
13.354082107543945
12.242258071899414
11.668298721313477
11.002219200134277
10.106637001037598
9.117321014404297
8.040329933166504
7.025577545166016
6.146492004394531
5.657594680786133
5.456547737121582
5.252872943878174
5.155398368835449
5.276412010192871
5.250797748565674
5.2343902587890625
5.435423374176025
5.554240703582764
5.514584541320801
5.285501956939697
5.160970687866211
5.152194023132324
5.189961910247803
5.069955825805664
5.126588344573975
5.10228157043457
4.856197357177734
4.5956573486328125
4.5256500244140625
4.330847263336182
4.231470584869385
4.3116655349731445
4.2018232345581055
4.035326957702637
3.9690349102020264
3.932744264602661
3.905513048171997
3.841301202774048
3.8618688583374023
3.669693946838379
3.5617241859436035
3.5854411125183105
3.5814714431762695
3.4980547428131104
3.4181275367736816
3.372103214263916
3.414710283279419
3.396679401397705
3.3991315364837646
3.397737741470337
3.2812743186950684
3.2546961307525635
3.315753936767578
3.3329806327819824
3.3635168075561523
3.2410221099853516
3.274146795272827
3.2701077461242676
3.2247636318206787
3.1695215702056885
3.13232421875
3.201399803161621
3.205233097076416
3.0992681980133057
3.0583302974700928
3.195976734161377
3.316474199295044
3.1552672386169434
3.0464775562286377
3.0253310203552246
3.0709681510925293
3.054675340652466
3.0154693126678467
2.9474785327911377
2.826580047607422
2.829615831375122
2.841444730758667
2.8457798957824707
2.813891887664795
2.848641872406006
2.8506076335906982
2.815225839614868
2.7040958404541016
2.8021175861358643
2.8752710819244385
2.86563777923584
2.734328508377075
2.681389331817627
2.78277325630188
2.792189598083496
2.665757894515991
2.679108142852783
2.7204837799072266
2.775615930557251
2.8093628883361816
2.8311567306518555
2.7708754539489746
2.756855010986328
2.7372100353240967
2.7017834186553955
2.6351726055145264
2.49324631690979
2.627413511276245
2.6939258575439453
2.6456704139709473
2.650038242340088
27.090412139892578
26.98806381225586
26.84265899658203
26.687780380249023
26.53742027282715
26.413808822631836
26.298105239868164
26.218883514404297
26.154926300048828
26.09910774230957
26.04332733154297
25.991071701049805
25.948833465576172
25.92277717590332
25.911222457885742
25.91039276123047
25.906099319458008
25.890853881835938
25.869325637817383
25.839916229248047
25.810380935668945
25.781658172607422
25.75619888305664
25.735517501831055
25.7227725982666
25.72718048095703
25.736217498779297
25.739307403564453
25.738338470458984
25.737028121948242
25.733036041259766
25.727420806884766
25.720661163330078
25.719615936279297
25.713001251220703
25.71280288696289
25.71514320373535
25.717933654785156
25.724515914916992
25.725385665893555
25.729103088378906
25.726829528808594
25.727724075317383
25.72454833984375
25.713272094726562
25.710012435913086
25.70888900756836
25.70349884033203
25.698421478271484
25.696060180664062
25.694908142089844
25.691484451293945
25.688459396362305
25.686594009399414
25.686967849731445
25.686410903930664
25.688066482543945
25.686389923095703
25.686016082763672
25.689828872680664
25.691303253173828
25.69195556640625
25.691715240478516
25.691768646240234
25.692243576049805
25.690820693969727
25.688499450683594
25.684499740600586
25.684879302978516
25.684829711914062
25.686193466186523
25.685710906982422
25.684585571289062
25.684112548828125
25.683311462402344
25.681987762451172
25.68040657043457
25.67949676513672
25.679950714111328
25.680234909057617
25.680904388427734
25.680118560791016
25.679595947265625
25.678762435913086
25.67880630493164
25.67929458618164
25.679855346679688
25.679468154907227
25.679224014282227
25.6793212890625
25.68037223815918
25.680593490600586
25.680004119873047
25.679800033569336
25.679935455322266
25.679275512695312
25.678966522216797
25.678369522094727
25.678117752075195
25.677698135375977
25.677196502685547
25.676889419555664
25.676645278930664
25.675485610961914
25.674915313720703
25.674570083618164
25.675060272216797
25.6749210357666
25.675399780273438
25.675216674804688
25.675413131713867
25.67532730102539
25.675060272216797
25.674896240234375
25.674711227416992
25.67484474182129
25.673728942871094
25.673547744750977
25.673053741455078
25.672706604003906
25.673463821411133
25.673616409301758
25.673450469970703
25.672958374023438
25.673084259033203
25.672592163085938
25.67147445678711
25.67160987854004
25.671428680419922
25.672048568725586
25.671875
25.672014236450195
25.671838760375977
25.671348571777344
25.670230865478516
25.670364379882812
25.67009735107422
25.670488357543945
25.670307159423828
25.67044448852539
25.670265197753906
25.66977882385254
25.668670654296875
25.668811798095703
25.668628692626953
25.66907501220703
25.668903350830078
25.669050216674805
25.668872833251953
25.668386459350586
25.667264938354492
24.858367919921875
24.05426597595215
23.24275779724121
22.432403564453125
21.62845230102539
20.831439971923828
20.04037857055664
19.275463104248047
18.533367156982422
17.818296432495117
17.122390747070312
16.4276123046875
15.718225479125977
15.042106628417969
14.390661239624023
13.752948760986328
13.186201095581055
12.64717960357666
12.140810012817383
11.69790267944336
11.322968482971191
10.980449676513672
10.635832786560059
10.290663719177246
9.957159042358398
9.643589973449707
9.363752365112305
9.115100860595703
8.889033317565918
8.664948463439941
8.451581954956055
8.249025344848633
8.084335327148438
7.93316650390625
7.781376838684082
7.630399703979492
7.472329139709473
7.306108474731445
7.136428356170654
6.97711181640625
6.830775260925293
6.699176788330078
6.582350254058838
6.463313102722168
6.332516670227051
6.191140174865723
6.041080474853516
5.897161960601807
5.776350021362305
5.68380880355835
5.603483200073242
5.532704830169678
5.470454216003418
5.41412878036499
5.35219669342041
5.284443378448486
5.213043212890625
5.145854473114014
5.088850975036621
5.0445556640625
5.003845691680908
4.971620082855225
4.944125175476074
4.921133518218994
4.898529052734375
4.872931003570557
4.846096515655518
4.825700759887695
4.812074661254883
4.801350116729736
4.79286003112793
4.783576965332031
4.770859718322754
4.761390209197998
4.755720138549805
4.750862121582031
4.743887424468994
4.733354568481445
4.721587181091309
4.711062431335449
4.701412200927734
4.692258834838867
4.6847615242004395
4.677911758422852
4.670607089996338
4.661479949951172
4.651443958282471
4.641354560852051
4.631372451782227
4.620448589324951
4.610722541809082
4.602416038513184
4.596397876739502
4.592094421386719
4.588189125061035
4.584892272949219
4.581295967102051
4.576826572418213
4.572309494018555
4.568530082702637
4.560905933380127
4.55203914642334
4.542044639587402
4.5314202308654785
4.519598007202148
4.510953426361084
4.507108688354492
4.503474235534668
4.501924514770508
4.503117561340332
4.505791664123535
4.507204055786133
4.50739860534668
4.507281303405762
4.506138801574707
4.503452301025391
4.499975681304932
4.495616436004639
4.491395950317383
4.487113952636719
4.484850883483887
4.484614849090576
4.485680103302002
4.4874725341796875
4.488641262054443
4.487926006317139
4.486695766448975
4.485085964202881
4.484371662139893
4.483956813812256
4.483575820922852
4.482572555541992
4.4818925857543945
4.481522083282471
4.4814348220825195
4.480810165405273
4.480936050415039
4.480677127838135
4.4792160987854
4.478543281555176
4.477673053741455
4.479005813598633
4.478884220123291
4.478494167327881
4.479328632354736
4.479156494140625
4.479513168334961
4.479416847229004
4.4788899421691895
4.478952884674072
4.478916168212891
4.479422569274902
4.479175567626953
4.478858470916748
4.479298114776611
4.480428695678711
4.480090618133545
4.480226516723633
4.479954242706299
4.480639457702637
4.48171854019165
4.480806350708008
4.480103015899658
4.48039436340332
4.481522560119629
4.481040000915527
4.480385780334473
4.480315685272217
4.4811177253723145
4.4811882972717285
4.481132984161377
4.481061935424805
4.480912685394287
4.480917930603027
4.480409622192383
4.4807868003845215
4.480413436889648
4.48038387298584
4.480608940124512
4.481217384338379
4.481174945831299
4.480836391448975
4.480804443359375
4.481237888336182
4.481148719787598
4.480914115905762
4.480657577514648
4.481058120727539
4.4811506271362305
4.481098651885986
4.481045246124268
4.480982780456543
4.480921745300293
4.481002330780029
4.480544090270996
4.480834007263184
4.480750560760498
4.4805498123168945
4.4805006980896
4.480498790740967
4.4803853034973145
4.480317115783691
4.480544090270996
4.4807844161987305
4.480737686157227
4.480564594268799
4.48039436340332
4.479697227478027
4.479640960693359
4.479616165161133
4.479560852050781
4.479255199432373
4.479225158691406
4.478842258453369
4.478784561157227
4.478731155395508
4.479159355163574
4.479090690612793
4.47901725769043
4.479282379150391
4.479399681091309
4.479037284851074
4.479328155517578
4.47982120513916
4.479705810546875
4.478612899780273
4.478501319885254
4.478440761566162
4.479252815246582
4.4792890548706055
4.479035377502441
4.478171348571777
4.477644920349121
4.477616310119629
4.476932048797607
4.477202892303467
4.4775261878967285
4.477309226989746
4.476428985595703
4.476357936859131
4.476658821105957
4.476550102233887
4.476396560668945
4.476327419281006
4.475955486297607
4.475680351257324
4.475884914398193
4.475707530975342
4.476044654846191
4.475309371948242
4.475278854370117
4.475228309631348
4.475481033325195
4.475440979003906
4.475406169891357
4.475363731384277
4.475327968597412
4.474907875061035
4.474886417388916
4.47484827041626
4.475278377532959
4.475619792938232
4.475592136383057
4.475867748260498
4.475548267364502
4.476217269897461
4.4760589599609375
4.476195812225342
4.476261138916016
4.4755682945251465
4.475569248199463
4.475127220153809
4.475747108459473
4.475302219390869
4.474936485290527
4.475693702697754
4.475650310516357
4.475625991821289
4.475591659545898
4.475226879119873
4.474828243255615
4.47528600692749
4.474900722503662
4.474880218505859
4.47594690322876
4.475532054901123
4.474819183349609
4.474804878234863
4.475343704223633
4.475843906402588
4.476202964782715
4.475937366485596
4.476136684417725
4.476065635681152
4.476119518280029
4.476102828979492
4.475783348083496
4.475742816925049
4.475700855255127
4.47566032409668
4.475497245788574
4.475151538848877
4.4748921394348145
4.474611282348633
4.475070953369141
4.474790573120117
4.475228786468506
4.474564552307129
4.4740800857543945
4.474386215209961
4.474852561950684
4.474502086639404
4.474539756774902
4.47432279586792
4.474040985107422
4.473646640777588
4.474658012390137
4.473560333251953
4.474157333374023
4.474453926086426
4.474171161651611
4.473339080810547
4.473282814025879
4.473846435546875
4.4737629890441895
4.473688125610352
4.473875999450684
4.473834037780762
4.473788261413574
4.473483085632324
4.473452568054199
4.4734296798706055
4.473411560058594
4.473397731781006
4.473388671875
4.474059104919434
4.474049091339111
4.474025249481201
4.474024295806885
4.474005699157715
4.474977493286133
4.474960803985596
4.473946571350098
4.4739274978637695
4.473824501037598
4.473806381225586
4.47393798828125
4.473931312561035
4.473981857299805
4.473974227905273
4.473972797393799
4.473976135253906
4.474123954772949
4.474014759063721
4.474008560180664
4.474013328552246
4.4740190505981445
4.474031448364258
4.474021911621094
4.4740118980407715
4.474452018737793
4.474727153778076
4.474698543548584
4.474690914154053
4.474687576293945
4.475007057189941
4.474981307983398
4.474957466125488
4.474817276000977
4.475593090057373
4.4753098487854
4.4750800132751465
4.474766731262207
4.475990295410156
4.476095676422119
4.475873947143555
4.4753031730651855
4.474842071533203
4.474851608276367
4.475242614746094
4.475439548492432
4.475369453430176
4.475342273712158
4.475179672241211
4.475157737731934
4.474908828735352
4.474959373474121
4.475103378295898
4.474693298339844
4.475269317626953
4.4742841720581055
4.475470542907715
4.475070476531982
4.474046230316162
4.473849296569824
4.473752498626709
4.473123550415039
4.473740577697754
4.473862171173096
0.6352206468582153
0.6268956065177917
0.6196597814559937
0.6130949854850769
0.6071993112564087
0.6016119122505188
0.5965602993965149
0.5921103358268738
0.5879818201065063
0.5841180086135864
0.5805258750915527
0.5771989226341248
0.5740959048271179
0.5713613033294678
0.5689737796783447
0.5669786334037781
0.5654846429824829
0.5643359422683716
0.5635826587677002
0.5632123351097107
0.5633891820907593
0.5634241104125977
0.5630391836166382
0.5625567436218262
0.5619760155677795
0.5614030361175537
0.5608736276626587
0.5603497624397278
0.5599402189254761
0.5596643686294556
0.5595756769180298
0.5596047639846802
0.559699296951294
0.5596969127655029
0.5595759153366089
0.5593830347061157
0.5592001080513
0.559014081954956
0.5588172078132629
0.5587161183357239
0.5586521029472351
0.5586282014846802
0.5586216449737549
0.55860835313797
0.558526873588562
0.5584279298782349
0.5583735704421997
0.5582587718963623
0.5581806898117065
0.5581482648849487
0.5581895112991333
0.5581997036933899
0.5581333637237549
0.5581064224243164
0.5580363869667053
0.5579700469970703
0.5579650402069092
0.5579946637153625
0.5580000281333923
0.5579890012741089
0.5579363107681274
0.5578798055648804
0.5579325556755066
0.5579942464828491
0.5579733848571777
0.5579176545143127
0.55788654088974
0.557874321937561
0.5579251646995544
0.5579246282577515
0.5578600168228149
0.5578325390815735
0.5578253269195557
0.55784672498703
0.5578601956367493
0.5578305721282959
0.5577980279922485
0.5578016638755798
0.55781090259552
0.5578212141990662
0.5577912330627441
0.5577870607376099
0.5578053593635559
0.5578140616416931
0.5578033924102783
0.5578069090843201
0.5578327178955078
0.5578221082687378
0.5578392744064331
0.557826042175293
0.5577934980392456
0.5578125715255737
0.55783611536026
0.5578482151031494
0.557830274105072
0.5578104853630066
0.5578025579452515
0.5578060746192932
0.5578311085700989
0.5578205585479736
