2.236046314239502
2.381680965423584
2.5397720336914062
2.692387819290161
2.859966993331909
3.012075185775757
3.1626980304718018
3.2988457679748535
3.4943583011627197
3.6858747005462646
3.866417646408081
4.027498960494995
4.181113243103027
4.336211442947388
4.500796556472778
4.648914098739624
4.796541213989258
4.945655584335327
5.093285322189331
5.23741340637207
5.391024589538574
5.54213547706604
5.691758394241333
5.848852634429932
5.994485139846802
6.134622097015381
6.2852442264556885
6.429371118545532
6.60193395614624
6.755038022994995
6.945552825927734
7.08919095993042
7.229328155517578
7.393909692764282
7.547015428543091
7.706611394882202
7.855728626251221
8.000365018844604
8.150476932525635
8.29411506652832
8.439239025115967
8.599326372146606
8.752914905548096
8.902515411376953
9.05610466003418
9.218669414520264
9.390211343765259
9.542802810668945
9.70137906074524
9.847986936569214
9.99459457397461
10.15716004371643
10.314738988876343
10.462344408035278
10.60595989227295
10.752568006515503
10.906156539916992
11.054759979248047
11.2013680934906
11.346977710723877
11.489596366882324
11.6381995677948
11.78281283378601
11.930418014526367
12.074033260345459
12.22562861442566
12.366252422332764
12.51285982131958
12.654481649398804
12.80807113647461
12.95767092704773
13.103281021118164
13.248892307281494
13.406471014022827
13.552592039108276
13.699710845947266
13.839360475540161
13.990471839904785
14.13411021232605
14.27424669265747
14.411903381347656
14.551043033599854
14.708645343780518
14.85077714920044
15.008381843566895
15.149515390396118
15.336039543151855
15.475180387496948
15.624803066253662
15.783891916275024
15.926534175872803
16.11605167388916
16.259180784225464
16.40630078315735
16.55492663383484
16.701050519943237
16.854663372039795
17.014260292053223
17.158387660980225
17.30650496482849
17.449145793914795
17.592276096343994
17.737910747528076
17.87904644012451
18.089507341384888
18.235141277313232
18.381264448165894
18.533367395401
18.679976224899292
18.84254026412964
18.985159397125244
19.129772424697876
19.291341304779053
19.438945770263672
19.581564903259277
19.72617769241333
19.87079119682312
20.0193932056427
20.165004014968872
20.313606023788452
20.45722246170044
20.598843574523926
20.743458032608032
20.889068603515625
21.047643184661865
21.191259622573853
21.3358736038208
21.475499391555786
21.623104572296143
21.779685258865356
21.93227767944336
22.074896335601807
22.222501039505005
22.374095678329468
22.52569079399109
22.667312145233154
22.8099308013916
22.95653796195984
23.122095823287964
23.27069926261902
23.424287796020508
23.566905975341797
23.708527088165283
23.854138374328613
23.999748468399048
24.14037322998047
24.284985542297363
24.437577962875366
24.581193447113037
24.72481060028076
24.878398895263672
25.031989097595215
25.181588888168335
25.33218502998352
25.48078751564026
25.631385326385498
25.777992725372314
25.92659640312195
26.07120990753174
26.21582269668579
26.360435724258423
26.505048751831055
26.654648780822754
26.79527258872986
26.936893939971924
27.087491273880005
27.235095977783203
27.379709482192993
27.5233256816864
27.662952423095703
27.806568145751953
27.973122596740723
28.12172555923462
28.28329348564148
28.422919750213623
28.59944772720337
28.77098846435547
28.925575733184814
29.07218337059021
29.213804483413696
29.356423139572144
29.50901484489441
29.65462565422058
29.802231550216675
29.950833797454834
30.1612708568573
30.330817222595215
30.521307945251465
30.668914079666138
30.820508003234863
30.966118812561035
31.1296808719635
31.277286052703857
31.425888538360596
31.5685076713562
31.716112852096558
31.887655019760132
32.03426194190979
32.18286490440369
32.34443259239197
32.498021841049194
32.64562654495239
32.797221422195435
32.96377611160278
33.109386682510376
33.27294945716858
33.42155194282532
33.566675901412964
33.713284492492676
33.87784433364868
34.02744388580322
34.19200420379639
34.37750840187073
34.526110887527466
34.67471361160278
34.85124111175537
35.00483012199402
35.15143871307373
35.29605197906494
35.44265913963318
35.62417459487915
35.76679277420044
35.917391300201416
36.06000900268555
36.22057867050171
36.36918234825134
36.51379442214966
36.663394927978516
36.858872175216675
37.02343225479126
37.16904282569885
37.32263159751892
37.470237493515015
37.607869148254395
37.75447726249695
37.8980929851532
38.04669547080994
38.19230580329895
38.335922956466675
38.47953796386719
38.6381139755249
38.778738021850586
38.92135691642761
39.06098413467407
39.20858836174011
39.354198932647705
39.497814893722534
39.64741492271423
39.815964698791504
39.959580183029175
40.10419297218323
40.25080132484436
40.401400089263916
40.540027379989624
40.68663573265076
40.83124852180481
40.97586226463318
41.13842821121216
41.28104591369629
41.440619707107544
41.58124327659607
41.756773948669434
41.90437984466553
42.06494951248169
42.2085657119751
42.356170892715454
42.49480104446411
42.64140820503235
42.789013385772705
42.97551488876343
43.12611246109009
43.290671825408936
43.458223819732666
43.61480522155762
43.75941753387451
43.92098569869995
44.07856488227844
44.2381374835968
44.38773775100708
44.5373375415802
44.685940980911255
44.83155083656311
44.99212145805359
45.149699687957764
45.305283546447754
45.44690537452698
45.6094708442688
45.75907063484192
45.913658142089844
46.06325650215149
46.21185922622681
46.3604621887207
46.51105999946594
46.68658971786499
46.82721400260925
46.984792709350586
47.12840986251831
47.27501630783081
47.41564059257507
47.566237449645996
47.711848735809326
47.85646104812622
48.00306963920593
48.14369297027588
48.29429006576538
48.43890404701233
48.633384704589844
48.77400779724121
48.91662669181824
49.06123995780945
49.214829206466675
49.35844445228577
49.52101016044617
49.66163396835327
49.8062481880188
49.95086121559143
50.08849215507507
50.230114459991455
50.36575102806091
50.50637483596802
50.65298271179199
50.791611671447754
50.93423080444336
51.10776662826538
51.259360790252686
51.41195344924927
51.54958462715149
51.69220328330994
51.828837871551514
51.968465089797974
52.12005925178528
52.27564311027527
52.418261766433716
52.562875509262085
52.711477756500244
52.85409665107727
52.9987096786499
53.138336181640625
53.282949924468994
53.44551420211792
53.617055892944336
53.76067137718201
53.89930081367493
54.043915033340454
54.220442056655884
54.36705017089844
54.51266098022461
54.653284788131714
54.81086325645447
54.96146082878113
55.11106038093567
55.25567388534546
55.39928936958313
55.54290580749512
55.69450092315674
55.85606789588928
56.019631147384644
56.171226024627686
56.3268096446991
56.47940135002136
56.62700653076172
56.77261734008789
56.919225215911865
57.08478236198425
57.22839832305908
57.37201428413391
57.51862192153931
57.66921925544739
57.8138325214386
57.95744872093201
58.1040563583374
58.249666929244995
58.39727210998535
58.55086135864258
58.69846749305725
58.84507441520691
58.98869037628174
59.15225315093994
59.297863483428955
59.44646644592285
59.593074560165405
59.740679025650024
59.904242277145386
60.04686379432678
60.192471742630005
60.3360869884491
60.48668456077576
60.63728141784668
60.780898571014404
60.934486627578735
61.08109450340271
61.228699684143066
61.44911074638367
61.602699995040894
61.754294633865356
61.90090250968933
62.044519662857056
62.19810724258423
62.34571313858032
62.4963104724884
62.64092302322388
62.78354215621948
62.94710445404053
63.10169076919556
63.266252279281616
63.41485333442688
63.56445360183716
63.715051889419556
63.88858652114868
64.03419709205627
64.20374512672424
64.34536576271057
64.5009491443634
64.64955186843872
64.80413866043091
64.94575929641724
65.08638381958008
65.22501254081726
65.38159465789795
65.5282027721405
65.68877291679382
65.8433587551117
65.98298621177673
66.127601146698
66.31258654594421
66.4681704044342
66.6187674999237
66.77634692192078
66.93990802764893
67.12341785430908
67.27700662612915
67.43558239936829
67.61909198760986
67.76071357727051
67.9362440109253
68.0938229560852
68.24741244316101
68.40798258781433
68.55857944488525
68.70917773246765
68.87273955345154
69.04128932952881
69.19188618659973
69.35943865776062
69.50604701042175
69.65664434432983
69.80225396156311
69.99074959754944
70.14832901954651
70.3029146194458
70.45052099227905
70.60710120201111
70.75869560241699
70.91029071807861
71.05689883232117
71.22445058822632
71.42092514038086
71.56852984428406
71.72112226486206
71.87670636177063
72.02929782867432
72.20881867408752
72.36440134048462
72.51699376106262
72.65861463546753
72.80322909355164
72.94983625411987
73.10242772102356
73.26200127601624
73.42057800292969
73.56718587875366
73.7267587184906
73.8663854598999
74.01299405097961
74.1546151638031
74.3042140007019
74.44583511352539
74.5934407711029
74.73406553268433
74.87768054008484
75.05819749832153
75.20580291748047
75.3603892326355
75.50799512863159
75.65260791778564
75.79223465919495
75.93984127044678
76.09941339492798
76.2530038356781
76.40260243415833
76.550208568573
76.72873067855835
76.87134885787964
77.02394080162048
77.18251705169678
77.32812762260437
77.48271441459656
77.62832427024841
77.78690099716187
77.94547653198242
78.86501741409302
79.80649995803833
80.73900556564331
81.73534154891968
82.64889764785767
83.57641792297363
84.49695611000061
85.4254732131958
86.34102439880371
87.36229372024536
88.28482604026794
89.17544388771057
90.11792373657227
91.07336831092834
92.03180575370789
92.96530866622925
93.931725025177
94.86622500419617
95.84859800338745
96.79706168174744
97.75549817085266
98.65110349655151
99.59158849716187
100.51212644577026
101.46358323097229
102.38711261749268
103.35452461242676
104.3159544467926
105.20557522773743
106.05729746818542
107.0675950050354
108.01007556915283
108.92064261436462
109.83020687103271
110.78964161872864
111.66529941558838
112.57586455345154
113.51734685897827
114.40397596359253
115.31952691078186
116.1921935081482
117.05887603759766
117.92456078529358
118.80620265007019
119.69482588768005
120.57447409629822
121.47207403182983
122.42652106285095
123.31913375854492
124.21074938774109
125.10136771202087
125.97602868080139
126.83672642707825
127.6884491443634
128.60001158714294
129.468688249588
130.34135460853577
131.18410110473633
132.16048908233643
133.04612135887146
133.9357419013977
134.84730410575867
135.73393273353577
136.61058831214905
137.48524951934814
138.38285207748413
139.2964062690735
140.24786186218262
141.13748264312744
142.06500220298767
142.94564723968506
143.83028101921082
144.70394444465637
145.6075279712677
146.49016761779785
147.44262051582336
148.33922386169434
149.26774048805237
150.18628406524658
151.08089089393616
152.01738619804382
153.0027515888214
153.92328929901123
154.85280323028564
155.85412669181824
156.7796504497528
157.69021582603455
158.5559000968933
159.4634735584259
160.40395879745483
161.29158473014832
162.19516897201538
163.1057333946228
163.9823887348175
164.8839771747589
165.75564670562744
166.61534690856934
167.49499607086182
168.41254138946533
169.30714893341064
170.19178318977356
171.06943535804749
171.94609117507935
172.83471488952637
173.7233386039734
174.60597825050354
175.51554536819458
176.48096346855164
177.35961389541626
178.2562165260315
179.22462606430054
180.09828972816467
181.02281856536865
181.9074513912201
182.79807043075562
183.68569612503052
184.56534385681152
185.4150710105896
186.29771065711975
187.17336893081665
188.0570068359375
188.94263792037964
189.83325600624084
190.7657618522644
191.66136646270752
192.5599639415741
193.47052931785583
194.3332221508026
195.20588779449463
196.09351444244385
197.0559401512146
197.96650552749634
198.85413146018982
199.75771498680115
200.62938404083252
201.4960663318634
202.40862584114075
203.33115816116333
204.27064657211304
205.12336540222168
205.99004745483398
206.90260696411133
207.8570544719696
208.78258085250854
209.7390215396881
210.65457320213318
211.58408761024475
212.48667407035828
213.38726568222046
214.3088014125824
215.21836876869202
216.1498773097992
217.03850078582764
217.9959409236908
218.91348671913147
219.81906461715698
220.67776894569397
221.55143237113953
222.4440460205078
223.32269501686096
224.2272765636444
225.1019368171692
225.99654483795166
226.84926414489746
227.74786114692688
228.64346599578857
229.492196559906
230.36386561393738
231.2694432735443
232.1221625804901
233.0327274799347
233.91636490821838
234.83790016174316
235.76940870285034
236.7428059577942
237.6673333644867
238.55894875526428
239.44657611846924
240.32921528816223
241.22083067893982
242.18525099754333
243.0838484764099
244.0213418006897
244.89201307296753
245.77465200424194
246.71912670135498
247.64764308929443
248.55920553207397
249.47874689102173
250.39030838012695
251.2869119644165
252.20744919776917
253.16588616371155
254.08143711090088
254.9989836215973
255.87962889671326
256.8260977268219
257.74563813209534
258.6472280025482
259.62960052490234
260.4763357639313
261.34700775146484
262.24560379981995
263.1013152599335
263.9929316043854
264.8695867061615
265.73427414894104
266.6039488315582
267.5444338321686
268.4101183414459
269.2957501411438
270.18936038017273
271.08895468711853
271.97059655189514
272.82431387901306
273.72689986228943
274.63746452331543
275.5091333389282
276.40972566604614
277.29635429382324
278.17300939559937
279.0885615348816
280.0370247364044
280.99745631217957
281.9389388561249
282.89936995506287
283.79597210884094
284.7354598045349
285.6330590248108
286.5785310268402
287.45219469070435
288.33483362197876
289.27332401275635
290.29957938194275
291.2101445198059
292.1017596721649
292.9385223388672
293.86604166030884
294.79356145858765
295.67520403862
296.55584812164307
297.47040247917175
298.3530421257019
299.2476511001587
300.1442520618439
301.0508277416229
301.9574031829834
302.8121178150177
303.6738131046295
304.5564522743225
305.45006275177
306.31176137924194
307.2452621459961
308.11992263793945
308.98959732055664
309.84830021858215
310.75587344169617
311.65447092056274
312.52314710617065
313.42772817611694
314.3033866882324
315.17006850242615
316.0547037124634
316.91540145874023
317.7960464954376
318.6717040538788
319.5463650226593
320.46191668510437
321.38843870162964
322.2720756530762
323.1656861305237
324.10417580604553
325.01474118232727
325.95422887802124
326.8857374191284
327.78832387924194
328.7108566761017
329.6134443283081
330.4970796108246
331.3707435131073
332.30624127388
333.2197992801666
334.11839628219604
335.07882714271545
335.9883942604065
336.8999569416046
337.8075294494629
338.722083568573
339.6136989593506
340.47439789772034
341.37997603416443
342.27159667015076
343.1392705440521
343.99697709083557
344.86864614486694
345.76724314689636
346.6967568397522
347.5813910961151
348.4809854030609
349.37260127067566
350.2642171382904
351.1448619365692
352.02450919151306
352.9570150375366
353.8296813964844
354.70633721351624
355.57601165771484
356.4596483707428
357.3632321357727
358.22991466522217
359.09958815574646
360.04406237602234
360.9067556858063
361.82330417633057
362.7418475151062
363.73918056488037
364.6756765842438
365.67999029159546
366.5536549091339
367.4532480239868
368.38675141334534
369.31127977371216
370.289662361145
371.18526792526245
372.13073921203613
373.04130506515503
373.92494082450867
374.80558586120605
375.7370946407318
376.64666199684143
377.56720066070557
378.4727792739868
379.3653914928436
380.3108639717102
381.204473733902
382.08312344551086
383.0006699562073
383.87433385849
384.75098872184753
385.66155457496643
386.5980496406555
387.47071719169617
388.3573441505432
389.24596786499023
390.1375832557678
391.0601165294647
392.0115716457367
392.9251289367676
393.77884554862976
394.70736289024353
395.60595965385437
396.5843434333801
397.4679799079895
398.36059284210205
399.2512114048004
400.16177582740784
401.0434181690216
402.06967401504517
402.97624921798706
403.8539025783539
404.7644672393799
405.6989686489105
406.586594581604
407.4951651096344
408.4057297706604
409.32826256752014
410.2747313976288
411.18729043006897
412.07790875434875
412.96653413772583
413.91200399398804
414.85348653793335
415.722163438797
416.62774109840393
417.5213510990143
418.4029941558838
419.2976016998291
420.2660119533539
421.1985182762146
422.1130723953247
422.9947142601013
423.8853335380554
424.82083082199097
425.71144914627075
426.57513904571533
427.490690946579
428.381308555603
429.22505283355713
430.1236491203308
430.98833656311035
431.8759627342224
432.77954626083374
433.69509863853455
434.69642066955566
435.59800910949707
436.48264336586
437.3543121814728
438.3157413005829
439.2721834182739
440.1937189102173
441.0574095249176
441.93805384635925
442.8226888179779
443.71131205558777
444.5610399246216
445.4317111968994
446.3323030471802
447.20397186279297
448.1255073547363
449.0380668640137
449.9246952533722
450.7833993434906
451.7069296836853
452.54369139671326
453.4861717224121
454.37878370285034
455.2983250617981
456.19891715049744
457.1184570789337
458.0499665737152
458.97050404548645
459.829208612442
460.6889088153839
461.588504076004
462.4432170391083
463.3148865699768
464.2015151977539
465.07817101478577
465.96479988098145
466.84843611717224
467.7879252433777
468.72940611839294
469.67088890075684
470.61536288261414
471.5239326953888
472.43848752975464
473.35304141044617
474.2227156162262
475.15721678733826
476.0278878211975
476.91052746772766
477.8091242313385
478.7007403373718
479.55645179748535
480.4380941390991
481.3177409172058
482.22431683540344
483.09199714660645
483.9646635055542
484.84929728507996
485.7419099807739
486.6365177631378
487.48624539375305
488.4277272224426
489.33928990364075
490.2309048175812
491.1095554828644
492.0171284675598
492.88680267333984
493.818311214447
494.7049415111542
495.5706253051758
496.51709365844727
497.3957438468933
498.2843677997589
499.18795132637024
500.0895402431488
501.01207280158997
501.9705102443695
502.89503717422485
503.8036072254181
504.686247587204
505.56390023231506
506.50338768959045
507.3989927768707
508.28661918640137
509.2001757621765
510.13268184661865
511.140985250473
512.034595489502
512.9800674915314
513.8816561698914
514.7732725143433
515.7017886638641
516.6013832092285
517.4880118370056
518.4045603275299
519.3679840564728
520.2665812969208
521.1731579303741
522.0917007923126
523.0212140083313
523.8719391822815
524.7585682868958
525.6043062210083
526.4660019874573
527.3775644302368
528.2452440261841
529.1049447059631
530.0135145187378
530.8622453212738
531.7269325256348
532.5956089496613
533.4493262767792
534.3379502296448
535.238541841507
536.1191866397858
537.0576763153076
537.9592659473419
538.8887791633606
539.7514729499817
540.6580486297607
541.555647611618
542.4372897148132
543.3558332920074
544.3970487117767
545.3325469493866
546.2181785106659
547.0888500213623
547.953537940979
548.9349131584167
549.8574469089508
550.7350995540619
551.652645111084
552.5422661304474
553.4059567451477
554.3344733715057
555.2091352939606
556.1027452945709
557.0163021087646
557.9059228897095
558.7726049423218
559.7001247406006
560.6535739898682
561.6489129066467
562.543520450592
563.440122127533
564.3347294330597
565.2183668613434
566.1369109153748
567.0554540157318
567.9700081348419
568.8815705776215
569.7741827964783
570.6578197479248
571.5394625663757
572.392181634903
573.2558724880219
574.1315307617188
575.0391035079956
575.940691947937
576.7974011898041
577.6610910892487
578.543731212616
579.4353466033936
580.3070156574249
581.2684438228607
582.1610569953918
583.1404376029968
584.0649657249451
585.0194127559662
586.0227296352386
586.9881479740143
587.9396035671234
588.9449152946472
589.8654534816742
590.7381193637848
591.6177666187286
592.5403001308441
593.4319162368774
594.4003255367279
595.3258500099182
596.1985166072845
597.1110768318176
597.9847400188446
598.8623924255371
599.771960735321
600.6476187705994
601.5841143131256
602.5186150074005
603.4600977897644
604.3736543655396
605.2493119239807
606.1249706745148
607.0086076259613
607.960063457489
608.8586604595184
609.7373104095459
610.6329159736633
611.5035862922668
612.4091649055481
613.305766582489
614.1694576740265
615.0301551818848
615.9098052978516
616.7714986801147
617.654138803482
618.558718919754
619.4563186168671
620.4027874469757
621.3213312625885
622.2229199409485
623.2182581424713
624.0819482803345
624.9705717563629
625.896096944809
626.8136434555054
627.7461490631104
628.7235355377197
629.7268528938293
630.6015129089355
631.5609481334686
632.4924564361572
633.395042181015
634.3415110111237
635.2241506576538
636.125739812851
637.0422887802124
637.9418830871582
638.8534452915192
639.7530398368835
640.6137373447418
641.4854063987732
642.362062215805
643.3464298248291
644.2599861621857
645.1316554546356
646.0661561489105
646.9178786277771
647.7596271038055
648.6632118225098
649.5707850456238
650.5371992588043
651.4178445339203
652.2944996356964
653.1621792316437
654.0298588275909
654.8726055622101
655.8868925571442
656.7665400505066
657.6601505279541
658.597644329071
659.5820107460022
660.4905815124512
661.381199836731
662.2718179225922
663.1604413986206
664.1208727359772
665.035427570343
665.9360189437866
666.9303588867188
667.9007642269135
668.8312754631042
669.7637815475464
670.6424324512482
671.5440220832825
672.4456102848053
673.349193572998
674.3086273670197
675.2740461826324
676.1816186904907
677.0762267112732
677.941910982132
678.8225562572479
679.7371098995209
680.5998034477234
681.524331331253
682.3950023651123
683.2955942153931
684.1852152347565
685.1137313842773
685.997368812561
686.8560724258423
687.7317306995392
688.6193568706512
689.4970095157623
690.4075746536255
691.3390851020813
692.2047684192657
693.0604796409607
693.9800209999084
694.8826067447662
695.7742223739624
696.7117154598236
697.652200460434
698.5647599697113
699.4244604110718
700.308098077774
701.195723772049
702.0903322696686
702.9360709190369
703.8476321697235
704.7562022209167
705.604932308197
706.481588602066
707.4021265506744
708.3845000267029
709.2860872745514
710.1976504325867
711.18101978302
711.8684847354889
711.9214949607849
711.9733970165253
711.9993138313293
712.0202338695526
712.0412034988403
712.0621471405029
712.0830912590027
712.1040527820587
712.1249537467957
712.144927740097
712.1658718585968
712.1858170032501
712.2057638168335
712.2257173061371
712.2446584701538
712.2646059989929
712.2845668792725
712.3045003414154
712.3244423866272
712.3433697223663
712.3633432388306
712.383288860321
712.4032444953918
712.4231956005096
712.4431028366089
712.4620845317841
712.482027053833
712.5019736289978
712.5219171047211
712.5408883094788
712.5608143806458
712.5807633399963
712.600715637207
712.6196575164795
712.6396026611328
712.6595585346222
712.6794955730438
712.6994416713715
712.7193949222565
712.739342212677
712.7582864761353
712.7782390117645
712.7991547584534
712.8181319236755
712.8380715847015
712.85799741745
712.8779733181
712.8979027271271
712.9168357849121
712.9378054141998
712.9567558765411
712.9766767024994
712.9966516494751
713.0165958404541
713.0365462303162
713.0554692745209
713.075437784195
713.0953841209412
713.115344285965
713.134281873703
713.1542308330536
713.1741828918457
713.1941192150116
713.214066028595
713.2340126037598
713.2539591789246
713.2739737033844
713.2939105033875
713.312867641449
713.3328056335449
713.3527526855469
713.3727195262909
713.3916478157043
713.411595582962
713.4315493106842
713.4514858722687
713.4714336395264
713.491402387619
713.5103340148926
713.5302932262421
713.5502219200134
713.5701744556427
713.5901167392731
713.6090667247772
713.6290256977081
713.648960351944
713.6689128875732
713.6888678073883
713.7088029384613
713.7287549972534
713.7477040290833
713.7676424980164
713.7875888347626
713.8065364360809
713.8264949321747
713.8464376926422
713.866376876831
713.885333776474
713.9052731990814
