8.014062881469727
6.159759521484375
4.912827491760254
4.872963905334473
4.5276288986206055
3.8341901302337646
2.9225685596466064
3.4425058364868164
3.6853439807891846
3.6169893741607666
3.058756113052368
2.127514123916626
1.6367473602294922
1.6304380893707275
2.309583902359009
2.6067025661468506
2.448437452316284
1.940051555633545
1.431980013847351
1.587719440460205
1.8188693523406982
2.0855910778045654
2.0812325477600098
1.9305057525634766
1.8539884090423584
1.727391004562378
1.5564658641815186
1.3462224006652832
1.6899592876434326
1.7962150573730469
1.6808949708938599
1.3719656467437744
1.1760571002960205
1.6344852447509766
1.8662757873535156
1.8699028491973877
1.6725578308105469
1.3222224712371826
1.386932373046875
1.3900302648544312
1.355785846710205
1.2695200443267822
1.0899431705474854
1.3498001098632812
1.4238007068634033
1.2924678325653076
1.279700517654419
1.3973973989486694
1.5038810968399048
1.4031596183776855
1.3589985370635986
1.3941906690597534
1.3714916706085205
1.316953420639038
1.176344633102417
1.1832215785980225
1.2772777080535889
1.1672682762145996
1.1613614559173584
1.2298352718353271
1.2294001579284668
1.2476391792297363
1.2098424434661865
1.1216349601745605
1.1808462142944336
1.1145718097686768
1.1198022365570068
1.3042635917663574
1.2783892154693604
1.1428334712982178
1.1452264785766602
1.1991806030273438
1.0700188875198364
1.2796111106872559
1.3643720149993896
1.2802579402923584
1.239220142364502
1.154633641242981
1.1382989883422852
1.1494152545928955
1.245180606842041
1.1709907054901123
1.1280066967010498
1.1787691116333008
1.1775635480880737
1.122347354888916
1.0730960369110107
1.0574228763580322
1.1920042037963867
1.1177666187286377
1.1820502281188965
1.222337007522583
1.1565096378326416
1.1714584827423096
1.1536755561828613
1.0938591957092285
1.088579773902893
1.1468433141708374
1.1318706274032593
1.1111536026000977
1.1038787364959717
1.084012508392334
1.047003984451294
1.0621347427368164
1.0838546752929688
1.1022992134094238
1.0997512340545654
1.0783873796463013
1.0491914749145508
1.0363824367523193
1.053196907043457
1.0492987632751465
1.0268278121948242
1.0489203929901123
1.0651462078094482
1.060838222503662
1.038125991821289
1.037726640701294
1.054192304611206
1.0502510070800781
1.0368413925170898
1.0341413021087646
1.0383286476135254
1.0264613628387451
1.0232903957366943
1.0232560634613037
1.0344587564468384
1.040614366531372
1.0440566539764404
1.0354437828063965
1.0277636051177979
1.0264225006103516
1.0302774906158447
1.0294594764709473
1.0267295837402344
1.0276563167572021
1.0243617296218872
1.0289051532745361
1.022765874862671
1.02973210811615
1.0227925777435303
1.0389394760131836
1.042658805847168
1.0272033214569092
1.0420985221862793
1.0527052879333496
1.0435142517089844
1.0246076583862305
1.0390006303787231
1.037273645401001
22.575153350830078
22.19969940185547
21.650423049926758
20.99237632751465
20.25803565979004
19.466773986816406
18.634653091430664
17.771930694580078
16.885757446289062
15.983780860900879
15.111989974975586
14.341687202453613
13.635401725769043
12.951650619506836
12.279852867126465
11.614407539367676
11.010725975036621
10.506243705749512
10.048055648803711
9.60788631439209
9.173802375793457
8.765925407409668
8.401510238647461
8.061982154846191
7.7317376136779785
7.4038825035095215
7.064871311187744
6.711267948150635
6.3436079025268555
5.973492622375488
5.638076305389404
5.361111164093018
5.129197120666504
4.9199042320251465
4.716855525970459
4.5084228515625
4.287474632263184
4.058408260345459
3.827920436859131
3.6056206226348877
3.4073803424835205
3.2492971420288086
3.1255266666412354
3.0160300731658936
2.9059600830078125
2.788036584854126
2.66562819480896
2.547971487045288
2.4428436756134033
2.361283779144287
2.313422679901123
2.2912988662719727
2.2897794246673584
2.2850821018218994
2.2683470249176025
2.244544506072998
2.225816011428833
2.208275318145752
2.1901259422302246
2.1710922718048096
2.15633487701416
2.1406068801879883
2.1235179901123047
2.1063804626464844
2.0907723903656006
2.0789053440093994
2.0695106983184814
2.0605759620666504
2.050309181213379
2.0406596660614014
2.0305819511413574
2.027907609939575
2.0236849784851074
2.0180413722991943
2.0146026611328125
2.0115714073181152
2.008477210998535
2.0068624019622803
2.0038902759552
1.9975882768630981
1.99393630027771
1.9898144006729126
1.9855380058288574
1.9814600944519043
1.977590560913086
1.9740426540374756
1.970069169998169
1.9663536548614502
1.9664936065673828
1.966890573501587
1.9672608375549316
1.9679698944091797
1.9680869579315186
1.969692349433899
1.9689691066741943
1.9655402898788452
1.963644027709961
1.9621989727020264
1.9617140293121338
1.961745023727417
1.9613218307495117
1.9603978395462036
1.9589800834655762
1.960357427597046
1.9600615501403809
1.959954023361206
1.9592090845108032
1.9591519832611084
1.9581427574157715
1.9594569206237793
1.9599037170410156
1.9585471153259277
1.9588663578033447
1.9585788249969482
1.9579312801361084
1.9576823711395264
1.957075595855713
1.95664381980896
1.9568941593170166
1.9573291540145874
1.9565589427947998
1.9572463035583496
1.9564158916473389
1.9566540718078613
1.956322431564331
1.9571444988250732
1.9561762809753418
1.958122968673706
1.958472490310669
1.9563162326812744
1.9585800170898438
1.9600369930267334
1.9593796730041504
1.9568712711334229
1.9579315185546875
1.9595777988433838
1.9585678577423096
1.9555528163909912
1.957898497581482
1.9589059352874756
1.9578418731689453
1.9552366733551025
1.9566099643707275
1.9561256170272827
1.9559361934661865
1.956249475479126
1.9546535015106201
1.955420732498169
1.9553096294403076
1.955249309539795
1.9554286003112793
1.9552638530731201
1.9548786878585815
1.9546055793762207
1.9548983573913574
1.9550426006317139
1.9549808502197266
1.9547438621520996
1.9544756412506104
1.954579472541809
1.954634666442871
1.9545836448669434
1.9544944763183594
1.9543585777282715
1.954333782196045
1.9543311595916748
1.9542222023010254
1.9543788433074951
1.9543352127075195
1.954195261001587
1.954272985458374
1.9542064666748047
1.954111099243164
1.9542179107666016
1.954118013381958
1.954031229019165
1.9541857242584229
1.9541621208190918
1.953984022140503
1.9541289806365967
1.954097032546997
1.9538935422897339
1.953881025314331
1.9538891315460205
1.9538447856903076
1.9538929462432861
1.9538480043411255
1.9539499282836914
1.9538401365280151
1.9539234638214111
1.953967809677124
1.9538195133209229
1.9538450241088867
1.9538874626159668
1.9537553787231445
1.9537303447723389
1.9537124633789062
1.9537067413330078
1.953730821609497
1.9536283016204834
1.9536466598510742
1.9536046981811523
1.9536443948745728
1.9536099433898926
1.9535815715789795
1.953709363937378
1.9536371231079102
1.9534363746643066
1.9535536766052246
1.9534425735473633
1.9535572528839111
1.9536066055297852
1.953465223312378
1.953446626663208
1.9536457061767578
1.9535975456237793
1.9533592462539673
1.953416347503662
1.9534649848937988
1.953320026397705
1.9533751010894775
1.9534275531768799
1.9532485008239746
1.9533653259277344
1.9534704685211182
1.9533774852752686
1.9531428813934326
1.9531834125518799
1.9531285762786865
1.9530863761901855
1.9530272483825684
1.9531188011169434
1.9530446529388428
1.9531614780426025
1.9531524181365967
1.9529697895050049
1.9530599117279053
1.9529697895050049
1.9530398845672607
1.953169822692871
1.953068733215332
1.952967882156372
1.9531259536743164
1.9532005786895752
1.9530878067016602
1.9528790712356567
1.9529027938842773
1.9529457092285156
1.9528100490570068
1.9529106616973877
1.9529926776885986
1.9529008865356445
1.9527463912963867
1.953047275543213
1.9530965089797974
1.9529170989990234
1.9527666568756104
1.9528791904449463
1.9528093338012695
1.9528783559799194
1.952937126159668
1.9529497623443604
1.9528684616088867
1.952754259109497
1.9529179334640503
1.9529554843902588
1.952812671661377
1.9528497457504272
1.9529469013214111
1.9528130292892456
1.952800989151001
1.9527219533920288
1.9527010917663574
1.9527350664138794
1.9528076648712158
1.952834129333496
1.952838659286499
1.9528528451919556
1.952840805053711
1.95279860496521
1.952788233757019
1.952744483947754
1.9526581764221191
1.9526801109313965
1.9527289867401123
1.9527781009674072
1.9527761936187744
1.9527567625045776
1.952643871307373
1.9526615142822266
1.9527454376220703
1.9526805877685547
1.9526667594909668
1.9527249336242676
1.9526184797286987
1.952669382095337
1.9527502059936523
1.9528205394744873
1.9527461528778076
1.9526612758636475
1.95277738571167
1.9527380466461182
1.9527316093444824
1.9527513980865479
1.9527201652526855
1.952772617340088
1.9527990818023682
1.952788233757019
1.9526681900024414
1.9527511596679688
1.9527695178985596
1.9526863098144531
1.952793002128601
1.952763319015503
1.9526591300964355
1.952793002128601
1.9527478218078613
1.952676773071289
1.952735424041748
1.9527778625488281
1.9526703357696533
1.952707052230835
1.9527134895324707
1.9525797367095947
1.9525806903839111
1.9526886940002441
1.9526054859161377
1.9527751207351685
1.9528322219848633
1.9527034759521484
1.9526875019073486
1.952751636505127
1.9526300430297852
1.9526753425598145
1.9526710510253906
1.9526114463806152
1.9526886940002441
1.9525680541992188
1.9527969360351562
1.9528849124908447
1.952784538269043
1.952538251876831
1.9525794982910156
1.952635645866394
1.9525985717773438
1.9526469707489014
1.9526407718658447
1.9526066780090332
1.9526047706604004
1.9525518417358398
124.7461166381836
110.61547088623047
96.68671417236328
84.51068878173828
73.53062438964844
66.69698333740234
61.928916931152344
56.73604202270508
50.761146545410156
45.644386291503906
40.34077453613281
34.612403869628906
30.71399688720703
26.758136749267578
23.46892738342285
20.630756378173828
18.699493408203125
17.527145385742188
17.632253646850586
17.83053207397461
18.70676040649414
19.359365463256836
19.22744369506836
19.013519287109375
18.109556198120117
18.17892074584961
17.907421112060547
16.909591674804688
16.0947322845459
14.886301040649414
13.568231582641602
12.749248504638672
12.461235046386719
12.435907363891602
11.770547866821289
11.098731994628906
10.449230194091797
10.561223030090332
10.969795227050781
11.098965644836426
10.9027099609375
10.020965576171875
9.109346389770508
8.712264060974121
8.683317184448242
9.183018684387207
9.127483367919922
8.880088806152344
8.727136611938477
8.260801315307617
7.768589496612549
7.790098190307617
8.176155090332031
8.290536880493164
7.904797554016113
7.544411659240723
7.597521781921387
7.2559614181518555
7.269252777099609
7.3588690757751465
7.50710391998291
7.202459812164307
6.784428596496582
7.360884666442871
7.6790971755981445
7.244765281677246
6.751613140106201
6.321505069732666
6.638259410858154
7.088400363922119
7.010445594787598
6.857962608337402
6.715471267700195
6.81208610534668
6.694522857666016
6.401434421539307
6.64854621887207
6.446230411529541
6.539287090301514
6.664116859436035
6.954085350036621
6.6714982986450195
6.556331157684326
6.313160419464111
6.3862528800964355
6.2564616203308105
5.971938610076904
6.306652069091797
6.773740291595459
6.553074359893799
6.375995635986328
6.50023078918457
6.486261367797852
6.552386283874512
6.681031227111816
6.643599510192871
6.462684631347656
6.289335250854492
6.398879051208496
6.165135860443115
6.261754989624023
6.397163391113281
6.364670753479004
6.561786651611328
6.553720474243164
6.286584377288818
6.2633562088012695
6.419762134552002
6.543206214904785
6.53195858001709
6.504465579986572
6.584537029266357
6.673139572143555
6.585982799530029
6.743875980377197
6.746593952178955
6.802060127258301
6.3288493156433105
6.569859504699707
6.875197410583496
6.762381076812744
6.232502460479736
6.192589282989502
6.558346271514893
6.597501754760742
6.590628623962402
6.660444259643555
6.395312786102295
6.173112392425537
6.355825424194336
6.439881801605225
6.292888641357422
6.240381717681885
6.222433090209961
6.48262357711792
6.369655609130859
6.063061714172363
6.518923282623291
6.60974645614624
6.505797863006592
6.457781791687012
6.583975791931152
6.645271301269531
6.689601421356201
6.361013889312744
6.130569934844971
6.676348686218262
6.940587520599365
6.33792781829834
6.4354047775268555
18.897167205810547
18.717838287353516
18.42320442199707
18.070077896118164
17.793277740478516
17.569978713989258
17.49371337890625
17.488998413085938
17.48217010498047
17.452316284179688
17.352201461791992
17.180830001831055
17.036100387573242
16.97483253479004
16.99448585510254
17.07356834411621
17.08722686767578
17.03339385986328
16.933568954467773
16.85305404663086
16.80991554260254
16.797151565551758
16.794464111328125
16.750301361083984
16.723976135253906
16.68785858154297
16.677978515625
16.659988403320312
16.645246505737305
16.653038024902344
16.669496536254883
16.657426834106445
16.62943458557129
16.5919246673584
16.579753875732422
16.56243133544922
16.551597595214844
16.57485008239746
16.54881477355957
16.559476852416992
16.594785690307617
16.56169891357422
16.556686401367188
16.584903717041016
16.569276809692383
16.532817840576172
16.56356430053711
16.608497619628906
16.58053207397461
16.564626693725586
17.767349243164062
18.535795211791992
17.9365291595459
17.424545288085938
17.378450393676758
17.37472152709961
17.256986618041992
17.06548500061035
16.884952545166016
16.743511199951172
16.772533416748047
16.785011291503906
16.787872314453125
16.851228713989258
16.86308479309082
16.851150512695312
16.83185386657715
16.816038131713867
16.76689338684082
16.754840850830078
16.767597198486328
16.740062713623047
16.68745994567871
16.643779754638672
16.63432502746582
16.643198013305664
16.659517288208008
16.655242919921875
16.61444664001465
16.62789535522461
16.630962371826172
16.623912811279297
16.59439468383789
16.623380661010742
16.636322021484375
16.641578674316406
16.633333206176758
16.586143493652344
16.549901962280273
16.58346939086914
16.567747116088867
16.549381256103516
16.644161224365234
16.620214462280273
16.541309356689453
16.534990310668945
16.570186614990234
16.58744239807129
16.579137802124023
16.605005264282227
16.598392486572266
16.5706787109375
16.548307418823242
16.590574264526367
16.582918167114258
16.572132110595703
16.536571502685547
16.543468475341797
16.57211685180664
16.558412551879883
16.578161239624023
16.554058074951172
16.521963119506836
16.534563064575195
16.55307388305664
16.548892974853516
16.543678283691406
16.53482437133789
16.542573928833008
16.556116104125977
16.557279586791992
16.55495834350586
16.525049209594727
16.537614822387695
16.555768966674805
16.56084632873535
16.518075942993164
16.544090270996094
16.56334686279297
16.572372436523438
16.547822952270508
16.525022506713867
16.52495002746582
16.558025360107422
16.597721099853516
16.58809471130371
16.550048828125
16.54792022705078
16.563032150268555
16.557924270629883
16.572317123413086
16.5272216796875
16.531339645385742
16.549428939819336
16.554508209228516
16.525146484375
16.512577056884766
16.53452491760254
16.53619384765625
16.556283950805664
16.535640716552734
15.31018352508545
14.502199172973633
13.928631782531738
13.47268009185791
13.17598819732666
13.006179809570312
12.80833625793457
12.56179428100586
12.240419387817383
11.788352966308594
11.292216300964355
10.782049179077148
10.264565467834473
9.797808647155762
9.367457389831543
9.297320365905762
9.41753101348877
9.581846237182617
9.687270164489746
9.661615371704102
9.51819896697998
9.271523475646973
8.916849136352539
8.55875015258789
8.229842185974121
8.219018936157227
8.333199501037598
8.29123306274414
8.193703651428223
8.0811185836792
8.067827224731445
8.098045349121094
8.081443786621094
8.053621292114258
8.015061378479004
7.954667091369629
7.931283950805664
7.935044288635254
7.902662754058838
7.8191447257995605
7.755171775817871
7.749454498291016
7.723550796508789
7.660318851470947
7.605029106140137
7.5495147705078125
7.510585784912109
7.450773239135742
7.400434970855713
18.87860107421875
16.48805046081543
14.592113494873047
13.07533073425293
12.050013542175293
11.26400375366211
10.546062469482422
10.003518104553223
9.626862525939941
9.33829402923584
9.117332458496094
8.987574577331543
8.899113655090332
8.806803703308105
8.709925651550293
8.640539169311523
8.609130859375
8.551421165466309
8.467330932617188
8.355005264282227
8.249836921691895
8.186405181884766
8.148484230041504
8.122543334960938
8.076627731323242
8.02549934387207
7.99443244934082
7.962284564971924
7.910966873168945
7.861058235168457
7.816939353942871
7.786035060882568
7.749056339263916
7.708499908447266
7.6868696212768555
7.672191619873047
7.657838821411133
7.644460678100586
7.634671688079834
7.627035140991211
7.61998176574707
7.607501029968262
7.596985340118408
7.595040798187256
7.5871992111206055
7.570303916931152
7.550479412078857
7.53544282913208
7.534814834594727
7.533456802368164
7.530228614807129
7.528327941894531
7.525269508361816
7.519771099090576
7.512454032897949
7.507007598876953
7.5038161277771
7.504504680633545
7.504001617431641
7.503732204437256
7.5017595291137695
7.498451232910156
7.494981288909912
7.49245548248291
7.4907026290893555
7.488746166229248
7.490213871002197
7.49260139465332
7.49306058883667
7.492512226104736
7.492115020751953
7.493727207183838
7.493478775024414
7.493439674377441
7.492188930511475
7.489651203155518
7.488124847412109
7.485410690307617
7.483333587646484
7.482780933380127
7.483860492706299
7.487017631530762
7.489826679229736
7.490026950836182
7.491518020629883
7.491767406463623
7.492218017578125
7.491013526916504
7.491019248962402
7.488888740539551
7.4861249923706055
7.483331203460693
7.481071949005127
7.479488372802734
7.48104190826416
7.479585647583008
7.481851577758789
7.4858012199401855
7.489528656005859
7.4921488761901855
7.49110746383667
7.491089820861816
7.489754676818848
7.487438201904297
7.484025478363037
7.48262357711792
7.48077392578125
7.479412078857422
7.477187156677246
7.475698947906494
7.476466178894043
7.476632118225098
7.478959083557129
7.478989124298096
7.482176780700684
7.481720447540283
7.479902744293213
7.476616382598877
7.473414421081543
7.473180294036865
7.4723076820373535
7.470897197723389
7.467156410217285
7.46552848815918
7.462602615356445
7.461788654327393
7.462186813354492
7.464300155639648
7.465237140655518
7.467856407165527
7.470524787902832
7.4733781814575195
7.475089073181152
7.474492073059082
7.4715189933776855
7.471290588378906
7.471743583679199
7.469892501831055
7.469508171081543
7.4698920249938965
7.469928741455078
7.470418453216553
7.4698662757873535
7.4692535400390625
7.468135356903076
7.467371463775635
7.466074466705322
7.464331150054932
7.462974548339844
7.462621212005615
7.462315559387207
7.464718341827393
7.465213775634766
7.465134620666504
7.466078758239746
7.466589450836182
7.467517375946045
7.468080997467041
7.467837810516357
7.465779781341553
7.464151382446289
7.463632583618164
7.464112758636475
7.466180324554443
7.46622896194458
7.468076705932617
7.468863010406494
7.469418525695801
7.468656539916992
7.468437194824219
7.468001842498779
7.466083526611328
7.465631484985352
7.464222431182861
7.463205337524414
7.463756084442139
7.464757919311523
7.468348503112793
7.469078063964844
7.475467681884766
7.477715969085693
7.478424549102783
7.478204250335693
7.477197647094727
7.471759796142578
7.467939853668213
7.4653801918029785
7.464779376983643
7.466129779815674
7.467220783233643
7.468700408935547
7.470138072967529
7.4723920822143555
7.4730143547058105
7.472700119018555
7.472585678100586
7.471956253051758
7.470361709594727
7.467789649963379
7.464625358581543
7.464639186859131
7.463053226470947
7.462480068206787
7.463702201843262
7.46719217300415
7.4686598777771
7.47159481048584
7.4714250564575195
7.472973346710205
7.4734697341918945
7.471546173095703
7.469440460205078
7.465816974639893
7.4652557373046875
7.464278697967529
7.4633989334106445
7.463454723358154
7.4645233154296875
7.465075492858887
7.466211795806885
7.467982292175293
7.46831750869751
7.468198299407959
7.4695725440979
7.468350887298584
7.466797828674316
7.464656352996826
7.46182918548584
7.46108341217041
7.460136890411377
7.458656311035156
7.459646224975586
7.459976673126221
7.459244728088379
7.462607383728027
7.465051651000977
7.468516826629639
7.470028877258301
7.471224308013916
7.470097541809082
7.469771862030029
7.470510482788086
7.469086647033691
7.468836307525635
7.470282077789307
7.469249725341797
7.467286109924316
7.46530818939209
7.464219570159912
7.46332311630249
0.563044011592865
0.5539765357971191
0.5460218787193298
0.5388083457946777
0.5320963263511658
0.5257266759872437
0.5198136568069458
0.5144995450973511
0.5095463991165161
0.5048686861991882
0.5004810094833374
0.4964182376861572
0.49269750714302063
0.4895436465740204
0.4869377017021179
0.48464125394821167
0.4825233817100525
0.4804316759109497
0.47855693101882935
0.4772241711616516
0.4769524335861206
0.4768974781036377
0.4763847887516022
0.4758215546607971
0.47522249817848206
0.4747183918952942
0.4743688106536865
0.4740890860557556
0.4738750755786896
0.47368597984313965
0.4735572636127472
0.47346293926239014
0.47343501448631287
0.47335338592529297
0.47321879863739014
0.4730633795261383
0.4729669690132141
0.47286874055862427
0.472716748714447
0.4726078510284424
0.47252801060676575
0.4724692106246948
0.47244328260421753
0.47242552042007446
0.47237247228622437
0.47230595350265503
0.47225773334503174
0.47215786576271057
0.47208550572395325
0.47203829884529114
0.4720672369003296
0.47208282351493835
0.47202813625335693
0.47200897336006165
0.47195500135421753
0.4719007611274719
0.47188425064086914
0.47189632058143616
0.47189879417419434
0.4718935489654541
0.4718603491783142
0.4718218743801117
0.47186893224716187
0.4719190001487732
0.47189074754714966
0.47184139490127563
0.47181159257888794
0.47179967164993286
0.47185128927230835
0.47185075283050537
0.47180044651031494
0.47177356481552124
0.471768856048584
0.4717848300933838
0.47179001569747925
0.4717642664909363
0.47173765301704407
0.4717366099357605
0.4717501997947693
0.4717588722705841
0.4717400372028351
0.47173410654067993
0.4717433452606201
0.4717540740966797
0.4717453122138977
0.4717414379119873
0.4717599153518677
0.4717528820037842
0.4717722237110138
0.47176432609558105
0.47173261642456055
0.4717438220977783
0.47176557779312134
0.47177720069885254
0.47176593542099
0.47175002098083496
0.47174400091171265
0.47175073623657227
0.4717676341533661
0.4717554450035095
