20.211545944213867
17.579553604125977
16.57268714904785
14.855935096740723
12.806541442871094
11.410174369812012
10.001091003417969
8.324332237243652
6.454155921936035
4.589177131652832
3.520368814468384
4.024926662445068
4.217533111572266
4.1543684005737305
4.0471906661987305
4.318193435668945
4.3526225090026855
4.606736183166504
4.540544033050537
4.227975845336914
4.087857246398926
3.686016082763672
2.9920661449432373
2.254561424255371
1.844265341758728
1.5814223289489746
1.8948025703430176
2.208005666732788
2.404759168624878
2.4527945518493652
2.2172577381134033
1.789576530456543
1.3085463047027588
1.0672309398651123
1.5688962936401367
1.992551326751709
2.140814781188965
2.0952858924865723
1.9551746845245361
1.5628151893615723
1.2260340452194214
1.3351552486419678
1.3714351654052734
1.533094882965088
1.5633323192596436
1.4038362503051758
1.0752164125442505
0.9113423824310303
1.1574946641921997
1.1951870918273926
1.0465688705444336
0.831120491027832
1.1159756183624268
1.2385971546173096
1.1665620803833008
0.9203665256500244
0.9888060688972473
1.1691040992736816
1.1507995128631592
0.9546138644218445
0.9080447554588318
1.0483779907226562
0.9958230257034302
0.8044518828392029
0.8866288065910339
0.8422486782073975
0.8833892941474915
0.9015195369720459
0.8526273369789124
0.9677149653434753
0.9693496227264404
0.8050330281257629
0.82032310962677
0.7877789735794067
0.7958062291145325
0.7582478523254395
0.7803030610084534
0.8873306512832642
0.850724458694458
0.8697919845581055
0.8813418745994568
0.7953025698661804
0.7698171138763428
0.7974751591682434
0.8632190823554993
0.8213080763816833
0.903115451335907
0.928040623664856
0.8991487622261047
0.8190162777900696
0.8529641032218933
0.8738585114479065
0.8732743859291077
0.9744517803192139
0.9288467764854431
0.8821301460266113
0.9488679766654968
0.8987404704093933
0.8357920050621033
0.8582078218460083
0.8104496002197266
0.8103870153427124
0.8089579939842224
0.8119069337844849
0.8097060322761536
0.8023150563240051
0.7902436256408691
0.7908709645271301
0.7794685959815979
0.761847972869873
0.7767550945281982
0.7767029404640198
0.7827185392379761
0.7924072742462158
0.7957168221473694
0.7932819724082947
0.7856779098510742
0.7734202146530151
0.7767550945281982
0.7719956636428833
0.762579619884491
0.7842697501182556
0.7890545129776001
0.7746391296386719
0.783721387386322
0.7897489070892334
0.8027144074440002
0.797849178314209
0.7747434377670288
0.7718541026115417
0.7886611223220825
0.7851280570030212
0.7633395791053772
0.7819645404815674
0.797706127166748
0.7933028340339661
0.770828902721405
0.7750012278556824
0.7913165092468262
0.787536084651947
0.7658563852310181
0.7665194869041443
0.7706441283226013
0.7559232711791992
0.7828496694564819
0.7929005026817322
0.783566415309906
0.7591076493263245
0.7690184116363525
0.7674627304077148
30.003517150878906
29.659976959228516
29.149593353271484
28.54224395751953
27.865123748779297
27.134218215942383
26.364412307739258
25.567047119140625
24.748607635498047
23.914216995239258
23.06929588317871
22.217514038085938
21.361412048339844
20.503795623779297
19.6467342376709
18.791746139526367
17.93970489501953
17.09250831604004
16.249887466430664
15.413369178771973
14.583401679992676
13.759875297546387
12.943875312805176
12.135265350341797
11.335741996765137
10.618643760681152
10.01554012298584
9.45878791809082
8.925479888916016
8.413514137268066
7.9142537117004395
7.424635887145996
6.9414215087890625
6.461610317230225
6.010253429412842
5.635254859924316
5.3129143714904785
5.009929656982422
4.72116231918335
4.45798921585083
4.242145538330078
4.056818962097168
3.880765199661255
3.7051916122436523
3.5222058296203613
3.332296848297119
3.1420629024505615
2.9686994552612305
2.8083550930023193
2.679792881011963
2.597245693206787
2.548504590988159
2.5179924964904785
2.4923505783081055
2.4575021266937256
2.408111572265625
2.346656560897827
2.2788238525390625
2.2128801345825195
2.1585800647735596
2.1273322105407715
2.1156322956085205
2.1111369132995605
2.1063289642333984
2.095797300338745
2.0787901878356934
2.0570437908172607
2.0336577892303467
2.012352466583252
1.994051218032837
1.9819103479385376
1.9734066724777222
1.9681313037872314
1.9601742029190063
1.9491066932678223
1.9400372505187988
1.9287054538726807
1.9189202785491943
1.910550832748413
1.9035003185272217
1.8982090950012207
1.8921194076538086
1.8875081539154053
1.8823485374450684
1.8768725395202637
1.8718116283416748
1.8675107955932617
1.8640762567520142
1.8648778200149536
1.8652973175048828
1.8647751808166504
1.863114833831787
1.8606212139129639
1.8574268817901611
1.8563203811645508
1.8552296161651611
1.8535670042037964
1.8541240692138672
1.8542933464050293
1.8529319763183594
1.8523595333099365
1.85104501247406
1.8506089448928833
1.849256992340088
1.8488116264343262
1.8499823808670044
1.848982572555542
1.8482109308242798
1.8484203815460205
1.847358226776123
1.8463528156280518
1.8473495244979858
1.8464179039001465
1.845956802368164
1.8464765548706055
1.8464412689208984
1.8466579914093018
1.8462220430374146
1.845298171043396
1.846282720565796
1.8456921577453613
1.8447904586791992
1.8448598384857178
1.8454562425613403
1.8467228412628174
1.8460614681243896
1.8440911769866943
1.8461647033691406
1.8461387157440186
1.8449589014053345
1.8452391624450684
1.8455787897109985
1.8449716567993164
1.8450603485107422
1.8445713520050049
1.8443915843963623
1.8435239791870117
1.8433269262313843
1.8437557220458984
1.8440780639648438
1.8449854850769043
1.8440285921096802
1.8446065187454224
1.8447988033294678
1.8434350490570068
1.8452634811401367
1.8455764055252075
1.844038963317871
1.8446396589279175
1.8454580307006836
1.8443033695220947
1.844221830368042
1.8440921306610107
1.8438961505889893
1.8436710834503174
1.843414306640625
1.8432929515838623
1.8434693813323975
1.843446969985962
1.8432226181030273
1.8428359031677246
1.8429408073425293
1.8432276248931885
1.843397855758667
1.8432985544204712
1.842974305152893
1.842632532119751
1.8428659439086914
1.8428951501846313
1.842738389968872
1.8426542282104492
1.8427174091339111
1.8425672054290771
1.842519998550415
1.8425613641738892
1.8426287174224854
1.8426803350448608
1.842665195465088
1.842574119567871
1.8425164222717285
1.8424640893936157
1.8426051139831543
1.842599868774414
1.8424571752548218
1.8425841331481934
1.8425211906433105
1.842444658279419
1.842442512512207
1.8424012660980225
1.8424770832061768
1.8424407243728638
1.842503547668457
1.8424975872039795
1.842407464981079
1.8423879146575928
1.8423911333084106
1.8423212766647339
1.8424971103668213
1.8425352573394775
1.842406988143921
1.8424334526062012
1.8424763679504395
1.8423616886138916
1.8423435688018799
1.8423445224761963
1.8423316478729248
1.8423551321029663
1.8423606157302856
1.8422775268554688
1.8422731161117554
1.8423230648040771
1.8422600030899048
1.8423399925231934
1.842374324798584
1.8422832489013672
1.8422601222991943
1.8421775102615356
1.8423452377319336
1.8423748016357422
1.842233657836914
1.8422985076904297
1.8424361944198608
1.842406153678894
1.8423099517822266
1.842247724533081
1.8423116207122803
1.8421754837036133
1.8422480821609497
1.8423519134521484
1.842301845550537
1.8421317338943481
1.8422707319259644
1.8423442840576172
1.8422276973724365
1.842036247253418
1.8420774936676025
1.8420567512512207
1.8420228958129883
1.8421242237091064
1.8420990705490112
1.8420629501342773
1.8420772552490234
1.8419597148895264
1.8420069217681885
1.841964840888977
1.8419106006622314
1.8419339656829834
1.842052698135376
1.8419744968414307
1.8420865535736084
1.8421251773834229
1.842003583908081
1.842041254043579
1.8420991897583008
1.8419214487075806
1.8421440124511719
1.8422660827636719
1.8422071933746338
1.841982364654541
1.842111349105835
1.8422578573226929
1.8421657085418701
1.8420377969741821
1.8420968055725098
1.8422017097473145
1.8421204090118408
1.8420274257659912
1.8420677185058594
1.8420472145080566
1.842017412185669
1.841883659362793
1.841900110244751
1.8418992757797241
1.841904640197754
1.8419193029403687
1.8418962955474854
1.841890573501587
1.8418934345245361
1.841900110244751
1.8419222831726074
1.8418681621551514
1.8418638706207275
1.8419673442840576
1.8418989181518555
1.8418985605239868
1.8418611288070679
1.8418567180633545
1.8419849872589111
1.841925859451294
1.8420002460479736
1.8420510292053223
1.8419270515441895
1.8420530557632446
1.8421134948730469
1.8419450521469116
1.8420462608337402
1.8421635627746582
1.8420993089675903
1.8418748378753662
1.8421545028686523
1.8423051834106445
1.8422179222106934
1.8420543670654297
1.841977834701538
1.842076063156128
1.8419992923736572
1.842043161392212
1.8420838117599487
1.842067003250122
1.841974139213562
1.841872215270996
1.841874122619629
1.8419394493103027
1.841900110244751
1.8419811725616455
1.8420214653015137
1.841970443725586
1.8419265747070312
1.8418655395507812
1.8418381214141846
1.8419592380523682
1.8419619798660278
1.8419914245605469
1.842050313949585
1.842043399810791
1.8419837951660156
1.8419017791748047
1.8418526649475098
1.841871976852417
1.841905117034912
1.8419312238693237
1.8419442176818848
1.8418914079666138
1.8419370651245117
1.841835856437683
1.8419709205627441
1.8419649600982666
1.8419227600097656
1.8419569730758667
1.8419337272644043
1.841860294342041
1.8418710231781006
1.8419013023376465
1.841905951499939
1.8420460224151611
1.8419501781463623
1.8419172763824463
1.8419840335845947
1.841873288154602
1.841962456703186
89.25340270996094
81.12517547607422
74.16934204101562
66.92318725585938
61.00508117675781
54.8531379699707
48.84872055053711
43.490234375
37.843727111816406
33.22361755371094
28.42824363708496
24.60485076904297
21.200363159179688
18.375568389892578
16.33238410949707
15.189803123474121
14.038792610168457
12.449980735778809
11.537918090820312
11.919353485107422
12.643707275390625
13.177778244018555
12.913575172424316
13.37098217010498
13.332991600036621
13.062803268432617
12.6380615234375
11.95547866821289
10.992338180541992
9.78477668762207
8.839653968811035
8.601553916931152
8.52705192565918
8.619324684143066
8.428813934326172
7.841595649719238
7.758735179901123
7.7905778884887695
7.782367706298828
7.5589470863342285
7.337091445922852
7.108646869659424
6.952764511108398
7.170023441314697
7.0741143226623535
6.58860969543457
6.476202011108398
6.709878921508789
6.7920684814453125
6.400932788848877
6.124517440795898
6.369678020477295
6.424948692321777
6.599606990814209
6.483380317687988
6.264243125915527
6.257430076599121
6.144089221954346
6.323808193206787
6.284310817718506
6.158008098602295
6.201834201812744
6.251710414886475
6.239776134490967
5.897387504577637
5.756439208984375
6.374330997467041
6.557806015014648
6.365329742431641
5.866934776306152
5.904637813568115
6.2439374923706055
6.582812309265137
6.415397644042969
5.954687595367432
6.228294372558594
6.434856414794922
6.559016704559326
6.140157222747803
5.9069108963012695
6.010356426239014
6.119656562805176
6.156397342681885
6.039188861846924
6.010201454162598
5.898340702056885
5.954712867736816
6.121130466461182
6.262292861938477
6.078122615814209
6.23481559753418
6.1001434326171875
6.32899284362793
6.23245906829834
6.197229385375977
6.362500190734863
6.143078804016113
6.239658355712891
6.462890148162842
6.5607452392578125
6.511111259460449
5.9947710037231445
6.032601833343506
6.133584976196289
5.9723734855651855
5.694153785705566
5.993002414703369
6.170368194580078
6.16334867477417
6.043332099914551
5.877918720245361
5.903627395629883
6.044360637664795
5.94890832901001
5.902175426483154
6.026411056518555
5.964004039764404
5.966777801513672
5.902275085449219
5.916299343109131
5.983165264129639
5.790271282196045
5.851321697235107
5.996837139129639
5.863297462463379
6.028357982635498
6.256503105163574
6.323433876037598
6.178373336791992
6.182889461517334
6.435975551605225
6.236034393310547
6.2611799240112305
6.098628520965576
5.8725152015686035
5.855806350708008
6.099882125854492
5.923704624176025
5.9785356521606445
6.051449775695801
6.127573013305664
5.897976398468018
5.954817771911621
5.9988813400268555
6.132637977600098
6.128854751586914
6.062925815582275
6.13651704788208
6.222769260406494
6.138485908508301
28.355411529541016
28.114824295043945
27.88245391845703
27.670141220092773
27.617568969726562
27.57327651977539
27.49433135986328
27.395038604736328
27.360755920410156
27.428508758544922
27.474468231201172
27.455263137817383
27.364959716796875
27.313556671142578
27.30895233154297
27.280221939086914
27.238658905029297
27.174152374267578
27.18645477294922
27.225046157836914
27.248600006103516
27.23458480834961
27.213415145874023
27.186508178710938
27.20490264892578
27.227018356323242
27.229257583618164
27.202299118041992
27.144304275512695
27.120616912841797
27.138486862182617
27.139244079589844
27.159687042236328
27.128921508789062
27.112668991088867
27.127025604248047
27.101415634155273
27.08481788635254
27.077953338623047
27.088281631469727
27.109695434570312
27.10600471496582
27.08950424194336
27.087749481201172
27.08426856994629
27.104894638061523
27.108661651611328
27.091556549072266
27.09891128540039
27.093059539794922
27.082904815673828
27.08680534362793
27.076276779174805
27.081167221069336
27.089435577392578
27.069482803344727
27.083839416503906
27.0823974609375
27.05112075805664
27.063745498657227
27.062808990478516
27.09922218322754
27.086729049682617
27.07449722290039
27.117998123168945
27.120695114135742
27.106332778930664
27.082958221435547
27.088722229003906
27.072906494140625
27.07250213623047
27.073875427246094
27.06133270263672
27.064979553222656
27.077844619750977
27.05345916748047
27.057708740234375
27.0798397064209
27.083127975463867
27.056781768798828
27.066612243652344
27.074447631835938
27.067235946655273
27.08099365234375
27.089553833007812
27.08962059020996
27.08783531188965
27.088560104370117
27.086950302124023
27.080963134765625
27.07745933532715
27.089767456054688
27.08048439025879
27.05269432067871
27.066686630249023
27.07768440246582
27.070417404174805
27.077342987060547
27.08816146850586
27.093656539916992
27.06216812133789
27.063087463378906
27.0478458404541
27.03767967224121
27.04954719543457
27.052778244018555
27.04431915283203
27.043865203857422
27.066537857055664
27.080181121826172
27.07329750061035
27.082300186157227
27.09764862060547
27.090476989746094
27.076152801513672
27.05034065246582
27.062509536743164
27.051286697387695
27.032629013061523
27.04314613342285
27.050579071044922
27.08648681640625
27.072738647460938
27.067182540893555
27.05103302001953
27.078874588012695
27.100692749023438
27.084087371826172
27.063512802124023
27.090730667114258
27.103212356567383
27.100553512573242
27.10427474975586
27.08356475830078
27.07047462463379
27.076942443847656
27.11872100830078
27.093616485595703
27.08363914489746
27.103057861328125
27.08685302734375
27.101287841796875
27.100299835205078
27.075212478637695
27.11542510986328
27.139312744140625
27.14004135131836
27.109289169311523
27.081438064575195
27.07872772216797
27.50847625732422
26.21147918701172
24.942468643188477
23.75208282470703
22.663122177124023
21.828590393066406
21.04661750793457
20.183059692382812
19.317214965820312
18.52106285095215
17.784893035888672
17.123065948486328
16.49422836303711
15.861589431762695
15.193836212158203
14.472174644470215
13.756294250488281
13.104254722595215
12.520037651062012
11.98794937133789
11.441624641418457
10.837308883666992
10.1874418258667
9.578630447387695
9.07408618927002
8.627278327941895
8.280982971191406
8.051857948303223
7.906031131744385
7.838155746459961
7.843536376953125
7.8994832038879395
7.935503959655762
7.894778251647949
7.769092559814453
7.583044528961182
7.382587432861328
7.197828769683838
7.001942157745361
6.888267517089844
6.934657096862793
7.018993854522705
7.0485310554504395
7.028112888336182
6.9427900314331055
6.794580936431885
6.630499362945557
6.518198490142822
6.5176591873168945
6.592558860778809
6.660630702972412
6.675628185272217
6.634922504425049
6.557500839233398
6.4843831062316895
6.451796531677246
6.4616899490356445
6.480504512786865
6.487199306488037
6.477167129516602
6.453202724456787
6.429623126983643
6.417014122009277
6.420382499694824
6.427837371826172
6.421935558319092
6.40531063079834
6.390345573425293
6.388920307159424
6.393664360046387
6.398393154144287
6.394650936126709
6.3849945068359375
6.374267578125
6.368332386016846
6.373714923858643
6.3780035972595215
6.3776679039001465
6.37037992477417
6.362032413482666
6.359301567077637
6.361485481262207
6.365766525268555
6.366518020629883
6.363364219665527
6.358641624450684
6.355562686920166
6.355711936950684
6.35678768157959
6.355627536773682
6.353048801422119
6.352946758270264
6.350873947143555
6.351304531097412
6.350871562957764
6.351226329803467
6.3496623039245605
6.348418235778809
6.347728252410889
6.348120212554932
6.348278045654297
6.347944736480713
6.347071170806885
6.347362041473389
6.345928192138672
6.345589637756348
6.345479965209961
6.345081329345703
6.345185279846191
6.344615459442139
6.344503402709961
6.344229698181152
6.344438076019287
6.34341287612915
6.342458248138428
6.342307090759277
6.342288017272949
6.3412766456604
6.34151029586792
6.341136455535889
6.340614318847656
6.340450286865234
6.339961528778076
6.340578556060791
6.339341163635254
6.3397016525268555
6.339240074157715
6.33872127532959
6.33869743347168
6.338539123535156
6.338660717010498
6.3383307456970215
6.337238311767578
6.336629867553711
6.335546016693115
6.335448741912842
6.336184978485107
6.336239337921143
6.336329460144043
6.335666656494141
6.33631706237793
6.33599853515625
6.335757255554199
6.335516452789307
6.335421562194824
6.334476470947266
6.333929061889648
6.333544731140137
6.3332977294921875
6.333127498626709
6.332449436187744
6.332129955291748
6.332374095916748
6.332149028778076
6.3318328857421875
6.331650733947754
6.331362247467041
6.330647945404053
6.3307318687438965
6.330432891845703
6.329864025115967
6.3297953605651855
6.329800605773926
6.330089569091797
6.329587936401367
6.329861640930176
6.329618453979492
6.329509735107422
6.329080581665039
6.328662395477295
6.328510284423828
6.328330039978027
6.327783107757568
6.327426433563232
6.327552795410156
6.327101230621338
6.327579498291016
6.3282012939453125
6.3279924392700195
6.327663421630859
6.326739311218262
6.3259735107421875
6.325908660888672
6.326470375061035
6.326446056365967
6.3255791664123535
6.325553894042969
6.324756622314453
6.324017524719238
6.3245439529418945
6.325140476226807
6.324850082397461
6.3251166343688965
6.324951171875
6.324214458465576
6.32378625869751
6.3233323097229
6.322653770446777
6.322551250457764
6.322472095489502
6.322951316833496
6.3231635093688965
6.323766708374023
6.324058532714844
6.324024200439453
6.324000358581543
6.323655605316162
6.3230156898498535
6.321918964385986
6.322582244873047
6.322921276092529
6.322959899902344
6.32285213470459
6.323100566864014
6.322944164276123
6.3233184814453125
6.323309898376465
6.32321834564209
6.323125839233398
6.322940826416016
6.32324743270874
6.323342800140381
6.323443412780762
6.322854995727539
6.322164535522461
6.322399139404297
6.322135925292969
6.322418689727783
6.322699069976807
6.322680473327637
6.322920322418213
6.3231964111328125
6.323185920715332
6.3221116065979
6.321887493133545
6.3217973709106445
6.321934223175049
6.321625709533691
6.322810173034668
6.32304573059082
6.3236284255981445
6.323788166046143
6.322974681854248
6.323232650756836
6.322143077850342
6.322340488433838
6.321230888366699
6.3208818435668945
6.321680068969727
6.322573661804199
6.32310152053833
6.323703765869141
6.323463439941406
6.322937488555908
6.322276592254639
6.321967601776123
6.3212971687316895
6.321249008178711
6.321877479553223
6.3220295906066895
6.322946548461914
6.322546482086182
6.322815418243408
6.3227972984313965
6.322916030883789
6.322114944458008
6.321372985839844
6.321940898895264
6.32288122177124
6.323193550109863
6.322714328765869
6.321664333343506
6.3215413093566895
6.321627616882324
6.321269989013672
6.321809768676758
6.3218255043029785
6.322453498840332
6.322253227233887
6.322380542755127
6.322261810302734
6.322026252746582
6.321309566497803
6.320817470550537
6.32232141494751
6.322707653045654
6.322857856750488
6.322566509246826
6.322023868560791
6.322179794311523
6.322450637817383
6.32243537902832
6.32204008102417
6.3220367431640625
6.322023868560791
6.322566986083984
6.3221025466918945
6.321847915649414
6.321658134460449
6.320705413818359
0.5543056130409241
0.5460391044616699
0.5382596254348755
0.5308540463447571
0.5239700675010681
0.517302393913269
0.5109820365905762
0.5051085948944092
0.49961280822753906
0.4944946765899658
0.4897173047065735
0.48550957441329956
0.4819408059120178
0.47889938950538635
0.47620630264282227
0.47386592626571655
0.47205397486686707
0.4710368812084198
0.4707680940628052
0.4706994295120239
0.4707731604576111
0.47070783376693726
0.4701799154281616
0.4695591330528259
0.46887820959091187
0.4681832492351532
0.4674771726131439
0.46671634912490845
0.4659878611564636
0.4654209613800049
0.46517932415008545
0.46523627638816833
0.465455025434494
0.46556270122528076
0.4654476046562195
0.4651992917060852
0.4649174213409424
0.46459251642227173
0.4642413258552551
0.46405279636383057
0.46399685740470886
0.4640229344367981
0.46403396129608154
0.4639721214771271
0.46384817361831665
0.4637174904346466
0.46363043785095215
0.46350473165512085
0.46340441703796387
0.46333807706832886
0.4633639454841614
0.4633769690990448
0.46331918239593506
0.463290810585022
0.4632015824317932
0.46309423446655273
0.46305984258651733
0.46308743953704834
0.4631098508834839
0.46310222148895264
0.4630400240421295
0.46297240257263184
0.4629879593849182
0.46303898096084595
0.4630286991596222
0.4629925489425659
0.46296414732933044
0.4629383385181427
0.46297577023506165
0.4629693031311035
0.4628990888595581
0.46287745237350464
0.4628981649875641
0.4629018306732178
0.4628852307796478
0.46285831928253174
0.4628446698188782
0.4628593325614929
0.46287229657173157
0.46286022663116455
0.46282514929771423
0.4628303349018097
0.4628380537033081
0.4628508388996124
0.46284574270248413
0.462847501039505
0.462857723236084
0.4628395736217499
0.46286439895629883
0.46286195516586304
0.4628339409828186
0.4628368318080902
0.4628632068634033
0.4628659784793854
0.46285682916641235
0.4628395438194275
0.46284201741218567
0.46282899379730225
0.4628317356109619
0.4628264307975769
