12.381092071533203
10.757294654846191
9.13349723815918
8.14950942993164
7.608242988586426
7.066980361938477
6.525713920593262
5.984448432922363
5.443182945251465
4.90191650390625
5.150333404541016
5.577454566955566
5.633339881896973
5.404142379760742
4.948982238769531
4.310738563537598
3.6143639087677
3.6209754943847656
3.5631232261657715
3.449381113052368
3.286970376968384
3.3134765625
3.2714762687683105
2.998406410217285
2.5298335552215576
2.7973570823669434
3.1443841457366943
3.241471290588379
3.231740713119507
3.2470204830169678
3.204179525375366
3.1095199584960938
2.9686100482940674
2.786386728286743
3.1174190044403076
3.200725555419922
3.064276933670044
2.734867572784424
2.4562723636627197
2.695051670074463
2.704195022583008
2.5105395317077637
2.649796724319458
2.8372936248779297
2.8904833793640137
2.739975690841675
2.6422061920166016
2.6382081508636475
2.7588613033294678
2.6712305545806885
2.498758554458618
2.4915225505828857
2.6081228256225586
2.519779682159424
2.522900104522705
2.641106367111206
2.626051902770996
2.590043067932129
2.5033957958221436
2.431265354156494
2.385554552078247
2.4131991863250732
2.4474241733551025
2.4452693462371826
2.4152495861053467
2.49015474319458
2.4827308654785156
2.4294593334198
2.6530542373657227
2.6694111824035645
2.4867348670959473
2.565584421157837
2.6927716732025146
2.6117124557495117
2.4197049140930176
2.6431732177734375
2.7138867378234863
2.5834226608276367
2.4189271926879883
2.504422664642334
2.4539716243743896
2.451155424118042
2.3944802284240723
2.408663272857666
2.443162441253662
2.6020445823669434
2.5688328742980957
2.5522000789642334
2.577737808227539
2.5750510692596436
2.4644203186035156
2.4062492847442627
2.416811227798462
2.4285993576049805
2.472639799118042
2.467952013015747
2.409606456756592
2.3890488147735596
2.430898666381836
2.414431571960449
2.478951930999756
2.4678611755371094
2.4380245208740234
2.3914196491241455
2.373126983642578
2.412437677383423
2.4377055168151855
2.440617322921753
2.4235167503356934
2.388507843017578
2.355966806411743
2.3952133655548096
2.4121053218841553
2.4077019691467285
2.384228229522705
2.3506946563720703
2.3903720378875732
2.4086289405822754
2.4055862426757812
2.383453369140625
2.3572988510131836
2.3886539936065674
2.4059600830078125
2.402155876159668
2.3794331550598145
2.353865623474121
2.382674217224121
2.390686511993408
2.3786211013793945
2.355501890182495
2.3651785850524902
2.3654439449310303
2.354188919067383
2.3680648803710938
2.369091749191284
2.35139799118042
2.3630895614624023
2.3635573387145996
2.348680019378662
2.3587234020233154
2.350858688354492
2.351217746734619
2.3503758907318115
2.358121395111084
2.3536899089813232
2.361520290374756
2.3631954193115234
2.3600704669952393
2.367778778076172
2.3677892684936523
27.45851707458496
27.04012107849121
26.430330276489258
25.70470428466797
24.896642684936523
24.026025772094727
23.111980438232422
22.16658592224121
21.196805953979492
20.209819793701172
19.210630416870117
18.202573776245117
17.233205795288086
16.3526668548584
15.504384994506836
14.674446105957031
13.923463821411133
13.310647964477539
12.768726348876953
12.261956214904785
11.775157928466797
11.294288635253906
10.816971778869629
10.354911804199219
9.917346954345703
9.501144409179688
9.087651252746582
8.669425964355469
8.2494478225708
7.82904052734375
7.433936595916748
7.09077262878418
6.789496421813965
6.526153564453125
6.286613941192627
6.050077438354492
5.806534767150879
5.554733753204346
5.301705360412598
5.054293155670166
4.822526931762695
4.626334190368652
4.471892833709717
4.36088752746582
4.279196739196777
4.198288917541504
4.121697425842285
4.0614914894104
4.006081581115723
3.9618709087371826
3.930877923965454
3.906059741973877
3.8787572383880615
3.8449559211730957
3.7978878021240234
3.7419919967651367
3.688441276550293
3.6410324573516846
3.605743885040283
3.581206798553467
3.563509941101074
3.547778844833374
3.535128593444824
3.519620418548584
3.5047807693481445
3.494339942932129
3.4874398708343506
3.482858180999756
3.4815938472747803
3.477684497833252
3.469871997833252
3.458582878112793
3.450486660003662
3.4415252208709717
3.4322104454040527
3.424417495727539
3.4156391620635986
3.4059481620788574
3.399312973022461
3.395799398422241
3.3906214237213135
3.3873813152313232
3.3849315643310547
3.3848342895507812
3.384946346282959
3.3835864067077637
3.383908271789551
3.3835196495056152
3.382385730743408
3.381669759750366
3.3797519207000732
3.377133846282959
3.3756556510925293
3.372952461242676
3.37176513671875
3.3714070320129395
3.369785785675049
3.3701274394989014
3.3701305389404297
3.3704209327697754
3.3707547187805176
3.3709163665771484
3.370710611343384
3.369422435760498
3.3684439659118652
3.36808180809021
3.3671011924743652
3.3680028915405273
3.3671979904174805
3.3678159713745117
3.368011236190796
3.36673641204834
3.367854118347168
3.367605686187744
3.3657751083374023
3.3665642738342285
3.365567207336426
3.367781639099121
3.368314743041992
3.3666930198669434
3.3667714595794678
3.3676249980926514
3.3661563396453857
3.3662290573120117
3.3669300079345703
3.3655190467834473
3.3657779693603516
3.366405725479126
3.365508556365967
3.3648860454559326
3.3668925762176514
3.3668935298919678
3.364841938018799
3.3662075996398926
3.367485523223877
3.366412878036499
3.3639063835144043
3.366426467895508
3.36727237701416
3.3659791946411133
3.363316535949707
3.3640191555023193
3.363348960876465
3.3633971214294434
3.363175392150879
3.363095283508301
3.3630292415618896
3.3629250526428223
3.3628926277160645
3.363041639328003
3.3633387088775635
3.3632216453552246
3.3628969192504883
3.3625359535217285
3.3626956939697266
3.3627820014953613
3.362656593322754
3.3623416423797607
3.362523078918457
3.3626880645751953
3.3626205921173096
3.3624253273010254
3.362330913543701
3.3623156547546387
3.362358808517456
3.3621985912323
3.3622093200683594
3.3622214794158936
3.3623459339141846
3.3622498512268066
3.361947774887085
3.3620834350585938
3.362201690673828
3.3621010780334473
3.361814260482788
3.362010955810547
3.3621058464050293
3.3619747161865234
3.3616437911987305
3.36202335357666
3.362210273742676
3.3621790409088135
3.3619532585144043
3.361603260040283
3.3616561889648438
3.361776828765869
3.361720085144043
3.361490249633789
3.3614935874938965
3.361518144607544
3.3613359928131104
3.361546039581299
3.3616228103637695
3.3614816665649414
3.3612120151519775
3.361326217651367
3.361234426498413
3.361208438873291
3.3612048625946045
3.361166477203369
3.361084222793579
3.3610947132110596
3.361006021499634
3.361150026321411
3.361156702041626
3.360995292663574
3.360966682434082
3.360905170440674
3.3608486652374268
3.360868453979492
3.3608341217041016
3.3607687950134277
3.360748767852783
3.360718250274658
3.3607358932495117
3.36067271232605
3.36068058013916
3.3605923652648926
3.3607349395751953
3.3607349395751953
3.3605401515960693
3.3607065677642822
3.3607871532440186
3.3606488704681396
3.360477924346924
3.360651969909668
3.3607211112976074
3.360582113265991
3.3603930473327637
3.3604092597961426
3.3604884147644043
3.360377550125122
3.3602166175842285
3.3602511882781982
3.3601112365722656
3.360126256942749
3.360116958618164
3.3600287437438965
3.3600950241088867
3.3600049018859863
3.3600640296936035
3.3599705696105957
3.3600828647613525
3.360086441040039
3.3598828315734863
3.3601090908050537
3.3602030277252197
3.3600969314575195
3.359804153442383
3.359907865524292
3.3599586486816406
3.359867572784424
3.3598012924194336
3.3598835468292236
3.3598880767822266
3.3596999645233154
3.359992027282715
3.360121250152588
3.3600358963012695
3.359755039215088
3.3599934577941895
3.3601927757263184
3.360183000564575
3.35998272895813
3.359745979309082
3.359926223754883
3.3599753379821777
3.3598146438598633
3.3597605228424072
3.359861135482788
3.359764814376831
3.3598101139068604
3.3599066734313965
3.3598759174346924
3.359771251678467
3.359802722930908
3.359844923019409
3.3596887588500977
3.3598380088806152
3.359938144683838
3.359825611114502
3.359670639038086
3.3599624633789062
3.360060453414917
3.359954595565796
3.359675884246826
3.3599352836608887
3.3601396083831787
3.360121250152588
3.3599019050598145
3.359687328338623
3.360004425048828
3.3601670265197754
3.36012864112854
3.3599023818969727
3.3597066402435303
3.3598694801330566
3.3599414825439453
3.3598036766052246
3.359640598297119
3.359933853149414
3.3600494861602783
3.359966278076172
3.359703540802002
3.3598039150238037
3.359992742538452
3.359963893890381
3.3597376346588135
3.359694004058838
3.3598475456237793
3.359797716140747
3.3596649169921875
3.3597071170806885
3.359692096710205
3.3596715927124023
3.3595333099365234
3.3596384525299072
3.3596129417419434
3.359640121459961
3.3595776557922363
3.359544515609741
3.3596560955047607
3.3596410751342773
3.3596224784851074
3.359668731689453
3.3596761226654053
3.359607219696045
3.3596081733703613
3.3595993518829346
3.3595528602600098
3.3595433235168457
3.3596129417419434
3.3596110343933105
3.3595237731933594
3.359498977661133
3.3596396446228027
3.359633445739746
3.3595287799835205
3.3595619201660156
3.3595144748687744
3.359575033187866
3.3595194816589355
3.3596243858337402
3.3596489429473877
3.3594717979431152
3.359637975692749
3.35964298248291
3.359467029571533
3.359606981277466
3.359604597091675
122.65573120117188
109.62106323242188
95.81732940673828
83.55171203613281
72.63479614257812
63.45011901855469
57.044090270996094
50.03101348876953
43.634544372558594
38.35980987548828
34.50780487060547
32.48853302001953
28.765451431274414
26.7894344329834
23.54310417175293
19.97012710571289
16.840068817138672
15.556429862976074
15.120059967041016
15.60781192779541
16.609249114990234
17.030719757080078
16.512882232666016
15.829597473144531
15.38456916809082
15.72658920288086
16.388059616088867
15.715129852294922
14.206048965454102
12.432004928588867
11.63642406463623
11.680763244628906
11.659231185913086
12.354215621948242
12.455933570861816
12.011996269226074
11.225336074829102
11.40666389465332
11.256853103637695
10.497736930847168
9.598993301391602
9.234989166259766
9.058448791503906
9.033510208129883
9.207088470458984
9.269798278808594
8.948762893676758
8.708203315734863
8.317920684814453
7.86499547958374
7.762508392333984
8.076013565063477
8.379558563232422
8.178075790405273
8.1397123336792
7.397879600524902
7.588472843170166
8.110535621643066
8.243112564086914
7.84128999710083
7.6099748611450195
7.629485607147217
7.766751289367676
7.430854320526123
6.95916223526001
7.339472770690918
7.718624114990234
7.528866291046143
7.040592670440674
7.064976692199707
7.507315158843994
7.394165992736816
7.465414047241211
7.567134380340576
7.388147354125977
7.395748138427734
6.9793314933776855
7.126370429992676
7.605479717254639
7.5401105880737305
7.0816802978515625
7.030609130859375
7.455831527709961
7.370675086975098
6.966657638549805
7.085672378540039
7.619048118591309
7.493690013885498
7.089473724365234
7.0762128829956055
7.127301216125488
6.999502182006836
6.8596343994140625
7.004609107971191
7.170435905456543
6.950946807861328
6.6978583335876465
6.958938121795654
7.032941818237305
7.2305378913879395
7.21219539642334
6.976264953613281
7.0168352127075195
6.90699577331543
7.196694374084473
7.10036563873291
7.041631698608398
6.975434303283691
7.095332145690918
6.723571300506592
7.052879810333252
7.244143009185791
7.014329433441162
6.914935111999512
7.051545143127441
7.1035566329956055
7.444553852081299
6.981327056884766
6.811872959136963
6.838075637817383
6.969947814941406
6.825304985046387
6.98875617980957
7.087897300720215
6.987414360046387
7.042664527893066
7.207254886627197
7.210240364074707
7.102048397064209
7.003147602081299
6.814622402191162
7.3101606369018555
7.410897254943848
6.750868797302246
7.01832389831543
7.3002824783325195
7.428586006164551
6.973703861236572
6.925973415374756
7.030048847198486
7.161503791809082
7.212349891662598
7.018421173095703
7.022546291351318
7.395362854003906
7.666500091552734
7.271045684814453
6.766809463500977
7.127147197723389
7.496827125549316
28.71487808227539
28.505298614501953
28.173442840576172
27.953529357910156
27.718578338623047
27.60242462158203
27.503215789794922
27.41663932800293
27.366065979003906
27.308887481689453
27.12285614013672
27.070289611816406
27.070003509521484
27.09648895263672
27.109373092651367
27.133453369140625
27.112247467041016
27.056303024291992
27.0185546875
27.031286239624023
26.981245040893555
26.969722747802734
26.912643432617188
26.879928588867188
26.864212036132812
26.839895248413086
26.836772918701172
26.840717315673828
26.762615203857422
26.797107696533203
26.83051109313965
26.841835021972656
26.79168701171875
26.74688720703125
26.78937339782715
26.809680938720703
26.781116485595703
26.793771743774414
26.761444091796875
26.804243087768555
26.803874969482422
26.76868438720703
26.781265258789062
26.803497314453125
26.789108276367188
26.75687026977539
26.772645950317383
26.776660919189453
26.764955520629883
26.759319305419922
27.717313766479492
28.422901153564453
27.929790496826172
27.55177116394043
27.419702529907227
27.40725326538086
27.314041137695312
27.17062759399414
27.026512145996094
26.87835121154785
26.96239471435547
27.029516220092773
26.995277404785156
26.905412673950195
26.9372615814209
26.968355178833008
26.943710327148438
26.905672073364258
26.88128662109375
26.80649185180664
26.822019577026367
26.84539222717285
26.812856674194336
26.81768035888672
26.830642700195312
26.81092643737793
26.838619232177734
26.853397369384766
26.84518051147461
26.81737518310547
26.815885543823242
26.76434898376465
26.820470809936523
26.8608455657959
26.826082229614258
26.809656143188477
26.768047332763672
26.767160415649414
26.74778175354004
26.769454956054688
26.764713287353516
26.742450714111328
26.760053634643555
26.78879165649414
26.769149780273438
26.72607421875
26.735095977783203
26.736129760742188
26.761173248291016
26.766252517700195
26.77924919128418
26.761343002319336
26.769412994384766
26.757373809814453
26.735986709594727
26.746307373046875
26.77618408203125
26.770612716674805
26.746849060058594
26.740070343017578
26.75289535522461
26.74138641357422
26.74094009399414
26.773048400878906
26.79789161682129
26.754779815673828
26.741336822509766
26.789308547973633
26.827598571777344
26.819873809814453
26.78183364868164
26.737327575683594
26.699243545532227
26.74631118774414
26.75324821472168
26.753131866455078
26.725727081298828
26.726213455200195
26.80628776550293
26.79519271850586
26.777448654174805
26.795379638671875
26.76615333557129
26.736553192138672
26.769487380981445
26.780742645263672
26.79190444946289
26.745424270629883
26.740680694580078
26.75240707397461
26.759340286254883
26.74696922302246
26.763011932373047
26.76629066467285
26.735488891601562
26.74993133544922
26.75077247619629
26.787155151367188
26.77190399169922
26.782180786132812
26.757551193237305
25.396350860595703
23.98614501953125
22.517379760742188
21.033159255981445
19.53676986694336
18.031530380249023
16.56126594543457
15.264524459838867
14.028682708740234
12.647162437438965
11.349306106567383
10.34703254699707
9.859138488769531
9.96248722076416
10.649133682250977
11.29056167602539
11.725757598876953
11.823781967163086
11.674017906188965
11.235443115234375
10.569865226745605
9.825733184814453
9.013007164001465
8.473106384277344
8.64235782623291
8.873101234436035
8.981876373291016
8.879375457763672
8.675710678100586
8.368988037109375
8.017645835876465
7.690240383148193
7.597846031188965
7.687727928161621
7.756475448608398
7.7211151123046875
7.609313011169434
7.4397735595703125
7.247157573699951
7.214043617248535
7.21561336517334
7.245029926300049
7.190855503082275
7.095541954040527
7.0069050788879395
7.009284973144531
6.996382713317871
6.9543328285217285
6.926766872406006
21.70149040222168
18.535171508789062
16.089506149291992
14.136131286621094
12.824729919433594
11.946473121643066
11.313915252685547
10.821712493896484
10.467437744140625
10.183643341064453
9.920381546020508
9.742321968078613
9.585054397583008
9.363547325134277
9.052335739135742
8.74845027923584
8.492586135864258
8.311457633972168
8.242720603942871
8.165395736694336
8.058196067810059
7.994917392730713
7.985846519470215
7.954626560211182
7.878170490264893
7.789859294891357
7.769783973693848
7.790134429931641
7.785799026489258
7.737776756286621
7.664346218109131
7.610415458679199
7.595635414123535
7.578786373138428
7.550858974456787
7.546999931335449
7.545851707458496
7.510165691375732
7.445192813873291
7.401253700256348
7.398545742034912
7.3979363441467285
7.384609699249268
7.3716912269592285
7.372261047363281
7.360879421234131
7.32797384262085
7.31310510635376
7.308941841125488
7.295583724975586
7.2785820960998535
7.2730937004089355
7.266087055206299
7.257783889770508
7.247142791748047
7.238733768463135
7.233109951019287
7.228690147399902
7.221836566925049
7.2124762535095215
7.200809478759766
7.189040184020996
7.180240631103516
7.173925399780273
7.1658525466918945
7.158778667449951
7.1499714851379395
7.14084529876709
7.132345676422119
7.1288652420043945
7.1262102127075195
7.123739242553711
7.122066974639893
7.119679927825928
7.1141743659973145
7.10864782333374
7.103167533874512
7.095979690551758
7.089858055114746
7.083444118499756
7.077445030212402
7.07481575012207
7.073863506317139
7.074500560760498
7.070715427398682
7.070167064666748
7.070457935333252
7.070785999298096
7.069286346435547
7.066839694976807
7.0653605461120605
7.0636091232299805
7.064663410186768
7.063299655914307
7.059809684753418
7.058928489685059
7.05771017074585
7.05782413482666
7.055362701416016
7.0516533851623535
7.051578521728516
7.049919128417969
7.048845291137695
7.045618534088135
7.043855667114258
7.043221950531006
7.042296409606934
7.0403923988342285
7.03864049911499
7.035923004150391
7.0343546867370605
7.033169746398926
7.033369541168213
7.031887531280518
7.032085418701172
7.031686782836914
7.029867649078369
7.030359268188477
7.031192302703857
7.030902862548828
7.028848648071289
7.0266828536987305
7.025633335113525
7.025290489196777
7.02614164352417
7.0236921310424805
7.022022247314453
7.020577430725098
7.019728660583496
7.017848014831543
7.0145392417907715
7.011888027191162
7.0091681480407715
7.006504058837891
7.007863998413086
7.007538318634033
7.012126445770264
7.0107574462890625
7.0094099044799805
7.008868217468262
7.008694171905518
7.0092668533325195
7.010897159576416
7.01086950302124
7.009169578552246
7.007020473480225
7.005250453948975
7.0044145584106445
7.002863883972168
7.001358509063721
6.999844074249268
6.998683929443359
6.997650623321533
6.998240947723389
6.995644569396973
6.994376182556152
6.996214389801025
6.997143745422363
6.995945930480957
6.994653701782227
6.994073390960693
6.993439674377441
6.993286609649658
6.991955280303955
6.990484714508057
6.989782810211182
6.9886274337768555
6.987363815307617
6.987802028656006
6.988714218139648
6.988522052764893
6.987509727478027
6.987930774688721
6.9875054359436035
6.987597942352295
6.987654685974121
6.9877166748046875
6.988523006439209
6.989013671875
6.989238739013672
6.988723278045654
6.988410949707031
6.987783432006836
6.987671852111816
6.987714767456055
6.987890720367432
6.9873833656311035
6.986112594604492
6.986102104187012
6.987033367156982
6.987252235412598
6.988577842712402
6.988364219665527
6.988304138183594
6.9876580238342285
6.988141059875488
6.987881183624268
6.987318992614746
6.986855983734131
6.987708568572998
6.988537311553955
6.989480495452881
6.987857341766357
6.988446235656738
6.988475322723389
6.9892096519470215
6.989887237548828
6.990894317626953
6.9912333488464355
6.991329669952393
6.991430759429932
6.991682529449463
6.991227626800537
6.99007511138916
6.989284038543701
6.988306522369385
6.98930549621582
6.990780830383301
6.989511013031006
6.99040412902832
6.988424301147461
6.989430904388428
6.991669178009033
6.992691993713379
6.993410587310791
6.993932723999023
6.99454402923584
6.9943084716796875
6.994653701782227
6.9940876960754395
6.993135452270508
6.992483139038086
6.9911980628967285
6.9906907081604
6.990882396697998
6.990410327911377
6.990823745727539
6.989941120147705
6.988950729370117
6.988399028778076
6.9886250495910645
6.989892959594727
6.99041223526001
6.990835189819336
6.991914749145508
6.99078893661499
6.9904632568359375
6.989596366882324
6.9889020919799805
6.98881196975708
0.5856878757476807
0.5741962194442749
0.563438892364502
0.5532782077789307
0.5435752868652344
0.5342850685119629
0.5255445241928101
0.5174139142036438
0.5098350644111633
0.5029330253601074
0.4966684877872467
0.4908074140548706
0.4852391481399536
0.48005685210227966
0.47523850202560425
0.47079038619995117
0.46682560443878174
0.46324023604393005
0.4600134491920471
0.45752444863319397
0.455855131149292
0.45576319098472595
0.4553285241127014
0.454775869846344
0.454093337059021
0.4533613324165344
0.45269352197647095
0.45204564929008484
0.45149168372154236
0.4511699080467224
0.4510568678379059
0.45106130838394165
0.45118075609207153
0.4511472284793854
0.450955331325531
0.450712114572525
0.4504861831665039
0.4502503275871277
0.45000869035720825
0.44986245036125183
0.44980722665786743
0.4497792720794678
0.4497516453266144
0.44967958331108093
0.44958287477493286
0.44950205087661743
0.4494323134422302
0.4493334889411926
0.44923466444015503
0.4491504430770874
0.449190616607666
0.44920921325683594
0.44914689660072327
0.44911623001098633
0.4490356147289276
0.44893500208854675
0.4489043056964874
0.448932021856308
0.44894981384277344
0.4489477872848511
0.448894202709198
0.44882526993751526
0.4488486051559448
0.44889506697654724
0.44888272881507874
0.44886264204978943
0.4488278031349182
0.44879546761512756
0.44883134961128235
0.4488266110420227
0.4487667977809906
0.44874775409698486
0.44875362515449524
0.4487452507019043
0.44874507188796997
0.44873252511024475
0.4487115144729614
0.4487212896347046
0.44873863458633423
0.44873932003974915
0.44870731234550476
0.44871148467063904
0.44872161746025085
0.448738694190979
0.4487186670303345
0.4487103819847107
0.4487385153770447
0.4487324655056
0.44873368740081787
0.4487282633781433
0.44870448112487793
0.4487011730670929
0.44872695207595825
0.44873368740081787
0.44872671365737915
0.4487222731113434
0.44872036576271057
0.44871532917022705
0.4487121105194092
0.4487123191356659
