14.508843421936035
12.885046005249023
11.261250495910645
9.637453079223633
9.027993202209473
8.48672866821289
8.42702579498291
8.255874633789062
7.792823791503906
7.115434646606445
6.853141784667969
6.28740119934082
5.774659633636475
5.10579252243042
4.935797214508057
4.816455364227295
4.645326137542725
4.6299824714660645
4.490808486938477
4.145877838134766
3.626404047012329
3.2314321994781494
2.867928981781006
2.484916925430298
2.0847089290618896
1.7264716625213623
1.5198074579238892
1.1694573163986206
1.358658790588379
1.5310473442077637
1.6289077997207642
1.8700964450836182
1.7584584951400757
1.7642028331756592
1.728325366973877
1.7475627660751343
1.7113887071609497
1.623659610748291
1.4897339344024658
1.3143949508666992
1.2882672548294067
1.2705363035202026
1.396260380744934
1.4534927606582642
1.5026010274887085
1.4921553134918213
1.4915950298309326
1.4252119064331055
1.3680421113967896
1.2621842622756958
1.177517294883728
1.3120181560516357
1.330519437789917
1.3899989128112793
1.3892031908035278
1.4695502519607544
1.3389759063720703
1.2890197038650513
1.190271258354187
1.3311676979064941
1.3238691091537476
1.2986682653427124
1.3626717329025269
1.465886116027832
1.3149328231811523
1.214734435081482
1.3499819040298462
1.3035558462142944
1.255678415298462
1.536861777305603
1.5702627897262573
1.3558990955352783
1.4165050983428955
1.6490734815597534
1.7088062763214111
1.5245325565338135
1.2869142293930054
1.526599407196045
1.6642875671386719
1.5544630289077759
1.227500319480896
1.5285677909851074
1.765990972518921
1.7530344724655151
1.517959713935852
1.3102002143859863
1.4870189428329468
1.5663825273513794
1.4172412157058716
1.2222803831100464
1.5438474416732788
1.6591124534606934
1.5453838109970093
1.22779381275177
1.507642149925232
1.7405025959014893
1.7360352277755737
1.5199906826019287
1.3260983228683472
1.4324314594268799
1.5005074739456177
1.4856033325195312
1.45132315158844
1.3997561931610107
1.3362042903900146
1.3140134811401367
1.2886263132095337
1.2603663206100464
1.2295223474502563
1.2241326570510864
1.2591369152069092
1.2696213722229004
1.2581877708435059
1.2271754741668701
1.178660273551941
1.1529572010040283
1.1743985414505005
1.2008123397827148
1.2038581371307373
1.186003565788269
1.1494778394699097
1.147302269935608
1.1827237606048584
1.2005515098571777
1.196191430091858
1.1719785928726196
1.1544830799102783
1.1496729850769043
1.168300986289978
1.1648200750350952
1.1415518522262573
1.1458582878112793
1.1673800945281982
1.175608515739441
1.1629201173782349
1.1315054893493652
1.1530436277389526
1.1764042377471924
1.1775128841400146
1.1586822271347046
1.129534125328064
1.1529080867767334
1.1677212715148926
1.1612660884857178
1.1357523202896118
1.1432088613510132
1.1618233919143677
1.1589341163635254
1.1367685794830322
1.1390395164489746
26.299785614013672
25.79085350036621
25.10833740234375
24.326997756958008
23.493221282958984
22.668018341064453
21.88550567626953
21.12193489074707
20.328187942504883
19.502870559692383
18.65298080444336
17.791709899902344
16.942625045776367
16.12016487121582
15.31971549987793
14.56558609008789
13.910165786743164
13.306954383850098
12.730146408081055
12.17271900177002
11.634804725646973
11.131023406982422
10.665785789489746
10.21694278717041
9.775794982910156
9.334965705871582
8.89042854309082
8.449151039123535
8.021089553833008
7.605759143829346
7.21818733215332
6.875835418701172
6.557346343994141
6.252123832702637
5.961339473724365
5.676583290100098
5.392727851867676
5.1141357421875
4.842233180999756
4.5729756355285645
4.314187526702881
4.085873603820801
3.8948707580566406
3.7302169799804688
3.5729317665100098
3.4126009941101074
3.254818916320801
3.105959892272949
2.954840660095215
2.806580066680908
2.666755199432373
2.541616916656494
2.4364309310913086
2.335669994354248
2.236701250076294
2.138674020767212
2.037107229232788
1.941183090209961
1.8696973323822021
1.8431650400161743
1.8323324918746948
1.8247935771942139
1.8199056386947632
1.817946195602417
1.816857099533081
1.8132776021957397
1.8050029277801514
1.7941584587097168
1.780790090560913
1.7648553848266602
1.7458717823028564
1.725081443786621
1.7081648111343384
1.692755937576294
1.6799373626708984
1.6720443964004517
1.6667370796203613
1.6623982191085815
1.6567893028259277
1.65073823928833
1.64518141746521
1.6371359825134277
1.627105712890625
1.6161203384399414
1.6049021482467651
1.5951411724090576
1.5875122547149658
1.5860141515731812
1.5857985019683838
1.5869237184524536
1.5870840549468994
1.5867156982421875
1.5854027271270752
1.5834543704986572
1.581456184387207
1.5806074142456055
1.5776259899139404
1.5771584510803223
1.576202154159546
1.5747439861297607
1.5731486082077026
1.5717147588729858
1.570509672164917
1.5697474479675293
1.5698614120483398
1.5706475973129272
1.569648265838623
1.5686733722686768
1.5679357051849365
1.5672509670257568
1.5683691501617432
1.5677909851074219
1.5681617259979248
1.5685094594955444
1.5682473182678223
1.567500114440918
1.5666929483413696
1.5656495094299316
1.565767526626587
1.565858006477356
1.5656605958938599
1.5657975673675537
1.566584587097168
1.5650568008422852
1.5657367706298828
1.566358208656311
1.5647211074829102
1.565272569656372
1.566197395324707
1.5648398399353027
1.5658563375473022
1.5667680501937866
1.566493034362793
1.5656414031982422
1.5646462440490723
1.5665009021759033
1.5667895078659058
1.564692497253418
1.5640506744384766
1.5655124187469482
1.5646685361862183
1.5627679824829102
1.5631191730499268
1.5629355907440186
1.5628459453582764
1.5626097917556763
1.5625439882278442
1.562170147895813
1.5627919435501099
1.5620262622833252
1.5630046129226685
1.5628862380981445
1.5625568628311157
1.562042236328125
1.5618574619293213
1.5621998310089111
1.562286138534546
1.5621591806411743
1.5618308782577515
1.5615862607955933
1.5617718696594238
1.5617177486419678
1.561454176902771
1.5616523027420044
1.5617871284484863
1.5617051124572754
1.5614798069000244
1.5613818168640137
1.5615867376327515
1.5616278648376465
1.561446189880371
1.561232089996338
1.5614038705825806
1.561408519744873
1.5612108707427979
1.5612406730651855
1.5613354444503784
1.5612108707427979
1.5610265731811523
1.561068058013916
1.560921311378479
1.5609443187713623
1.5609525442123413
1.5609616041183472
1.5609418153762817
1.5608357191085815
1.5610016584396362
1.5609731674194336
1.560744047164917
1.5608857870101929
1.560879111289978
1.5606739521026611
1.5608961582183838
1.5609872341156006
1.5608608722686768
1.560667872428894
1.5606977939605713
1.5607690811157227
1.5606677532196045
1.560492992401123
1.5607314109802246
1.5607774257659912
1.5606043338775635
1.5604307651519775
1.5605131387710571
1.5603837966918945
1.5604642629623413
1.5604989528656006
1.560320496559143
1.5602703094482422
1.5602149963378906
1.5602757930755615
1.5602364540100098
1.5602679252624512
1.560290813446045
1.5602675676345825
1.5601900815963745
1.560075044631958
1.5602304935455322
1.5602062940597534
1.5600148439407349
1.560102939605713
1.5601027011871338
1.5599054098129272
1.56012761592865
1.5602188110351562
1.560086727142334
1.5597668886184692
1.5601550340652466
1.5603501796722412
1.5603243112564087
1.5601022243499756
1.559802532196045
1.5598806142807007
1.560009479522705
1.559911847114563
1.559672236442566
1.5596758127212524
1.559653401374817
1.5595465898513794
1.559489130973816
1.5594818592071533
1.5595535039901733
1.5594464540481567
1.5595613718032837
1.5595812797546387
1.5593883991241455
1.5593998432159424
1.559354305267334
1.559309959411621
1.5593279600143433
1.5593284368515015
1.5593897104263306
1.5592983961105347
1.5592730045318604
1.55922269821167
1.559361219406128
1.5593464374542236
1.5593600273132324
1.559402585029602
1.5593452453613281
1.5592429637908936
1.5593631267547607
1.559330701828003
1.559347152709961
1.5593154430389404
1.5593827962875366
1.5593390464782715
1.5592930316925049
1.5593656301498413
1.5593208074569702
1.5592234134674072
1.5592387914657593
1.5592538118362427
1.5592271089553833
1.5592960119247437
1.5592896938323975
1.5592026710510254
1.5591845512390137
1.5592944622039795
1.559277057647705
1.559230089187622
1.5593194961547852
1.5592485666275024
1.55924654006958
1.5592764616012573
1.559206247329712
1.559216856956482
1.5591628551483154
1.559262990951538
1.5591965913772583
1.5592950582504272
1.5593382120132446
1.5592060089111328
1.559190273284912
1.5591450929641724
1.5592262744903564
1.559253215789795
1.5592529773712158
1.559211015701294
1.5593452453613281
1.5592942237854004
1.5591521263122559
1.5592687129974365
1.5592271089553833
1.5591892004013062
1.5593347549438477
1.5592681169509888
1.5591392517089844
1.5591686964035034
1.5591248273849487
1.5591144561767578
1.55910325050354
1.5591371059417725
1.559126377105713
1.559099793434143
1.559070348739624
1.559116244316101
1.5591306686401367
1.5592825412750244
1.5592339038848877
1.559215784072876
1.5592492818832397
1.5592775344848633
1.5591747760772705
1.5590754747390747
1.5592445135116577
1.559228539466858
1.5592155456542969
1.5593376159667969
1.5593680143356323
1.5592082738876343
1.5592811107635498
1.5594635009765625
1.5594751834869385
1.5592877864837646
1.5590925216674805
1.5592098236083984
1.559138536453247
1.55911386013031
1.5591344833374023
1.5590845346450806
1.5591237545013428
1.5591471195220947
1.5590541362762451
1.5591881275177002
1.5591756105422974
1.5589983463287354
1.5589910745620728
1.5591645240783691
144.06410217285156
127.64857482910156
112.37773132324219
98.85202026367188
88.54324340820312
78.31135559082031
70.88066864013672
65.31694793701172
59.81694412231445
54.77422332763672
48.9319953918457
42.481109619140625
36.28815841674805
29.743358612060547
23.786182403564453
18.33759307861328
12.261429786682129
9.211944580078125
10.451430320739746
12.0604829788208
13.364885330200195
14.104619026184082
15.0693359375
16.460100173950195
16.413684844970703
14.8718900680542
14.418901443481445
13.630302429199219
12.579360961914062
11.283555030822754
9.778168678283691
8.38282585144043
7.2652435302734375
6.246321201324463
6.562541484832764
6.859429359436035
7.387439727783203
7.70990514755249
7.476492881774902
6.8370680809021
6.094552040100098
5.774374961853027
5.783637046813965
5.17402982711792
4.915396690368652
5.236770153045654
5.162801742553711
4.868467807769775
5.4867119789123535
5.701747417449951
5.306935787200928
4.8974785804748535
4.845335483551025
4.827719688415527
4.845468044281006
4.808770179748535
4.272186279296875
4.54011344909668
4.51534366607666
4.596642971038818
5.001335144042969
4.513943195343018
4.135645866394043
4.5207600593566895
4.75015926361084
4.4981279373168945
4.272575378417969
4.130606174468994
4.084604263305664
3.8933544158935547
3.714700222015381
3.99184513092041
4.061412811279297
3.835336685180664
3.859995126724243
4.223243236541748
3.736887216567993
3.8488786220550537
4.018472194671631
4.162863254547119
3.9974474906921387
3.657003402709961
3.558741569519043
3.5899529457092285
3.6580657958984375
3.9882075786590576
3.824345588684082
3.567950487136841
4.071018218994141
4.330267429351807
4.074533462524414
3.9680233001708984
3.8505375385284424
3.5751540660858154
3.8504302501678467
3.5146982669830322
3.4571046829223633
3.697993516921997
3.592513084411621
3.7481696605682373
4.074395179748535
4.244466304779053
3.6914451122283936
3.743083953857422
3.3622028827667236
3.4497005939483643
3.4386706352233887
3.329930067062378
3.53395414352417
3.65371036529541
3.693310260772705
3.366405487060547
3.3973641395568848
3.536330223083496
3.680985927581787
3.6055147647857666
3.394350528717041
3.1494131088256836
3.4685027599334717
3.992563486099243
3.804140090942383
3.262728452682495
3.592829465866089
4.006046772003174
4.0200653076171875
3.4482741355895996
3.584761619567871
4.1100664138793945
4.00395393371582
3.5606837272644043
3.2236714363098145
3.3951706886291504
3.681886911392212
3.754669666290283
3.633470296859741
3.7277941703796387
3.1706998348236084
3.6926145553588867
3.8848330974578857
3.7093467712402344
3.4366416931152344
3.6921098232269287
3.7639145851135254
3.775172233581543
3.812274932861328
3.7248029708862305
3.9085144996643066
4.056384086608887
3.7370898723602295
3.4593043327331543
13.41677474975586
13.360175132751465
13.221994400024414
13.10560131072998
13.024742126464844
12.92208480834961
12.829811096191406
12.813879013061523
12.772345542907715
12.680951118469238
12.67159652709961
12.580058097839355
12.555826187133789
12.515083312988281
12.487312316894531
12.527292251586914
12.515076637268066
12.490241050720215
12.494283676147461
12.48841667175293
12.454231262207031
12.463277816772461
12.507280349731445
12.517833709716797
12.4696626663208
12.465569496154785
12.438346862792969
12.508674621582031
12.548757553100586
12.52774429321289
12.460319519042969
12.446531295776367
12.468094825744629
12.474905014038086
12.485610008239746
12.520061492919922
12.461868286132812
12.391621589660645
12.431139945983887
12.406392097473145
12.416358947753906
12.386945724487305
12.3363676071167
12.314587593078613
12.405179977416992
12.443293571472168
12.436717987060547
12.367104530334473
12.326583862304688
12.388397216796875
13.057966232299805
14.037042617797852
13.416015625
12.938688278198242
12.927192687988281
13.0341796875
13.011563301086426
12.930182456970215
12.86506175994873
12.781034469604492
12.666489601135254
12.617124557495117
12.603812217712402
12.570718765258789
12.493834495544434
12.511669158935547
12.529563903808594
12.516341209411621
12.48564624786377
12.495423316955566
12.4485445022583
12.369342803955078
12.377883911132812
12.42972183227539
12.441359519958496
12.391714096069336
12.372722625732422
12.396631240844727
12.392407417297363
12.346639633178711
12.38050651550293
12.416744232177734
12.399892807006836
12.388712882995605
12.354324340820312
12.358034133911133
12.383584022521973
12.380455017089844
12.377473831176758
12.380743026733398
12.3712158203125
12.365026473999023
12.375504493713379
12.382568359375
12.342031478881836
12.358427047729492
12.376119613647461
12.367518424987793
12.397075653076172
12.396005630493164
12.378029823303223
12.355157852172852
12.370654106140137
12.378321647644043
12.328521728515625
12.344396591186523
12.34457015991211
12.390722274780273
12.368956565856934
12.361228942871094
12.356045722961426
12.373983383178711
12.375289916992188
12.351573944091797
12.374988555908203
12.400524139404297
12.388166427612305
12.396866798400879
12.358499526977539
12.351493835449219
12.398723602294922
12.39433479309082
12.387683868408203
12.359786987304688
12.422496795654297
12.411968231201172
12.35389518737793
12.344633102416992
12.35804557800293
12.348016738891602
12.327738761901855
12.358684539794922
12.404505729675293
12.40201473236084
12.412431716918945
12.39049243927002
12.358692169189453
12.362066268920898
12.38356876373291
12.36401081085205
12.351082801818848
12.363016128540039
12.358377456665039
12.343786239624023
12.347993850708008
12.332732200622559
12.288899421691895
12.348783493041992
12.377121925354004
12.365728378295898
12.361322402954102
11.354423522949219
10.7391357421875
10.140894889831543
9.56301498413086
9.087753295898438
8.651212692260742
8.16342830657959
7.718463897705078
7.265499114990234
6.953656196594238
6.644701957702637
6.3649396896362305
6.26183557510376
6.0339274406433105
5.85699987411499
5.733332633972168
5.59592866897583
5.523707389831543
5.538012981414795
5.519326210021973
5.59975004196167
5.536069869995117
5.4798583984375
5.342310905456543
5.204995155334473
5.116739273071289
5.034069061279297
4.9811296463012695
4.953845024108887
4.894005298614502
4.882667064666748
4.799868583679199
4.75735330581665
4.669422149658203
4.646190643310547
4.592653274536133
4.561789512634277
4.498649597167969
4.410571098327637
4.381443500518799
4.362983226776123
4.353024959564209
4.340170860290527
4.281001091003418
4.249073505401611
4.238513946533203
4.212793350219727
4.205033302307129
4.177807331085205
4.170723915100098
4.159056186676025
4.1462202072143555
4.140740394592285
4.124059677124023
4.105649948120117
4.097537517547607
4.092944145202637
4.088470935821533
4.077857494354248
4.058447360992432
4.049163818359375
4.043565273284912
4.029470443725586
4.01131534576416
3.9918041229248047
3.9912807941436768
3.9823169708251953
3.9712235927581787
3.969564914703369
3.9461255073547363
3.963710308074951
3.9637227058410645
3.9560179710388184
3.9564456939697266
3.9465837478637695
3.9429192543029785
3.929464101791382
3.925473690032959
3.9177746772766113
3.910538911819458
3.9067397117614746
3.896007537841797
3.859400749206543
3.800588369369507
3.8245348930358887
3.8493380546569824
3.833916187286377
3.8036625385284424
3.7698209285736084
3.796998977661133
3.7965009212493896
3.789687156677246
3.7804155349731445
3.783769130706787
3.7727184295654297
3.770530939102173
3.7664709091186523
3.7454934120178223
3.739988327026367
3.7512407302856445
3.749752998352051
3.7420709133148193
3.7350215911865234
3.731947660446167
3.738586902618408
3.7460954189300537
3.7413783073425293
3.734804153442383
3.7341091632843018
3.737659454345703
3.7325057983398438
3.731795310974121
3.7305564880371094
3.727494955062866
3.7255513668060303
3.7243785858154297
3.7210183143615723
3.716559410095215
3.7162363529205322
3.715456247329712
3.714716672897339
3.7152745723724365
3.7093050479888916
3.707706928253174
3.707071542739868
3.706214666366577
3.705763578414917
3.7031545639038086
3.702343702316284
3.6993484497070312
3.6975345611572266
3.6930947303771973
3.6916348934173584
3.690659523010254
3.6882290840148926
3.6881885528564453
3.690444231033325
3.6887946128845215
3.6910314559936523
3.689751148223877
3.6916327476501465
3.6970484256744385
3.6974010467529297
3.6988139152526855
3.69307804107666
3.6914913654327393
3.6917455196380615
3.691760540008545
3.6936917304992676
3.6944966316223145
3.6934900283813477
3.691190242767334
3.692049503326416
3.68473744392395
3.6832096576690674
3.683772087097168
3.6882565021514893
3.6905031204223633
3.6917428970336914
3.6899070739746094
3.6811931133270264
3.6798512935638428
3.679446220397949
3.685274362564087
3.68302583694458
3.6841158866882324
3.6832633018493652
3.679988384246826
3.682371139526367
3.682602882385254
3.684536933898926
3.680983066558838
3.679654598236084
3.6804893016815186
3.679412841796875
3.6777544021606445
3.674499034881592
3.6756553649902344
3.6727099418640137
3.669919967651367
3.670020580291748
3.6709465980529785
3.669382333755493
3.664259433746338
3.663905143737793
3.6623315811157227
3.661349058151245
3.6557931900024414
3.65716814994812
3.657899856567383
3.6566550731658936
3.6584291458129883
3.660813331604004
3.6606390476226807
3.660616874694824
3.660916805267334
3.660050868988037
3.661487579345703
3.658468008041382
3.6581084728240967
3.657790184020996
3.6585729122161865
3.65950608253479
3.663580894470215
3.6772613525390625
3.699645757675171
3.668410539627075
3.6587491035461426
3.6787397861480713
3.6667165756225586
3.661930799484253
3.6929850578308105
3.7159743309020996
3.7141664028167725
3.6907143592834473
3.6884992122650146
3.702871084213257
3.6849799156188965
3.6879682540893555
3.682013511657715
3.6749019622802734
3.6772849559783936
3.6704535484313965
3.6709847450256348
3.671757459640503
3.6710305213928223
3.673560857772827
3.6771440505981445
3.6662747859954834
3.666226863861084
3.670288562774658
3.6676902770996094
3.6642184257507324
3.664980173110962
3.6665642261505127
3.664637565612793
3.6665375232696533
3.6626319885253906
3.665750026702881
3.666412353515625
3.6646642684936523
3.666139841079712
3.665297508239746
3.6658053398132324
3.662639856338501
3.6646766662597656
3.663238525390625
3.666470527648926
3.6607284545898438
3.6629624366760254
3.662417411804199
3.6632823944091797
3.6619725227355957
3.663494110107422
3.662264347076416
3.662510633468628
3.660122871398926
3.660076379776001
3.658862590789795
3.661048412322998
3.660186767578125
3.6624767780303955
3.660130500793457
3.6605565547943115
3.660801410675049
3.6616580486297607
3.6599321365356445
3.658261299133301
3.658892869949341
3.6615853309631348
3.660637855529785
3.6606671810150146
3.6607065200805664
3.659961462020874
3.6576523780822754
3.660327911376953
3.6595375537872314
3.666666030883789
3.660705804824829
3.6612720489501953
3.6617636680603027
3.6635243892669678
3.663029670715332
3.663756847381592
3.6627354621887207
3.6578621864318848
3.6597442626953125
3.6531102657318115
3.650906562805176
3.657083034515381
3.659482717514038
3.6586856842041016
3.6562082767486572
3.6520509719848633
3.6533329486846924
3.6526365280151367
3.651519775390625
3.6534013748168945
3.6528706550598145
3.6548550128936768
3.655726671218872
3.651484966278076
3.6483423709869385
3.6434295177459717
3.638883590698242
3.6411824226379395
3.6410281658172607
3.6402082443237305
3.636610507965088
3.639552116394043
3.6384735107421875
3.6399478912353516
3.6410865783691406
3.644374370574951
3.644780397415161
3.645850419998169
3.643799304962158
3.6454622745513916
3.6444201469421387
3.647702217102051
3.645416736602783
3.6433825492858887
3.6429283618927
3.6438887119293213
3.645284652709961
3.6450858116149902
3.647738456726074
3.645073890686035
3.642545223236084
3.6451539993286133
3.64194393157959
3.640887498855591
3.643068790435791
3.639756917953491
3.638028383255005
3.6378631591796875
3.6417388916015625
3.640087127685547
3.6402485370635986
3.641296625137329
3.640685796737671
3.6392369270324707
3.643092632293701
3.6436007022857666
3.64390230178833
3.6452994346618652
3.6432132720947266
3.6436996459960938
3.6445813179016113
3.6443252563476562
3.6480765342712402
3.6453254222869873
3.645170211791992
3.647037982940674
3.6458382606506348
3.647278308868408
3.6481924057006836
3.6488161087036133
3.646357774734497
3.649625778198242
3.6485376358032227
3.648256301879883
3.6479690074920654
3.6462278366088867
3.648726224899292
3.6500422954559326
3.6504132747650146
3.651340961456299
3.6546645164489746
3.6517257690429688
3.6527769565582275
3.6539673805236816
3.659536361694336
3.6594648361206055
3.6586663722991943
3.658341646194458
3.6580886840820312
3.6571590900421143
3.658430576324463
3.657087802886963
3.6579737663269043
3.6541032791137695
3.656102180480957
3.659973621368408
3.6548633575439453
3.6579108238220215
3.6606621742248535
3.656754732131958
3.6540887355804443
3.657890796661377
3.6571288108825684
3.656928539276123
3.655506134033203
3.6587331295013428
3.658867835998535
3.6598081588745117
3.6610372066497803
3.6604318618774414
3.659721851348877
0.7963800430297852
0.7880623936653137
0.7817386984825134
0.7765692472457886
0.7721679210662842
0.7681261897087097
0.7644926309585571
0.7613179087638855
0.7581229209899902
0.7549620270729065
0.751943826675415
0.7491211891174316
0.7463730573654175
0.7439621686935425
0.741729736328125
0.7395262718200684
0.7374085187911987
0.7354269027709961
0.7338101267814636
0.732698917388916
0.7325961589813232
0.7327413558959961
0.7325721979141235
0.7323525547981262
0.7320433259010315
0.7317991256713867
0.7315924763679504
0.731353759765625
0.731133759021759
0.7309182286262512
0.7307789325714111
0.7307600975036621
0.7308000326156616
0.7308344841003418
0.7308245301246643
0.7307423949241638
0.7306376695632935
0.7305305004119873
0.7304282188415527
0.7303767204284668
0.7303504347801208
0.7303125858306885
0.7303048372268677
0.7303335070610046
0.7303076982498169
0.730251133441925
0.7302060127258301
0.7301472425460815
0.7301160097122192
0.7301178574562073
0.7301468849182129
0.7301545739173889
0.7301019430160522
0.7300751209259033
0.7300505638122559
0.7300461530685425
0.7300420999526978
0.7300405502319336
0.7300369143486023
0.7300305366516113
0.730006992816925
0.7300018072128296
0.7300294637680054
0.7300428152084351
0.7300375699996948
0.7300140261650085
0.7299846410751343
0.7299875020980835
0.7300253510475159
0.7300338745117188
0.7300043106079102
0.7299723625183105
0.7299409508705139
0.7299641966819763
0.7299906015396118
0.7299953699111938
0.7299826145172119
0.729942798614502
0.7299346327781677
0.7299799919128418
0.729975700378418
0.7299551367759705
0.7299636602401733
0.7299771904945374
0.729957640171051
0.7299647927284241
0.7299748063087463
0.7299754023551941
0.7299932241439819
0.7299844622612
0.7299580574035645
0.7299660444259644
0.7299736738204956
0.7299970388412476
0.729995846748352
0.7299656271934509
0.72994464635849
0.7299700975418091
0.729999303817749
0.7299891114234924
