2.2632079124450684
2.4187920093536377
2.5664291381835938
2.7199864387512207
2.8855433464050293
3.051100015640259
3.2076852321624756
3.368251323699951
3.525829792022705
3.6883955001831055
3.844977378845215
4.00654935836792
4.17011570930481
4.341647624969482
4.494240045547485
4.654811143875122
4.824357032775879
4.989914178848267
5.142506122589111
5.298089504241943
5.4596593379974365
5.620228290557861
5.781795263290405
5.935384750366211
6.088974714279175
6.245556116104126
6.407123565673828
6.565698146820068
6.732253551483154
6.893821477890015
7.058381080627441
7.229921579360962
7.3855061531066895
7.538098096847534
7.691686391830444
7.853254318237305
7.999862909317017
8.170406341552734
8.323995351791382
8.477584600448608
8.63316798210144
8.781770467758179
8.9553062915802
9.12285852432251
9.296394348144531
9.452975034713745
9.617534637451172
9.769129276275635
9.936681270599365
10.099246263504028
11.13518762588501
11.290771484375
11.45433497428894
11.6159029006958
11.827335834503174
12.018824338912964
12.213305234909058
12.397818565368652
12.55139946937561
12.717955112457275
12.875534057617188
13.046076536178589
13.225597143173218
13.414093017578125
13.585633993148804
13.808037996292114
13.968608140945435
14.133168697357178
14.2947359085083
14.460293054580688
14.61687421798706
14.796394348144531
14.974916934967041
15.13149881362915
15.28408932685852
15.434686422348022
15.595257043838501
15.77976369857788
15.940333843231201
16.092926025390625
16.251502752304077
16.410078763961792
16.572643518447876
16.75016760826111
16.947640895843506
17.175031661987305
17.336600303649902
17.50016164779663
17.67469549179077
17.843244791030884
17.992845058441162
18.14942455291748
18.30201745033264
18.50746750831604
18.66803789138794
18.821626663208008
18.983194589614868
19.167701482772827
19.31929588317871
19.481860637664795
20.429327249526978
20.585907697677612
20.754456281661987
20.89907455444336
21.076603174209595
21.238163948059082
21.393747568130493
21.55631160736084
21.708903312683105
21.866483449935913
22.022072315216064
22.193606853485107
22.358166456222534
22.51873779296875
22.682299375534058
22.852843284606934
23.013415336608887
23.17198944091797
23.325613737106323
23.484155654907227
23.648715496063232
23.819258213043213
23.979828596115112
24.14239501953125
24.290997743606567
24.452564001083374
24.606154203414917
24.764730215072632
24.914329290390015
25.063929319381714
25.214525938034058
25.37509799003601
25.526692152023315
25.696237087249756
25.858803749084473
26.010398149490356
26.163987159729004
26.321564435958862
26.487122058868408
26.63572406768799
26.78831672668457
26.95487093925476
27.1164391040802
27.27505111694336
27.43359136581421
27.59814953804016
27.75373339653015
27.916298627853394
28.085846424102783
28.2454195022583
29.26569104194641
29.427258014678955
29.595807790756226
29.75537919998169
29.911961555480957
30.07652187347412
30.238089084625244
30.395668029785156
30.55923056602478
30.714813232421875
30.867404460906982
31.02099347114563
31.170594692230225
31.326178789138794
31.471789121627808
31.63734531402588
31.830828428268433
31.985414028167725
32.133020639419556
32.29658126831055
32.451170444488525
32.63268280029297
32.813199520111084
32.97377133369446
33.128358364105225
33.28892707824707
33.48739671707153
33.64298129081726
33.799562215805054
33.96013140678406
34.135662317276
34.352084159851074
34.51664328575134
34.67222785949707
34.82980513572693
34.98738360404968
35.13997530937195
35.29157090187073
35.44815278053284
35.60473370552063
35.76530456542969
35.93484926223755
36.1273353099823
36.32580494880676
36.49435257911682
36.64993619918823
36.80552053451538
36.95910906791687
37.11968231201172
37.34108853340149
38.34939217567444
38.50397753715515
38.65856337547302
38.83509159088135
39.000648498535156
39.160221338272095
39.37065815925598
39.535218477249146
39.74266338348389
39.90722298622131
40.06280708312988
40.22237992286682
40.3749737739563
40.53255081176758
40.690131187438965
40.859675884246826
41.024235248565674
41.204752922058105
41.37828874588013
41.54584050178528
41.720372915267944
41.87994718551636
42.030543088912964
42.18612742424011
42.35667061805725
42.51225543022156
42.67282676696777
42.8333957195282
42.99496364593506
43.159523487091064
43.32208967208862
43.478671073913574
43.65818929672241
43.8267388343811
43.97733783721924
44.128931760787964
44.27553963661194
44.42513966560364
44.575735092163086
44.7353081703186
44.8948814868927
45.05246019363403
45.217020750045776
45.378588914871216
45.548134088516235
45.725659132003784
45.89121627807617
46.05577731132507
46.241281509399414
46.39287543296814
47.33535385131836
47.50091028213501
47.6684627532959
47.85296940803528
48.017529010772705
48.185081005096436
48.35163474082947
48.526169538497925
48.69770884513855
48.8672559261322
49.0308198928833
49.18939447402954
49.35196089744568
49.51651883125305
49.679083824157715
49.84364366531372
49.99324345588684
50.14783000946045
50.312390089035034
50.46498131752014
50.61458110809326
50.777146339416504
50.92375421524048
51.10626578330994
51.25885772705078
51.410454511642456
51.57202219963074
51.72461175918579
51.88119387626648
52.07268285751343
52.25319814682007
52.423741817474365
52.574339389801025
52.730921030044556
52.89348530769348
53.04009485244751
53.200663566589355
53.362231969833374
53.53377389907837
53.697336196899414
53.8658971786499
54.02645492553711
54.17605495452881
54.33163905143738
54.48223543167114
54.638816356658936
54.80138301849365
54.969932079315186
55.165409326553345
55.31700301170349
56.26971626281738
56.45921015739441
56.63374161720276
56.78633451461792
56.93992376327515
57.11645197868347
57.27103805541992
57.425623416900635
57.58320379257202
57.74277639389038
57.9482262134552
58.10081911087036
58.24642896652222
58.44390034675598
58.63239550590515
58.78199601173401
58.95154333114624
59.103137493133545
59.25871992111206
59.40632700920105
59.574875593185425
59.74541902542114
59.89900851249695
60.05957865715027
60.223140478134155
60.378724813461304
60.56426477432251
60.7317795753479
60.8823766708374
61.03696322441101
61.197535037994385
61.35511255264282
61.51269054412842
61.67625308036804
61.82585287094116
61.989415645599365
62.141010761260986
62.310556411743164
62.47411918640137
62.624716997146606
62.79828643798828
62.95084500312805
63.117398500442505
63.272982120513916
63.43255615234375
63.589136362075806
63.746715784072876
63.917258739471436
64.07782912254333
64.23241543769836
65.2347342967987
65.39331197738647
65.56186079978943
65.76032876968384
65.93486285209656
66.09443640708923
66.2440345287323
66.41358208656311
66.56816792488098
66.72674322128296
66.87933611869812
67.03092956542969
67.19249844551086
67.35406613349915
67.51563429832458
67.68817162513733
67.85173392295837
68.01828861236572
68.17291498184204
68.3304545879364
68.48803186416626
68.64960074424744
68.80418705940247
68.95677876472473
69.12632441520691
69.29886269569397
69.46043133735657
69.61801028251648
69.77558827400208
69.93017435073853
70.08177018165588
70.24134182929993
70.40091490745544
70.56048846244812
70.72804045677185
70.88562035560608
71.08109641075134
71.23568677902222
71.39625334739685
71.5508406162262
71.71240735054016
71.9019021987915
72.05349588394165
72.21007776260376
72.38560748100281
72.5372006893158
72.6927843093872
72.88826179504395
73.04384589195251
73.22336506843567
74.19875693321228
74.36132097244263
74.517902135849
74.67647814750671
74.82707500457764
74.98764705657959
75.1492133140564
75.32075428962708
75.48132491111755
75.63990139961243
75.79448795318604
75.94608163833618
76.12659955024719
76.28018856048584
76.44774007797241
76.60631656646729
76.77386832237244
76.93044900894165
77.08603405952454
77.24261522293091
77.39121603965759
77.59068417549133
77.76820755004883
77.92977571487427
78.10829949378967
78.30676674842834
78.46235084533691
78.6169376373291
78.78149700164795
78.93110227584839
79.08169388771057
79.23329019546509
79.38987040519714
79.54146575927734
79.69704818725586
79.84864330291748
80.00422620773315
80.17776274681091
80.3343448638916
80.49092674255371
80.65847730636597
80.81605672836304
80.97762250900269
81.12821960449219
81.28579807281494
81.4373927116394
81.59198069572449
81.74157977104187
81.91212272644043
82.09164357185364
83.09031915664673
83.24590277671814
83.40248417854309
83.56505060195923
83.7206335067749
83.87123012542725
84.01983261108398
84.18239736557007
84.35693120956421
84.51650381088257
84.67109107971191
84.84761881828308
85.01217794418335
85.17673754692078
85.33631134033203
85.49688220024109
85.65346240997314
85.80306220054626
85.96562838554382
86.11821913719177
86.26881694793701
86.42041158676147
86.57100820541382
86.72459769248962
86.87220239639282
87.0247950553894
87.19035148620605
87.34693241119385
87.4945375919342
87.65211653709412
87.80371117591858
87.95929598808289
88.10789775848389
88.25749683380127
88.45896005630493
88.60656404495239
88.76214790344238
88.91473865509033
89.1191918849945
89.27477598190308
89.43434858322144
89.64079642295837
89.79338836669922
89.97290849685669
90.16738820075989
90.32895565032959
90.48653411865234
90.66904735565186
90.82363271713257
90.98619890213013
93.0267391204834
94.31230115890503
95.61082673072815
96.82258725166321
98.0024299621582
99.21817755699158
100.42096066474915
101.56390261650085
102.74673843383789
103.84879040718079
105.01666641235352
106.09079384803772
107.21977305412292
108.34875321388245
109.45978164672852
110.64760422706604
111.89925599098206
113.07710647583008
114.17018151283264
115.2642674446106
116.4022114276886
117.54116415977478
118.64421343803406
119.84001421928406
120.95602917671204
122.08999752998352
123.22296524047852
124.26318311691284
125.36922526359558
126.45831060409546
127.52346181869507
128.70430278778076
129.91007709503174
131.0560119152069
132.16703987121582
133.2980146408081
134.6384289264679
135.77139854431152
136.84751987457275
137.982483625412
139.08254170417786
140.18758630752563
141.34847974777222
142.53331089019775
143.72512340545654
144.90696096420288
146.09278917312622
147.25867199897766
148.4075973033905
149.54854536056519
151.51229238510132
152.66121888160706
153.82610249519348
154.95608139038086
156.04018115997314
157.1841197013855
158.324072599411
159.43510031700134
160.5551028251648
161.6651349067688
162.8170530796051
163.9230933189392
165.11191320419312
166.29873871803284
167.48257184028625
168.64546251296997
169.78441452980042
170.9123969078064
172.00148367881775
173.12248587608337
174.2564561367035
175.42532563209534
176.52737712860107
177.65236902236938
178.74444770812988
179.91830849647522
181.0273401737213
182.16729021072388
183.47080397605896
184.65164589881897
185.77962803840637
186.94251680374146
188.07050037384033
189.2224202156067
190.320481300354
191.39959502220154
192.5136148929596
193.61965608596802
194.74963307380676
195.85368013381958
196.931795835495
198.05279755592346
199.14587330818176
200.22398924827576
201.3818917274475
202.5457787513733
203.71066236495972
204.9044690132141
205.99854373931885
207.09860038757324
209.02962636947632
210.21345925331116
211.3244869709015
212.4823911190033
213.69514727592468
214.8321042060852
215.9680655002594
217.0441870689392
218.1312792301178
219.2672414779663
220.4470841884613
221.53517365455627
222.71102929115295
223.99160289764404
225.1205825805664
226.2026882171631
227.32967352867126
228.48657941818237
229.65545344352722
230.8323037624359
232.03209495544434
233.22689938545227
234.4346685409546
235.58957839012146
236.75944924354553
237.93929433822632
239.00743651390076
240.182293176651
241.32523608207703
242.42130374908447
243.6270785331726
244.8498079776764
246.0216727256775
247.14267420768738
248.21081709861755
249.36373448371887
250.4268901348114
251.57581663131714
252.6988127231598
253.81881618499756
254.99566793441772
256.13761353492737
257.2975106239319
258.423499584198
259.54649567604065
260.7472834587097
261.9071822166443
263.09699726104736
264.2529046535492
265.36293625831604
267.23492908477783
268.35892128944397
269.4729428291321
270.6198732852936
271.8116855621338
272.9277012348175
274.1723711490631
275.2913773059845
276.5041329860687
277.6610383987427
278.88576221466064
280.1723213195801
281.37809562683105
282.61478757858276
283.7268135547638
284.84482192993164
285.95585012435913
287.10577368736267
288.2985837459564
289.3727104663849
290.50368452072144
291.62169432640076
292.78458523750305
293.9484713077545
295.07844710350037
296.2243826389313
297.43314838409424
298.6339383125305
299.73000407218933
300.83305406570435
301.93311166763306
303.09699749946594
304.20802640914917
305.36094212532043
306.4350690841675
307.5401129722595
308.65014386177063
309.7312514781952
310.93203997612
312.1617503166199
313.26679515838623
314.41572189331055
315.5297405719757
316.68664598464966
317.7956790924072
319.07924580574036
320.215206861496
321.52570152282715
322.72250032424927
323.88937973976135
325.8115553855896
326.97843503952026
328.2540225982666
329.33513164520264
330.46610474586487
331.6908311843872
332.7908864021301
333.9158766269684
335.05981850624084
336.2596094608307
337.40155267715454
338.5434980392456
339.6684901714325
340.8503279685974
341.95836305618286
343.12723660469055
344.23726892471313
345.37722086906433
346.54708981513977
347.69601607322693
348.84394550323486
349.9928710460663
351.12085366249084
352.20694851875305
353.3020193576813
354.38711857795715
355.4622416496277
356.59321546554565
357.7401578426361
358.8591549396515
359.97616600990295
361.07821822166443
362.1603238582611
363.2873089313507
364.4382300376892
365.5502555370331
366.7281050682068
367.9737739562988
369.1207048892975
370.2087941169739
371.427533864975
372.6143617630005
373.70045375823975
374.78256011009216
375.8895981311798
376.9746963977814
378.13160133361816
379.2685604095459
380.37160873413086
381.5095646381378
383.44151997566223
384.58446288108826
385.78325724601746
386.8773295879364
387.99234676361084
389.1572308540344
390.26825881004333
391.4311480522156
392.5860586166382
393.70606303215027
394.8031280040741
395.94307827949524
397.1368851661682
398.24192929267883
399.31007170677185
400.4759545326233
401.58997344970703
402.73889994621277
403.9097683429718
405.04273772239685
406.1527690887451
407.28773188591003
408.4735598564148
409.6464238166809
410.78936529159546
411.9083731174469
413.05131578445435
414.17929697036743
415.33221316337585
416.4980945587158
417.7407703399658
418.9415581226349
420.03563165664673
421.22445154190063
422.3614103794098
423.6529552936554
424.8218297958374
426.03458428382874
427.15857791900635
428.3523850440979
429.50729513168335
430.5953845977783
431.70042848587036
432.84137654304504
434.01025009155273
435.1212797164917
436.2831699848175
437.42013001441956
438.58002614974976
439.7289535999298
441.63485527038574
442.8067195415497
443.9945435523987
445.1883490085602
446.2913980484009
447.3475728034973
448.4396526813507
449.5506806373596
450.673677444458
451.75179386138916
452.85783314704895
454.0127444267273
455.18261432647705
456.3664479255676
457.4724905490875
458.62839674949646
459.80724358558655
461.06487941741943
462.2836194038391
463.5083432197571
464.64929127693176
465.7333912849426
466.9132356643677
468.04121804237366
469.1532437801361
470.29918479919434
471.4251663684845
472.54217767715454
473.654203414917
474.8081166744232
475.9640254974365
477.1229245662689
478.31872749328613
479.4048206806183
480.57070231437683
481.74057245254517
482.90346217155457
484.0254616737366
485.26314973831177
486.4070899486542
487.5290882587433
488.6161804199219
489.75613164901733
490.8731429576874
492.049996137619
493.2318334579468
494.3598177433014
495.6244351863861
496.77036905288696
497.90034532546997
499.8621838092804
501.053995847702
502.26475715637207
503.4635512828827
504.7072241306305
505.88906240463257
507.06990361213684
508.22680950164795
509.41961789131165
510.5894901752472
511.79127383232117
512.9402008056641
514.2217721939087
515.3976271152496
516.5505428314209
517.701464176178
518.8483967781067
519.9664056301117
521.0884041786194
522.2263603210449
523.3513512611389
524.4673671722412
525.5773966312408
526.7522547245026
527.8762483596802
529.0860109329224
530.2897911071777
531.4626541137695
532.6704230308533
533.9300529956818
535.0570387840271
536.184024810791
537.3538947105408
538.5437116622925
539.6687037944794
540.745822429657
541.8777942657471
543.0157489776611
544.1467242240906
545.3006381988525
546.42662525177
547.5895144939423
548.7813265323639
549.9182858467102
551.0512557029724
552.2091586589813
553.3481111526489
554.5299496650696
555.7676384449005
556.8776688575745
558.8104999065399
559.9374840259552
561.088406085968
562.2253639698029
563.3403823375702
564.4613828659058
565.6891002655029
566.8300468921661
568.0348238945007
569.1687917709351
570.3556175231934
571.5155136585236
572.6514747142792
573.7664921283722
574.9752583503723
576.1630809307098
577.2880713939667
578.4589414596558
579.5829331874847
580.7188949584961
581.8468773365021
582.9220023155212
584.0011148452759
585.2118771076202
586.3707768917084
587.5157129764557
588.6566615104675
589.7587130069733
590.9515225887299
592.0695316791534
593.1955196857452
594.3304843902588
595.4644510746002
596.6353182792664
597.8141651153564
598.9022555351257
600.0843379497528
601.3220279216766
602.587643623352
603.7814497947693
604.9463322162628
606.2119467258453
607.3698508739471
608.5975651741028
609.846225976944
610.9901654720306
612.1171536445618
613.2421412467957
614.304300069809
615.3774302005768
617.2924499511719
618.4503524303436
619.547415971756
620.6744017601013
621.8811745643616
623.0450613498688
624.21293592453
625.3877944946289
626.594565153122
627.7744092941284
628.9502635002136
630.0223958492279
631.0875477790833
632.202565908432
633.4023551940918
634.5243530273438
635.6393716335297
636.7394278049469
637.8664135932922
639.0891425609589
640.30788230896
641.581476688385
642.8141796588898
644.0728113651276
645.2995312213898
646.5242536067963
647.7110805511475
648.8500323295593
650.0288789272308
651.1887769699097
652.3207483291626
653.4946084022522
654.6565012931824
655.732622385025
656.8715755939484
658.0215001106262
659.1454927921295
660.3512682914734
661.5351004600525
662.6511147022247
663.7282335758209
664.9040884971619
666.1328015327454
667.244827747345
668.4186873435974
669.5666162967682
670.6567013263702
671.7697229385376
672.9226408004761
674.0576040744781
675.9585182666779
677.1682820320129
678.2892835140228
679.4850857257843
680.6519634723663
681.8228311538696
682.9508142471313
684.154593706131
685.3673493862152
686.5811040401459
687.7649359703064
688.9437839984894
690.0747582912445
691.278538942337
692.462370634079
693.6761243343353
694.9008486270905
696.0926597118378
697.3323447704315
698.456337928772
699.5703566074371
700.7900938987732
701.9569725990295
703.0799684524536
704.1760377883911
705.2571461200714
706.3681726455688
707.4871799945831
708.6789932250977
709.8688099384308
710.981832742691
712.1876060962677
713.4921169281006
714.6869208812714
715.937575340271
717.1263954639435
718.2513854503632
719.3753795623779
720.5711801052094
721.6782186031342
722.8540756702423
723.9690923690796
725.0651612281799
726.2011201381683
727.3021757602692
728.4271659851074
729.5711071491241
730.741973400116
731.9886400699615
733.1744668483734
735.0983214378357
736.2801609039307
737.4809482097626
738.6099271774292
739.771820306778
740.8718776702881
742.0048458576202
743.1657416820526
744.2438576221466
745.3688468933105
746.5616571903229
747.7574577331543
748.9133682250977
750.1281163692474
751.3817627429962
752.5855429172516
753.9050145149231
755.0938332080841
756.2996151447296
757.512363910675
758.6393506526947
759.761349439621
760.9262316226959
762.059205532074
763.1961607933044
764.3161633014679
765.429187297821
766.5392167568207
767.7050981521606
768.8171231746674
769.941116809845
771.0750834941864
772.1970825195312
773.3390274047852
774.4670102596283
775.6089556217194
776.7499053478241
777.960666179657
779.1295394897461
780.2974138259888
781.4323787689209
782.6132209300995
783.7721209526062
784.9160604476929
786.1078712940216
787.2059338092804
788.4206857681274
789.6703419685364
790.8372220993042
791.994127035141
793.8940434455872
795.0938339233398
796.2078540325165
797.3597733974457
798.510694026947
799.6805644035339
800.827497959137
801.9863963127136
803.2210936546326
804.3301274776459
805.4581098556519
806.586092710495
807.741003036499
808.8879354000092
810.0029542446136
811.1089949607849
812.2639045715332
813.3948793411255
814.5617575645447
815.6308975219727
816.7499058246613
817.9008257389069
819.0158438682556
820.1607818603516
821.314694404602
822.5144844055176
823.6913363933563
824.8173258304596
825.9941763877869
827.1460947990417
828.3558595180511
829.4958102703094
830.6377568244934
831.8684639930725
833.0552895069122
834.2032186985016
835.3371839523315
836.4172947406769
837.533310174942
838.676253080368
839.8850195407867
841.037935256958
842.1728990077972
843.3716940879822
844.5565223693848
845.6775238513947
846.8733260631561
847.9923324584961
849.132283449173
850.2822065353394
852.1761410236359
853.2742028236389
854.444073677063
855.6049695014954
856.7339494228363
857.8280220031738
859.007866859436
860.2086534500122
861.3117034435272
862.4466681480408
863.5427353382111
864.6737103462219
865.7957093715668
866.8887846469879
868.08757853508
869.2833800315857
870.4702050685883
871.6310985088348
872.7690546512604
873.8282227516174
875.0310053825378
876.1879098415375
877.3029267787933
878.4698069095612
879.6147439479828
880.7048268318176
881.8447790145874
882.9797413349152
884.2064597606659
885.263632774353
886.3557119369507
887.4737200737
888.5717828273773
889.6379323005676
890.7669122219086
891.9497480392456
893.1016666889191
894.3443431854248
895.5551040172577
896.6810920238495
897.9177839756012
899.0836639404297
900.282457113266
901.4224092960358
902.5344343185425
903.6484529972076
904.7375411987305
905.7877306938171
906.9147169589996
908.046688079834
909.657984495163
909.7297911643982
909.7996053695679
909.8279509544373
909.8518888950348
909.8778195381165
909.9027543067932
909.9286839962006
909.9536168575287
909.9785499572754
910.0034844875336
910.0274193286896
910.0523526668549
910.0772867202759
910.1012225151062
910.1261558532715
910.1500909328461
910.1750242710114
910.1989607810974
910.2238948345184
910.247829914093
910.2727644443512
910.2967040538788
910.3216323852539
910.3455710411072
910.370507478714
910.3944375514984
910.4193723201752
910.4443039894104
910.4682404994965
910.4941709041595
910.5191040039062
910.5430402755737
910.566976070404
910.5919098854065
910.6158459186554
910.6407785415649
910.6647148132324
910.6886510848999
910.713583946228
910.7375197410583
910.762452840805
910.7883839607239
910.814314365387
910.8382503986359
910.8641815185547
910.8901116847992
910.915045261383
910.9420008659363
910.9659087657928
911.7184088230133
911.7423460483551
911.7672786712646
911.7912182807922
911.8151502609253
911.8410811424255
911.8650209903717
911.8889529705048
911.913890838623
911.9378278255463
911.9627597332001
911.9866914749146
912.010627746582
912.0355606079102
912.0604939460754
912.0844295024872
912.1093673706055
912.1343009471893
912.1602330207825
912.1841630935669
912.2090966701508
912.2330317497253
912.2569725513458
912.2819061279297
912.3068351745605
912.3307752609253
912.3567008972168
912.3816351890564
912.4055752754211
912.4305033683777
912.4544394016266
912.4793775081635
912.5043132305145
912.5282471179962
912.5531759262085
912.578108549118
912.6020510196686
912.6269788742065
912.6519162654877
912.6768493652344
912.700781583786
912.7257189750671
912.7496547698975
912.7755854129791
912.8005197048187
912.8254475593567
912.8493883609772
912.8743207454681
912.8982529640198
912.9231905937195
