75.89624786376953
69.80754089355469
67.01609802246094
62.883792877197266
58.19512939453125
54.94047546386719
51.81708526611328
48.339683532714844
44.66848373413086
41.26814270019531
39.436485290527344
41.08431625366211
41.551082611083984
41.06415939331055
40.184059143066406
39.889766693115234
39.3450813293457
38.88264465332031
37.63603210449219
35.89881896972656
34.48167419433594
32.506858825683594
30.44814109802246
30.30640983581543
30.772661209106445
31.48673439025879
31.58210563659668
31.184602737426758
31.421573638916016
31.708303451538086
31.721492767333984
31.538358688354492
31.567485809326172
31.79897689819336
31.75869369506836
31.50587272644043
31.443700790405273
31.51127052307129
31.371719360351562
31.197914123535156
31.228496551513672
31.138595581054688
30.959949493408203
30.902942657470703
30.84389305114746
30.795928955078125
30.750062942504883
30.71119499206543
30.894987106323242
30.626602172851562
30.57696533203125
30.528827667236328
30.48259925842285
30.432998657226562
30.384674072265625
30.332490921020508
30.278827667236328
30.2236270904541
30.16536521911621
30.124500274658203
30.058839797973633
30.15165901184082
30.053508758544922
29.962417602539062
30.307857513427734
30.12822723388672
30.097246170043945
29.870208740234375
30.205087661743164
29.972728729248047
29.960063934326172
30.12901496887207
30.14592170715332
29.950071334838867
29.964317321777344
30.162111282348633
30.092620849609375
29.990264892578125
30.196531295776367
30.198535919189453
29.986928939819336
29.97615623474121
30.158424377441406
30.064228057861328
29.959260940551758
30.1441707611084
30.183616638183594
30.338069915771484
30.304161071777344
30.200908660888672
30.106849670410156
29.97870445251465
30.175987243652344
30.263343811035156
30.01152992248535
30.020523071289062
30.251462936401367
30.193115234375
30.061994552612305
30.230680465698242
30.22589874267578
30.195674896240234
30.139102935791016
30.062284469604492
30.05891227722168
30.054655075073242
30.049667358398438
30.04450798034668
30.039478302001953
30.034456253051758
30.035306930541992
30.03493881225586
30.016517639160156
30.009979248046875
30.004159927368164
29.998680114746094
29.993078231811523
29.98695182800293
29.980091094970703
29.974048614501953
29.96888542175293
29.964052200317383
29.959041595458984
29.953475952148438
29.947721481323242
29.943052291870117
29.939029693603516
29.935209274291992
29.931217193603516
29.926795959472656
29.922151565551758
29.91840171813965
29.915294647216797
29.912460327148438
29.90961456298828
29.90658187866211
29.903223037719727
29.924304962158203
29.900606155395508
29.900920867919922
29.900651931762695
29.900264739990234
29.899831771850586
29.899337768554688
29.89875602722168
29.898067474365234
29.89725685119629
29.896326065063477
29.8952693939209
29.89409637451172
29.892820358276367
29.891429901123047
29.889936447143555
29.888320922851562
29.88656997680664
29.88465690612793
29.88252067565918
29.880115509033203
29.895261764526367
29.880258560180664
29.881622314453125
29.882038116455078
29.88190269470215
29.901451110839844
29.88625717163086
29.88279151916504
29.882869720458984
29.88199234008789
29.880191802978516
29.930850982666016
29.88194465637207
29.888776779174805
29.893787384033203
29.89955711364746
29.904985427856445
29.908456802368164
29.919538497924805
29.913429260253906
29.915159225463867
29.9163761138916
29.917055130004883
29.91727638244629
29.917097091674805
29.91657257080078
29.915752410888672
29.914661407470703
29.91332244873047
29.911697387695312
29.909780502319336
29.907506942749023
29.904804229736328
29.901668548583984
29.898740768432617
29.896156311035156
29.893815994262695
29.891582489013672
29.88935089111328
29.886960983276367
29.884275436401367
29.881181716918945
29.919130325317383
29.05405616760254
28.18195152282715
27.307376861572266
26.451175689697266
25.59592056274414
24.742412567138672
23.888700485229492
23.034645080566406
22.181461334228516
21.329872131347656
20.47848129272461
19.62680435180664
18.77569580078125
17.926013946533203
17.076913833618164
16.227514266967773
15.378414154052734
14.530518531799316
13.683490753173828
12.836295127868652
11.989154815673828
11.188321113586426
10.527896881103516
9.92182731628418
9.342443466186523
8.784430503845215
8.236632347106934
7.6977739334106445
7.162539482116699
6.638376235961914
6.1450066566467285
5.741952419281006
5.38338041305542
5.055638313293457
4.73384952545166
4.43214750289917
4.202484607696533
4.021091461181641
3.854428291320801
3.705350875854492
3.5899815559387207
3.4775917530059814
3.3469910621643066
3.190122127532959
3.019613265991211
2.8904571533203125
2.825204372406006
2.7928829193115234
2.7755277156829834
2.7647271156311035
2.73640513420105
2.6822118759155273
2.617525577545166
2.536738157272339
2.4615840911865234
2.404154062271118
2.3733153343200684
2.359489917755127
2.349747657775879
2.32769775390625
2.304025650024414
2.280451774597168
2.246772289276123
2.216527223587036
2.195624351501465
2.1814441680908203
2.1641671657562256
2.15431547164917
2.1377692222595215
2.110670566558838
2.088068723678589
2.073330879211426
2.0658984184265137
2.0654311180114746
2.056331157684326
2.0482747554779053
2.0379538536071777
2.0252513885498047
2.0227408409118652
2.027050733566284
2.025329113006592
2.0251317024230957
2.019712209701538
2.008939266204834
2.005153179168701
2.006638288497925
2.001753568649292
2.0006890296936035
1.998548150062561
1.9924777746200562
1.9901641607284546
1.992924690246582
1.9917423725128174
1.991405725479126
1.9881311655044556
1.984871506690979
1.9867585897445679
1.9842112064361572
1.9852482080459595
1.985446810722351
1.9845473766326904
1.9829423427581787
1.9808478355407715
1.9784682989120483
1.976858377456665
1.9766039848327637
1.9776207208633423
1.9781159162521362
1.9781290292739868
1.9775856733322144
1.97651207447052
1.9754602909088135
1.9760017395019531
1.9763697385787964
1.9761896133422852
1.975528597831726
1.9744726419448853
1.9749675989151
1.9755836725234985
1.9756284952163696
1.9752024412155151
1.9750323295593262
1.9747430086135864
1.9743478298187256
1.975037932395935
1.9752309322357178
1.9749308824539185
1.9741928577423096
1.9741359949111938
1.9746476411819458
1.9745728969573975
1.9739863872528076
1.9739775657653809
1.9743324518203735
1.9741969108581543
1.9738399982452393
1.973725438117981
1.9737701416015625
1.9733967781066895
1.9734638929367065
1.9734350442886353
1.9735002517700195
1.9734326601028442
1.9734103679656982
1.9732154607772827
1.9732387065887451
1.973464846611023
1.9736653566360474
1.9734745025634766
1.9732733964920044
1.9735006093978882
1.9733554124832153
1.9732252359390259
1.9733262062072754
1.973432183265686
1.973415732383728
1.973404884338379
1.9732569456100464
1.973240613937378
1.9729459285736084
1.9735791683197021
1.9737497568130493
1.9733906984329224
1.9733492136001587
1.9737091064453125
1.9737565517425537
1.973351001739502
1.9730950593948364
1.973334550857544
1.9730571508407593
1.9731733798980713
1.9733388423919678
1.9730308055877686
1.9731028079986572
1.9732565879821777
1.9729264974594116
1.972858190536499
1.9727892875671387
1.9729994535446167
1.9729691743850708
1.9727624654769897
1.9727437496185303
1.9728912115097046
1.972848892211914
1.9727156162261963
1.9728363752365112
1.9727109670639038
1.9726951122283936
1.9726837873458862
1.9727004766464233
1.9726873636245728
1.9726765155792236
1.9727063179016113
1.9726496934890747
1.972581148147583
1.9725542068481445
1.9727277755737305
1.9726990461349487
1.9726914167404175
1.97262442111969
1.972607970237732
1.9724938869476318
1.9728652238845825
1.972868800163269
1.9727110862731934
1.9729046821594238
1.9729467630386353
1.9726625680923462
1.9726670980453491
1.972549319267273
1.9725074768066406
1.9725992679595947
1.972618818283081
1.972604513168335
1.972707986831665
1.9724574089050293
1.9724966287612915
1.972434639930725
1.9728515148162842
1.9728628396987915
1.972517728805542
1.972878336906433
1.9728589057922363
1.9724992513656616
1.9729411602020264
1.9730076789855957
1.9726347923278809
1.9729126691818237
1.9731581211090088
1.9728984832763672
1.9725348949432373
1.9726933240890503
1.9725801944732666
1.9725655317306519
1.9724345207214355
1.9725737571716309
1.972668170928955
1.9726195335388184
1.9724520444869995
1.9725912809371948
1.9724961519241333
1.9725207090377808
1.9725100994110107
1.9725487232208252
1.9723889827728271
1.9726496934890747
1.9726080894470215
1.9725658893585205
1.972557783126831
1.9724706411361694
1.9726340770721436
1.9725432395935059
1.9724750518798828
1.9728312492370605
1.9727215766906738
1.9725234508514404
1.9725492000579834
1.9726160764694214
1.9725724458694458
1.9726166725158691
1.9725812673568726
1.9726142883300781
1.9726237058639526
1.9725033044815063
1.972429633140564
1.9727699756622314
1.9727976322174072
1.9724429845809937
1.9725017547607422
1.972428560256958
1.9724524021148682
1.972493290901184
1.9723689556121826
1.9724425077438354
1.9725620746612549
1.9724005460739136
1.9723560810089111
1.9724854230880737
1.9724558591842651
1.9724071025848389
1.9724950790405273
1.9723880290985107
1.972486138343811
1.9724133014678955
1.9724831581115723
1.9724786281585693
1.9725658893585205
1.972511887550354
1.9726136922836304
1.9726008176803589
1.9725106954574585
1.972496747970581
1.97257399559021
1.9725075960159302
1.9726074934005737
1.97262704372406
1.9724633693695068
1.9726091623306274
1.972381830215454
