98.54117584228516
77.30399322509766
68.94860076904297
74.2298355102539
74.73477172851562
70.90512084960938
64.04257202148438
58.153160095214844
54.40519714355469
51.48063659667969
48.369781494140625
44.62978744506836
40.42478561401367
35.9640998840332
29.99298858642578
32.92999267578125
37.470394134521484
38.62113952636719
38.17829132080078
37.74387741088867
38.13026809692383
38.916473388671875
38.18540573120117
36.327266693115234
34.27870178222656
33.78413391113281
33.10894012451172
31.518962860107422
30.52165985107422
31.640565872192383
33.70122528076172
34.27281188964844
33.95764923095703
33.50273513793945
32.530818939208984
32.25446319580078
32.97325134277344
32.36314392089844
31.595279693603516
30.86705780029297
30.692415237426758
32.77845001220703
33.7005615234375
32.708091735839844
30.92570686340332
30.209430694580078
29.520221710205078
31.009235382080078
31.627975463867188
31.328346252441406
31.13704490661621
30.83584976196289
30.323318481445312
29.711076736450195
29.0731258392334
28.579687118530273
28.347810745239258
28.049531936645508
28.05524444580078
28.005001068115234
27.835914611816406
27.725770950317383
27.48859214782715
27.324621200561523
27.303247451782227
27.240835189819336
27.198631286621094
27.12557601928711
27.054603576660156
27.033416748046875
26.919408798217773
26.862674713134766
26.98229217529297
27.01633071899414
26.928417205810547
26.998870849609375
27.053503036499023
26.949663162231445
26.830310821533203
26.713274002075195
26.639404296875
26.513521194458008
26.462188720703125
26.545541763305664
26.468490600585938
26.290895462036133
26.264957427978516
26.27569007873535
26.273340225219727
26.26146697998047
26.257246017456055
26.226343154907227
26.272994995117188
26.220001220703125
26.15825843811035
26.23713493347168
26.212800979614258
26.144590377807617
26.283140182495117
26.34873390197754
26.327556610107422
26.262845993041992
26.293960571289062
26.249948501586914
26.191282272338867
26.223026275634766
26.277740478515625
26.30451202392578
26.2564697265625
26.29977035522461
26.24812126159668
26.262916564941406
26.316482543945312
26.338581085205078
26.32709312438965
26.224336624145508
26.29986000061035
26.383037567138672
26.335668563842773
26.25960922241211
26.279964447021484
26.22023582458496
26.164546966552734
26.17997932434082
26.176332473754883
26.1066837310791
26.12978744506836
26.19097328186035
26.185184478759766
26.17687225341797
26.130922317504883
26.236112594604492
26.21013069152832
26.2030029296875
26.20354461669922
26.19483184814453
26.263919830322266
26.2475643157959
26.20778465270996
26.324254989624023
26.3011417388916
26.202423095703125
26.225505828857422
26.193645477294922
26.18577003479004
26.216060638427734
26.13385009765625
26.176326751708984
26.222660064697266
26.129993438720703
26.154987335205078
26.23794174194336
26.28835678100586
26.266332626342773
26.24549674987793
26.235431671142578
26.24578094482422
26.24271011352539
26.239627838134766
26.24190902709961
26.24570655822754
26.30488395690918
26.324237823486328
26.351774215698242
26.302366256713867
26.165685653686523
26.209758758544922
26.274158477783203
26.284400939941406
26.233779907226562
26.313793182373047
26.374332427978516
26.41606903076172
26.38080596923828
26.360883712768555
26.273956298828125
26.20284080505371
26.224563598632812
26.364059448242188
26.306514739990234
26.168067932128906
26.28313446044922
26.41131591796875
26.3526554107666
26.34358024597168
26.3255615234375
26.212820053100586
26.23514175415039
26.340389251708984
26.377765655517578
26.254297256469727
26.16964340209961
26.192787170410156
26.279130935668945
26.2977294921875
26.29108428955078
26.179155349731445
26.08696746826172
26.210533142089844
26.240280151367188
26.19248390197754
25.0153865814209
23.820226669311523
22.65262794494629
21.623050689697266
20.74968147277832
20.043790817260742
19.197607040405273
18.2224063873291
17.4881534576416
16.941404342651367
16.281620025634766
15.485895156860352
15.0652437210083
14.451268196105957
13.60375690460205
12.692716598510742
11.704682350158691
10.567116737365723
9.93889331817627
9.364243507385254
9.074907302856445
9.094318389892578
9.34695816040039
9.101250648498535
9.158818244934082
8.746725082397461
8.27830982208252
8.041467666625977
7.895318031311035
7.470483303070068
7.415467262268066
7.0605669021606445
7.202454090118408
7.102002143859863
7.216055870056152
6.981157302856445
6.823687553405762
6.570987701416016
6.4863362312316895
6.258335113525391
6.214755535125732
6.166093826293945
6.145290374755859
6.125461578369141
6.085170745849609
6.000138282775879
5.859183311462402
5.75730037689209
5.7501444816589355
5.79238224029541
5.833615303039551
5.767282962799072
5.6725687980651855
5.6333208084106445
5.613863945007324
5.619345664978027
5.614627838134766
5.596072196960449
5.581709384918213
5.547297477722168
5.50222635269165
5.525627613067627
5.567028999328613
5.564533233642578
5.5124311447143555
5.471137046813965
5.471569538116455
5.488784313201904
5.51335334777832
5.569053649902344
5.583702087402344
5.525332927703857
5.473888874053955
5.473005294799805
5.501574993133545
5.563038349151611
5.551738739013672
5.483635425567627
5.445669174194336
5.478268623352051
5.502211570739746
5.47067403793335
5.413547515869141
5.4129791259765625
5.444927215576172
5.444234848022461
5.426483154296875
5.402899742126465
5.40054988861084
5.424405574798584
5.427370071411133
5.420224189758301
5.394895076751709
5.391793727874756
5.395920276641846
5.401449203491211
5.401813507080078
5.399486064910889
5.388406276702881
9.609138488769531
8.698304176330566
7.85887336730957
7.244821071624756
6.845762252807617
6.650681018829346
6.554262161254883
6.5151519775390625
6.477534294128418
6.411703109741211
6.330652713775635
6.241267681121826
6.137629508972168
6.043361663818359
5.969344139099121
5.909287452697754
5.866810321807861
5.849531650543213
5.840475082397461
5.8248186111450195
5.8020339012146
5.780267715454102
5.754316329956055
5.723999500274658
5.705489635467529
5.700425148010254
5.696491241455078
5.689525604248047
5.667079448699951
5.647924423217773
5.627660751342773
5.6097092628479
5.588888645172119
5.573326587677002
5.55797815322876
5.549430847167969
5.543506145477295
5.542585849761963
5.53610897064209
5.520028591156006
5.50586462020874
5.496242046356201
5.487175941467285
5.480583667755127
5.476517200469971
5.469813346862793
5.464684009552002
5.459102153778076
5.454426288604736
5.448210716247559
9.341931343078613
8.503765106201172
7.751829624176025
7.223845481872559
6.89349889755249
6.6982316970825195
6.576180934906006
6.51076602935791
6.430882453918457
6.349740028381348
6.272348880767822
6.206879615783691
6.140855312347412
6.0757036209106445
6.01362943649292
5.9671759605407715
5.938099384307861
5.918692588806152
5.886877059936523
5.857580661773682
5.813321590423584
5.761448860168457
5.699489116668701
5.649011135101318
5.618053436279297
5.612177848815918
5.623037815093994
5.634342193603516
5.636425495147705
5.621585845947266
5.614921569824219
5.594875812530518
5.577854633331299
5.55903959274292
5.553188323974609
5.556950569152832
5.555304527282715
5.560452938079834
5.557930946350098
5.553157806396484
5.5428385734558105
5.530423164367676
5.525130748748779
5.525308132171631
5.52390718460083
5.524170398712158
5.521206855773926
5.5181756019592285
5.516074180603027
5.513686180114746
5.514472484588623
5.512372016906738
5.506292819976807
5.502647399902344
5.500606536865234
5.499995708465576
5.4974493980407715
5.499115467071533
5.493687629699707
5.4961628913879395
5.494386196136475
5.49545955657959
5.492732524871826
5.4963698387146
5.4907708168029785
5.492562770843506
5.493270397186279
5.493016719818115
5.4862751960754395
5.482176780700684
5.4799885749816895
5.477792263031006
5.477780342102051
5.481660842895508
5.480470657348633
5.482536315917969
5.48325777053833
5.479616641998291
5.480432033538818
5.480853080749512
5.480154037475586
5.481236934661865
5.48032283782959
5.480656147003174
5.482077598571777
5.479799270629883
5.478953838348389
5.4750447273254395
5.475531578063965
5.475305557250977
5.473844051361084
5.473445415496826
5.474532127380371
5.475220203399658
5.478516101837158
5.482727527618408
5.482165813446045
5.480731964111328
5.484629154205322
5.479033470153809
5.475613594055176
5.472128868103027
5.474773406982422
5.47507381439209
5.475280284881592
5.477515697479248
5.477933883666992
5.476963520050049
5.473786354064941
5.475098609924316
5.472936153411865
5.471380710601807
5.472315311431885
5.4707417488098145
5.470475673675537
5.470548629760742
5.468421459197998
5.4661993980407715
5.465582847595215
5.463786602020264
5.461235523223877
5.458965301513672
5.460026741027832
5.4568963050842285
5.459532737731934
5.4609832763671875
5.461266040802002
5.457304954528809
5.4587883949279785
5.454387187957764
5.455615997314453
5.4525628089904785
5.450934410095215
5.455136775970459
5.45697546005249
5.4539289474487305
5.447768688201904
5.444431781768799
5.443264484405518
5.445140838623047
5.444100379943848
5.442971706390381
5.442745208740234
5.443757057189941
5.441385269165039
5.4389543533325195
5.440309047698975
5.442121982574463
5.441751480102539
5.439894676208496
