15.171026229858398
13.547228813171387
11.923433303833008
10.299635887145996
9.690176010131836
9.148911476135254
9.089208602905273
8.918057441711426
8.45500659942627
7.777617454528809
7.515324592590332
6.949584007263184
6.436842918395996
5.767975807189941
5.597980499267578
5.478638648986816
5.307509422302246
5.292165756225586
5.15299129486084
4.808060646057129
4.2885870933532715
3.893615245819092
3.5301120281219482
3.1470999717712402
2.746891975402832
2.3886547088623047
2.181990623474121
1.831640362739563
2.0208418369293213
2.193230390548706
2.291090965270996
2.5322794914245605
2.4206414222717285
2.4263858795166016
2.3905084133148193
2.409745693206787
2.3735718727111816
2.2858426570892334
2.151916980743408
1.9765779972076416
1.9504503011703491
1.932719349861145
2.058443546295166
2.115675926208496
2.1647839546203613
2.1543383598327637
2.153778076171875
2.087394952774048
2.0302252769470215
1.9243673086166382
1.8397003412246704
1.9742012023925781
1.9927024841308594
2.0521819591522217
2.0513863563537598
2.1317334175109863
2.0011589527130127
1.9512027502059937
1.8524543046951294
1.9933507442474365
1.98605215549469
1.9608513116836548
2.0248546600341797
2.1280691623687744
1.9771158695220947
1.8769174814224243
2.012165069580078
1.9657388925552368
1.9178614616394043
2.199044704437256
2.23244571685791
2.0180821418762207
2.078688144683838
2.3112564086914062
2.3709893226623535
2.186715602874756
1.9490972757339478
2.1887824535369873
2.3264706134796143
2.216646194458008
1.8896833658218384
2.19075083732605
2.4281740188598633
2.415217399597168
2.180142879486084
1.9723832607269287
2.1492018699645996
2.2285656929016113
2.0794243812561035
1.8844634294509888
2.2060303688049316
2.3212954998016357
2.207566738128662
1.8899768590927124
2.1698250770568848
2.4026856422424316
2.3982181549072266
2.182173728942871
1.9882813692092896
2.0946145057678223
2.1626906394958496
2.1477863788604736
2.113506317138672
2.061939239501953
1.998387336730957
1.976196527481079
1.950809359550476
1.9225493669509888
1.8917053937911987
1.8863157033920288
1.9213199615478516
1.9318044185638428
1.9203708171844482
1.8893585205078125
1.8408433198928833
1.8151402473449707
1.8365815877914429
1.8629953861236572
1.8660411834716797
1.8481866121292114
1.811660885810852
1.8094853162765503
1.8449068069458008
1.8627345561981201
1.8583744764328003
1.834161639213562
1.8166661262512207
1.8118560314178467
1.8304840326309204
1.8270031213760376
1.8037348985671997
1.8080413341522217
1.8295631408691406
1.8377915620803833
1.8251031637191772
1.7936885356903076
1.815226674079895
1.8385872840881348
1.839695930480957
1.820865273475647
1.7917171716690063
1.8150911331176758
1.829904317855835
1.8234491348266602
1.7979353666305542
1.8053919076919556
1.82400643825531
1.8211171627044678
1.7989516258239746
1.801222562789917
26.96196937561035
26.502527236938477
25.857898712158203
25.10549545288086
24.297691345214844
23.498464584350586
22.75
22.01266098022461
21.23607063293457
20.421995162963867
19.58340072631836
18.739349365234375
17.905942916870117
17.09360122680664
16.308277130126953
15.55453109741211
14.885527610778809
14.28881549835205
13.721952438354492
13.170422554016113
12.637690544128418
12.13436222076416
11.665156364440918
11.216774940490723
10.779589653015137
10.345993041992188
9.912450790405273
9.481522560119629
9.060275077819824
8.648212432861328
8.266921043395996
7.9275031089782715
7.61249303817749
7.31639289855957
7.033981800079346
6.7535905838012695
6.4745402336120605
6.202162742614746
5.935896396636963
5.670437812805176
5.413402557373047
5.187595367431641
4.997210502624512
4.831449508666992
4.67433500289917
4.51627779006958
4.3586506843566895
4.207900524139404
4.062035083770752
3.918220281600952
3.783144235610962
3.665924072265625
3.5602755546569824
3.4580416679382324
3.355538845062256
3.2535481452941895
3.1527352333068848
3.051668167114258
2.968775749206543
2.929110288619995
2.924095392227173
2.921705722808838
2.91810941696167
2.9145395755767822
2.911057472229004
2.9082884788513184
2.9014995098114014
2.8910956382751465
2.8778908252716064
2.8617780208587646
2.8421642780303955
2.8222708702087402
2.8033361434936523
2.7856616973876953
2.7737462520599365
2.767457962036133
2.762040138244629
2.756004571914673
2.7527122497558594
2.7475194931030273
2.739375114440918
2.7285964488983154
2.716125965118408
2.7031428813934326
2.695802688598633
2.690108060836792
2.6886696815490723
2.689338207244873
2.6909804344177246
2.690845012664795
2.688661813735962
2.6868185997009277
2.6832637786865234
2.6824371814727783
2.681581974029541
2.6809730529785156
2.6801438331604004
2.6788477897644043
2.6769330501556396
2.6763429641723633
2.6740870475769043
2.6725635528564453
2.6722233295440674
2.670379161834717
2.6700453758239746
2.669179677963257
2.6707406044006348
2.670138120651245
2.669412612915039
2.670865058898926
2.670806884765625
2.668586254119873
2.6696062088012695
2.670976161956787
2.671020030975342
2.6690688133239746
2.668043851852417
2.6670284271240234
2.6668965816497803
2.666461944580078
2.667908191680908
2.6673316955566406
2.6656835079193115
2.6665024757385254
2.66538667678833
2.6663618087768555
2.666808605194092
2.664989709854126
2.6670069694519043
2.668105125427246
2.6668193340301514
2.665707588195801
2.666210651397705
2.6673176288604736
2.666321039199829
2.664592742919922
2.6664047241210938
2.666982650756836
2.665055751800537
2.6653542518615723
2.666682004928589
2.6657872200012207
2.663238286972046
2.6635425090789795
2.6640748977661133
2.6635336875915527
2.6643505096435547
2.6642894744873047
2.6639280319213867
2.6641910076141357
2.664696216583252
2.664519786834717
2.6641454696655273
2.6636123657226562
2.6633622646331787
2.6631417274475098
2.662900924682617
2.663491725921631
2.663829803466797
2.6638998985290527
2.6637330055236816
2.6633658409118652
2.6628193855285645
2.6625170707702637
2.66259765625
2.6630172729492188
2.6631860733032227
2.663120985031128
2.662858009338379
2.662418842315674
2.6620898246765137
2.6623847484588623
2.6624321937561035
2.6622424125671387
2.6619186401367188
2.6620914936065674
2.6621038913726807
2.661914825439453
2.661971092224121
2.662055015563965
2.6619062423706055
2.6617870330810547
2.661834716796875
2.6617157459259033
2.6617016792297363
2.661621570587158
2.661614418029785
2.6615610122680664
2.6616482734680176
2.6615352630615234
2.661691427230835
2.6617321968078613
2.6615681648254395
2.661559581756592
2.661623477935791
2.661465644836426
2.661497116088867
2.6615607738494873
2.6614208221435547
2.661346912384033
2.661381244659424
2.6612625122070312
2.6612539291381836
2.6612048149108887
2.6611247062683105
2.6612987518310547
2.6612777709960938
2.6611671447753906
2.6612634658813477
2.6612634658813477
2.661062240600586
2.661194324493408
2.661282539367676
2.6611437797546387
2.6609487533569336
2.661062717437744
2.661034107208252
2.660902976989746
2.6609349250793457
2.6609206199645996
2.660782814025879
2.6608223915100098
2.66072416305542
2.6608591079711914
2.660871982574463
2.660675048828125
2.6608517169952393
2.660952091217041
2.6608476638793945
2.6605560779571533
2.6608519554138184
2.6610169410705566
2.660951614379883
2.66068696975708
2.6605615615844727
2.6607587337493896
2.6608223915100098
2.660686731338501
2.660494804382324
2.6604363918304443
2.6605019569396973
2.6603505611419678
2.6603851318359375
2.660526752471924
2.6605231761932373
2.6603264808654785
2.6602139472961426
2.660311222076416
2.660187244415283
2.6601719856262207
2.6603269577026367
2.6603221893310547
2.6601195335388184
2.6602256298065186
2.6603574752807617
2.6602723598480225
2.660088062286377
2.6601481437683105
2.660130023956299
2.6600489616394043
2.660261631011963
2.660280227661133
2.660090923309326
2.6602225303649902
2.6603546142578125
2.6602888107299805
2.6600375175476074
2.6603071689605713
2.6604807376861572
2.6604316234588623
2.660181999206543
2.6601154804229736
2.6604137420654297
2.6605064868927
2.660399913787842
2.660125732421875
2.6600284576416016
2.660111665725708
2.6600122451782227
2.659996509552002
2.65993595123291
2.660048484802246
2.660085439682007
2.660046100616455
2.6601033210754395
2.660020351409912
2.6600637435913086
2.660081148147583
2.6600465774536133
2.6600866317749023
2.660078525543213
2.6600303649902344
2.659943103790283
2.659996509552002
2.6600594520568848
2.660043716430664
2.659961700439453
2.6600050926208496
2.659998893737793
2.6600046157836914
2.6600794792175293
2.660010814666748
2.6600723266601562
2.660111904144287
2.6600818634033203
2.660017967224121
2.6599221229553223
2.6600120067596436
2.6600282192230225
2.6600279808044434
2.6600513458251953
2.65999698638916
2.6599769592285156
2.659982919692993
2.6599080562591553
2.6598808765411377
2.6598668098449707
2.65993332862854
2.65988826751709
2.6599130630493164
2.6598453521728516
2.6598806381225586
2.6599526405334473
2.659949779510498
2.6598892211914062
2.6600260734558105
2.659963607788086
2.6599020957946777
2.6601319313049316
2.660162925720215
2.659984827041626
2.660053253173828
2.660165309906006
2.6602039337158203
2.6601030826568604
2.6600265502929688
2.659918785095215
2.6601428985595703
2.6601786613464355
2.6600029468536377
2.6599392890930176
2.660071849822998
2.6600024700164795
2.65994930267334
2.6600143909454346
2.659959077835083
2.659834861755371
2.65985107421875
2.6598269939422607
2.65983247756958
148.48532104492188
132.06768798828125
116.79634857177734
103.27009582519531
92.95922088623047
82.72676086425781
75.30341339111328
69.7379150390625
64.23980712890625
59.19512939453125
53.33647918701172
46.88510513305664
40.68592834472656
34.138465881347656
28.19896697998047
22.75328826904297
16.683988571166992
13.617524147033691
14.85781478881836
16.46739387512207
17.788921356201172
18.52724838256836
19.492229461669922
20.84958267211914
20.802581787109375
19.258237838745117
18.810808181762695
17.85541343688965
16.77928352355957
15.494776725769043
14.094075202941895
12.713701248168945
11.543708801269531
10.536189079284668
10.870726585388184
11.365679740905762
11.87421989440918
12.210039138793945
11.825756072998047
11.157705307006836
10.410323143005371
10.212099075317383
10.223666191101074
9.63278579711914
9.267984390258789
9.616926193237305
9.57129192352295
9.18162727355957
9.641295433044434
9.852505683898926
9.635421752929688
9.26778507232666
9.0013427734375
9.035665512084961
9.000773429870605
8.888265609741211
8.440680503845215
8.853771209716797
8.639976501464844
8.379629135131836
8.815156936645508
8.756269454956055
8.28133773803711
8.48742961883545
8.720762252807617
8.534908294677734
8.578512191772461
8.692126274108887
8.43695068359375
8.450511932373047
8.64228630065918
8.626082420349121
8.381741523742676
8.40229320526123
8.008257865905762
8.61731243133545
8.509185791015625
8.303020477294922
8.411283493041992
8.573753356933594
8.598807334899902
8.352021217346191
8.259771347045898
8.503259658813477
8.683479309082031
8.83473014831543
8.505241394042969
8.59310531616211
8.925359725952148
8.88548469543457
8.657252311706543
8.373251914978027
8.69141674041748
8.80278205871582
8.784677505493164
8.471911430358887
8.027313232421875
8.301950454711914
8.563925743103027
8.69814395904541
8.307319641113281
8.210042953491211
8.448570251464844
8.312935829162598
8.162132263183594
8.672744750976562
8.567208290100098
8.1881103515625
8.15615463256836
8.14280891418457
8.280941009521484
8.243921279907227
7.955606460571289
8.024181365966797
7.920827388763428
8.131818771362305
8.45451831817627
8.060758590698242
7.63347053527832
8.239200592041016
8.477002143859863
8.128591537475586
8.140231132507324
8.493332862854004
8.525493621826172
8.397915840148926
8.442222595214844
8.07606029510498
8.334985733032227
8.505057334899902
7.915921211242676
7.677477836608887
8.128284454345703
8.339910507202148
7.950782775878906
8.058411598205566
8.413238525390625
8.622892379760742
8.433185577392578
7.960489749908447
8.31136417388916
8.574402809143066
8.698444366455078
8.68576717376709
8.44924545288086
8.67643928527832
8.829008102416992
8.465432167053223
8.35400390625
7.767302513122559
14.247490882873535
14.139394760131836
13.898694038391113
13.65285873413086
13.30128288269043
13.01423454284668
12.75562572479248
12.653741836547852
12.679084777832031
12.642807960510254
12.613128662109375
12.672321319580078
12.719191551208496
12.71020221710205
12.681953430175781
12.640859603881836
12.564603805541992
12.483427047729492
12.494866371154785
12.49102783203125
12.518320083618164
12.505223274230957
12.427952766418457
12.34223747253418
12.321752548217773
12.324821472167969
12.275041580200195
12.255546569824219
12.21439266204834
12.174016952514648
12.092166900634766
12.07014274597168
12.058053016662598
12.048617362976074
12.026253700256348
12.004236221313477
11.962838172912598
11.959574699401855
11.953368186950684
11.910649299621582
11.918196678161621
11.914657592773438
11.944682121276855
11.911884307861328
11.89727783203125
11.945923805236816
11.9224271774292
11.944372177124023
11.943513870239258
11.916780471801758
13.10883903503418
14.075260162353516
13.579904556274414
12.957756042480469
12.883140563964844
12.986211776733398
12.886104583740234
12.708282470703125
12.604227066040039
12.489009857177734
12.218876838684082
12.143218994140625
12.270108222961426
12.265765190124512
12.17645263671875
12.075143814086914
12.133218765258789
12.227888107299805
12.212568283081055
12.134642601013184
12.107549667358398
12.101043701171875
12.049357414245605
12.009540557861328
12.027633666992188
12.054716110229492
12.053049087524414
12.040441513061523
12.012768745422363
12.00163745880127
12.023193359375
12.014153480529785
12.035703659057617
12.039318084716797
11.972457885742188
11.97857666015625
11.96497631072998
11.971427917480469
12.00497817993164
11.993985176086426
11.992870330810547
11.999853134155273
11.987720489501953
11.943470001220703
11.986139297485352
11.998990058898926
12.026544570922852
12.007257461547852
11.959760665893555
11.910287857055664
11.932598114013672
11.936168670654297
11.925283432006836
11.893638610839844
11.869306564331055
11.88011360168457
11.90843391418457
11.884553909301758
11.87051773071289
11.850151062011719
11.857946395874023
11.85563850402832
11.84017562866211
11.853729248046875
11.863533973693848
11.882373809814453
11.884440422058105
11.8927001953125
11.899618148803711
11.896017074584961
11.896635055541992
11.905153274536133
11.88652515411377
11.8817777633667
11.869972229003906
11.9497709274292
11.925223350524902
11.882633209228516
11.932619094848633
11.963218688964844
11.951602935791016
11.957048416137695
11.922783851623535
11.986138343811035
11.976370811462402
11.954670906066895
11.962908744812012
11.979761123657227
11.945013046264648
11.901094436645508
11.86043930053711
11.914915084838867
11.939159393310547
11.928939819335938
11.929930686950684
11.905437469482422
11.910290718078613
11.945760726928711
11.95352840423584
11.957527160644531
11.973624229431152
11.46271800994873
11.048124313354492
10.651386260986328
10.260276794433594
9.894587516784668
9.559011459350586
9.242055892944336
8.98060131072998
8.756978034973145
8.631651878356934
8.533880233764648
8.527641296386719
8.6009521484375
8.679901123046875
8.676441192626953
8.677456855773926
8.694717407226562
8.679701805114746
8.674360275268555
8.624910354614258
8.59827709197998
8.582637786865234
8.534608840942383
8.491806030273438
8.438078880310059
8.429421424865723
8.41485595703125
8.391472816467285
8.399640083312988
8.431557655334473
8.437317848205566
8.450017929077148
8.440476417541504
8.437561988830566
8.407857894897461
8.369817733764648
8.343210220336914
8.337380409240723
8.325897216796875
8.285676956176758
8.227082252502441
8.176993370056152
8.14946174621582
8.13821792602539
8.135595321655273
8.112016677856445
8.100749969482422
8.10725212097168
8.117345809936523
8.113882064819336
8.090433120727539
8.074259757995605
8.057273864746094
8.042941093444824
8.03205680847168
8.035245895385742
8.041459083557129
8.056869506835938
8.043437004089355
8.023481369018555
8.01230239868164
8.000947952270508
8.009652137756348
8.021053314208984
8.019818305969238
8.00370979309082
7.983223915100098
7.978878974914551
7.979464530944824
7.98947811126709
7.984023571014404
7.983876705169678
7.976170539855957
7.9710373878479
7.970641136169434
7.980804443359375
7.976243019104004
7.980941295623779
7.975229263305664
7.9653425216674805
7.955504894256592
7.954524993896484
7.951357841491699
7.953829288482666
7.952638626098633
7.955854415893555
7.959485054016113
7.958385467529297
7.948830604553223
7.9481048583984375
7.948556423187256
7.949831962585449
7.947827339172363
7.947645664215088
7.942258834838867
7.935494422912598
7.934739589691162
7.937682628631592
7.940421104431152
7.944076061248779
7.94579553604126
7.946797847747803
7.944692134857178
7.944870948791504
7.946706771850586
7.946756362915039
7.94698429107666
7.945313930511475
7.942673683166504
7.944389343261719
7.94412899017334
7.94185733795166
7.939386367797852
7.941834926605225
7.94102668762207
7.938371658325195
7.937217712402344
7.935790061950684
7.935611724853516
7.933393478393555
7.934511184692383
7.934839248657227
7.938262462615967
7.938167572021484
7.936176776885986
7.934218883514404
7.9340972900390625
7.936108112335205
7.937215805053711
7.937800407409668
7.936057090759277
7.928755760192871
7.926380157470703
7.922551155090332
7.923259735107422
7.929221153259277
7.9336042404174805
7.941128730773926
7.938736915588379
7.937209129333496
7.93508768081665
7.933925151824951
7.932954788208008
7.932117462158203
7.929820537567139
7.928277015686035
7.9258270263671875
7.925632476806641
7.923939228057861
7.924156188964844
7.922517776489258
7.916383743286133
7.917118549346924
7.913999557495117
7.915531158447266
7.915207386016846
7.9175615310668945
7.922309875488281
7.924081802368164
7.923740863800049
7.922852993011475
7.9207963943481445
7.9193220138549805
7.917573928833008
7.918698310852051
7.920454978942871
7.924968719482422
7.924903869628906
7.923577308654785
7.92023229598999
7.916387557983398
7.915951251983643
7.9131011962890625
7.912571907043457
7.914427280426025
7.916685104370117
7.920262336730957
7.921173095703125
7.922298431396484
7.9195170402526855
7.919117450714111
7.914841651916504
7.913751602172852
7.913049697875977
7.912827491760254
7.913614273071289
7.916983604431152
7.920744895935059
7.9221906661987305
7.921333312988281
7.920429229736328
7.917377471923828
7.920148849487305
7.918566703796387
7.912116527557373
7.907122611999512
7.9037322998046875
7.906083106994629
7.911079406738281
7.91329288482666
7.913416862487793
7.912322044372559
7.911949634552002
7.911050796508789
7.91291618347168
7.913110733032227
7.9148125648498535
7.91802978515625
7.917661666870117
7.9178876876831055
7.913625717163086
7.912277698516846
7.909102439880371
7.9099931716918945
7.909934043884277
7.911013603210449
7.910646915435791
7.910608291625977
7.913597106933594
7.916224479675293
7.919732093811035
7.922080039978027
7.92163610458374
7.920331001281738
7.923072814941406
7.919999122619629
7.916313648223877
7.916645526885986
7.917795181274414
7.918957233428955
7.919930458068848
7.924007892608643
7.928553581237793
7.930943489074707
7.929268836975098
7.929085731506348
7.92824649810791
7.927981376647949
7.925829887390137
7.925914287567139
7.923639297485352
7.920206069946289
7.920975208282471
7.922392845153809
7.922809600830078
7.922552108764648
7.924597263336182
7.924686431884766
7.9227495193481445
7.924091339111328
7.92511510848999
7.922861099243164
7.918462753295898
7.916670799255371
7.916472434997559
7.9164137840271
7.917502403259277
7.91748046875
7.918231964111328
7.91818380355835
7.918445587158203
7.919219017028809
7.919068336486816
7.919251918792725
7.92029333114624
7.915736198425293
7.912981033325195
7.913299083709717
7.910615921020508
7.909458160400391
7.90951681137085
7.9107489585876465
7.915290832519531
7.917052268981934
7.921261310577393
7.924299716949463
7.9228434562683105
7.923458576202393
7.924644470214844
7.921603679656982
7.917376518249512
7.915900230407715
7.914850234985352
7.914353370666504
7.91398811340332
7.915550231933594
7.91671085357666
7.916943550109863
7.920377731323242
7.92439079284668
7.926692962646484
7.927484512329102
7.926786422729492
7.925012588500977
7.922363758087158
7.920228004455566
7.919630527496338
7.918735504150391
7.918532371520996
0.7976027727127075
0.7894011735916138
0.7831459641456604
0.7780443429946899
0.7736806869506836
0.7696605920791626
0.7660417556762695
0.7628783583641052
0.7597017288208008
0.7565722465515137
0.7536014914512634
0.7508239150047302
0.7481234669685364
0.7457594871520996
0.7435768842697144
0.7414252758026123
0.7393612265586853
0.737434446811676
0.7358571887016296
0.7347546219825745
0.7346268892288208
0.7347536087036133
0.7345795035362244
0.7343546152114868
0.7340478301048279
0.7338045239448547
0.7335957288742065
0.7333616614341736
0.733144998550415
0.7329325675964355
0.7327989339828491
0.7327843904495239
0.7328188419342041
0.7328475713729858
0.7328346967697144
0.7327530384063721
0.7326502203941345
0.7325448989868164
0.7324443459510803
0.7323957681655884
0.7323697209358215
0.732332170009613
0.7323203086853027
0.7323437929153442
0.7323163747787476
0.7322651147842407
0.7322219014167786
0.732164204120636
0.7321285009384155
0.7321276664733887
0.7321568131446838
0.7321661710739136
0.7321150898933411
0.7320874333381653
0.7320640087127686
0.7320579886436462
0.7320519685745239
0.7320516109466553
0.7320489883422852
0.7320433855056763
0.7320195436477661
0.7320132255554199
0.7320417165756226
0.7320541739463806
0.7320489287376404
0.7320276498794556
0.7319972515106201
0.7319992184638977
0.7320356369018555
0.7320440411567688
0.7320162653923035
0.7319855093955994
0.7319539785385132
0.7319772839546204
0.7320014834403992
0.7320051193237305
0.731994092464447
0.7319552898406982
0.7319492697715759
0.7319918870925903
0.7319871783256531
0.7319681644439697
0.7319760918617249
0.7319893836975098
0.7319682836532593
0.7319755554199219
0.7319862842559814
0.7319862842559814
0.7320054769515991
0.731997013092041
0.7319682836532593
0.7319768071174622
0.731987476348877
0.7320108413696289
0.7320094108581543
0.7319787740707397
0.7319577932357788
0.7319825291633606
0.7320090532302856
0.7319974899291992
