12.262425422668457
11.721161842346191
11.179895401000977
10.638630867004395
10.09736442565918
9.556100845336914
9.014833450317383
8.473567008972168
7.932302951812744
7.3910393714904785
7.2187371253967285
7.080320358276367
6.634592056274414
6.063721179962158
5.864805698394775
5.622775077819824
5.344016075134277
5.033752918243408
4.696307182312012
4.554372310638428
4.782999515533447
5.060912132263184
5.247958660125732
5.355090618133545
5.3917622566223145
5.366172790527344
5.2854485511779785
5.1558308601379395
4.9827775955200195
4.771080017089844
5.0167107582092285
4.9269490242004395
4.548690319061279
4.799667835235596
5.034602642059326
4.959339618682861
4.867275714874268
4.963598251342773
4.9949846267700195
4.9681477546691895
4.889097213745117
4.763200283050537
4.595261096954346
4.442284107208252
4.678041458129883
4.753270149230957
4.8375749588012695
4.8640241622924805
4.833341598510742
4.95361328125
4.9516191482543945
4.768868446350098
4.747749328613281
4.674418926239014
4.554133892059326
4.391624927520752
4.5456342697143555
4.671765327453613
4.7310075759887695
4.730076313018799
4.675016403198242
4.774827480316162
4.674061298370361
4.551052093505859
4.6763739585876465
4.648094654083252
4.443453788757324
4.571393966674805
4.513777256011963
4.463932514190674
4.527077674865723
4.4214582443237305
4.657658100128174
4.71493673324585
4.521777629852295
4.632531642913818
4.9478983879089355
4.99282693862915
4.795511722564697
4.545538902282715
4.778243064880371
4.924510955810547
4.823300838470459
4.503040790557861
4.747931003570557
4.980225086212158
4.9623703956604
4.722512722015381
4.502194404602051
4.791886329650879
4.874602794647217
4.727938175201416
4.4034576416015625
4.730360984802246
4.843758583068848
4.727842807769775
4.535364151000977
4.672648906707764
4.763955593109131
4.6304216384887695
4.530661582946777
4.532562732696533
4.528867244720459
4.5201263427734375
4.50684928894043
4.493518829345703
4.469834804534912
4.444096088409424
4.416766166687012
4.399230480194092
4.418139934539795
4.413575649261475
4.392828941345215
4.393901824951172
4.408440589904785
4.414824485778809
4.39905309677124
4.40897274017334
4.41384220123291
4.418604850769043
4.413876533508301
4.395356178283691
4.379939079284668
4.408206939697266
4.414762020111084
4.399346351623535
4.392800331115723
4.409555435180664
4.421543121337891
4.411100387573242
4.402674198150635
4.406551361083984
4.404630661010742
4.400522232055664
4.386194705963135
4.384618282318115
4.394093990325928
4.381600856781006
4.387309551239014
4.3952412605285645
4.386656761169434
4.3883466720581055
4.384454250335693
4.378264427185059
4.375288486480713
4.371603488922119
4.3731770515441895
4.375151634216309
4.37755823135376
4.370977878570557
33.026363372802734
32.535160064697266
31.87225914001465
31.0886287689209
30.226533889770508
29.309396743774414
28.3571834564209
27.371742248535156
26.361764907836914
25.33708953857422
24.29930305480957
23.251144409179688
22.200355529785156
21.15159797668457
20.105920791625977
19.130338668823242
18.270248413085938
17.577117919921875
16.980449676513672
16.435546875
15.91473388671875
15.404888153076172
14.894231796264648
14.379156112670898
13.86846923828125
13.350259780883789
12.833147048950195
12.313472747802734
11.799216270446777
11.313440322875977
10.901411056518555
10.557405471801758
10.240960121154785
9.930893898010254
9.62998104095459
9.329277992248535
9.018768310546875
8.694053649902344
8.370218276977539
8.088162422180176
7.876522541046143
7.732139587402344
7.606637001037598
7.481793403625488
7.343604564666748
7.183401107788086
7.00629997253418
6.8260111808776855
6.657459259033203
6.505392551422119
6.366693496704102
6.239215850830078
6.115154266357422
5.98742151260376
5.858746528625488
5.747021675109863
5.649248123168945
5.562753677368164
5.483205318450928
5.406090259552002
5.329469680786133
5.2611775398254395
5.20084810256958
5.144758701324463
5.092214584350586
5.045108795166016
5.004561424255371
4.9767022132873535
4.957893371582031
4.952719211578369
4.9518842697143555
4.945870399475098
4.936286926269531
4.9244232177734375
4.913388252258301
4.909038066864014
4.904531955718994
4.8953375816345215
4.881031513214111
4.866800785064697
4.855165481567383
4.843475818634033
4.832040309906006
4.821389675140381
4.819865703582764
4.818174839019775
4.8147759437561035
4.809971809387207
4.8052144050598145
4.805631160736084
4.80421257019043
4.799354076385498
4.7919158935546875
4.788996696472168
4.788267612457275
4.786043643951416
4.782586574554443
4.78030252456665
4.779267311096191
4.779030799865723
4.777074337005615
4.776196002960205
4.778328895568848
4.777857780456543
4.774914264678955
4.774926662445068
4.775303363800049
4.773429870605469
4.770704746246338
4.771893501281738
4.772578239440918
4.771057605743408
4.769931793212891
4.7704925537109375
4.7688727378845215
4.769204616546631
4.771002769470215
4.770462989807129
4.768321514129639
4.76792573928833
4.7682785987854
4.7669291496276855
4.766874313354492
4.766555309295654
4.7665114402771
4.766735076904297
4.766880989074707
4.766186237335205
4.7656073570251465
4.7667694091796875
4.76597261428833
4.7656636238098145
4.7654523849487305
4.765388488769531
4.766356945037842
4.766057968139648
4.7661333084106445
4.76608419418335
4.765996932983398
4.76694393157959
4.766026020050049
4.765803337097168
4.766124248504639
4.765392303466797
4.766371726989746
4.766181468963623
4.7653727531433105
4.765618801116943
4.764952182769775
4.764740467071533
4.764382839202881
4.7643938064575195
4.764326572418213
4.764253616333008
4.7642130851745605
4.764051914215088
4.764028072357178
4.764055252075195
4.76410436630249
4.764093399047852
4.764036655426025
4.764002799987793
4.7639055252075195
4.763946533203125
4.7639689445495605
4.763814926147461
4.76389217376709
4.763864040374756
4.763761520385742
4.763763904571533
4.763755798339844
4.763720512390137
4.763647556304932
4.763667106628418
4.7636590003967285
4.7637529373168945
4.763676643371582
4.763708114624023
4.763749599456787
4.763686180114746
4.7636027336120605
4.763492584228516
4.763444423675537
4.763548851013184
4.763523578643799
4.7634735107421875
4.763562202453613
4.76347541809082
4.763438701629639
4.763455390930176
4.763406276702881
4.763416290283203
4.763380527496338
4.763308525085449
4.763354301452637
4.763352870941162
4.763246536254883
4.76342248916626
4.763399124145508
4.763172626495361
4.763436794281006
4.763566970825195
4.763485908508301
4.763208389282227
4.763282775878906
4.763444900512695
4.7633843421936035
4.763189315795898
4.763088226318359
4.763326168060303
4.763380527496338
4.7632341384887695
4.762935638427734
4.7630791664123535
4.7630720138549805
4.762911319732666
4.762931823730469
4.762853622436523
4.762888431549072
4.7628374099731445
4.762851238250732
4.762818813323975
4.762785911560059
4.762760639190674
4.762773036956787
4.7627034187316895
4.762679576873779
4.762798309326172
4.762767314910889
4.762641429901123
4.762625217437744
4.76258659362793
4.762649059295654
4.762554168701172
4.762743949890137
4.762775421142578
4.762606143951416
4.762655258178711
4.7627387046813965
4.762611389160156
4.762500286102295
4.762550354003906
4.762476921081543
4.76246452331543
4.762402534484863
4.762366771697998
4.762411594390869
4.762420654296875
4.762416839599609
4.7623443603515625
4.762391567230225
4.762292861938477
4.762351989746094
4.76231575012207
4.762310028076172
4.762352466583252
4.762421607971191
4.762321949005127
4.762405872344971
4.762470722198486
4.762334823608398
4.762425899505615
4.762508392333984
4.762381553649902
4.762351989746094
4.762430191040039
4.76230525970459
4.7624101638793945
4.762482643127441
4.7623443603515625
4.762363910675049
4.762446403503418
4.762331485748291
4.762413501739502
4.762539863586426
4.762531280517578
4.762396335601807
4.76229190826416
4.762550354003906
4.7626051902771
4.76246452331543
4.762245178222656
4.762339115142822
4.762299060821533
4.762284278869629
4.762208461761475
4.7622599601745605
4.762307167053223
4.762304306030273
4.762267112731934
4.762260913848877
4.7622222900390625
4.762194633483887
4.762215614318848
4.762259483337402
4.762200355529785
4.76220178604126
4.762242794036865
4.762211322784424
4.762203216552734
4.76218843460083
4.762274265289307
4.762218475341797
4.762343406677246
4.762372970581055
4.762276649475098
4.762302398681641
4.762283802032471
4.7622175216674805
4.762207508087158
4.762253284454346
4.762258052825928
4.762233734130859
4.762219429016113
4.762163162231445
4.762150764465332
4.762205600738525
4.762191295623779
4.762165546417236
4.762247085571289
4.762166976928711
4.762218952178955
4.762153625488281
4.762144088745117
4.762280464172363
4.762260913848877
4.762179851531982
4.762175559997559
4.762241363525391
4.762216567993164
4.7622151374816895
4.762217044830322
4.7621750831604
4.762149333953857
4.762258052825928
4.762254238128662
4.76217794418335
4.762218475341797
4.762158393859863
4.762188911437988
4.762121200561523
4.762307643890381
4.762338638305664
4.76216983795166
4.762353897094727
4.762470722198486
4.762389183044434
4.762171745300293
4.762331485748291
4.762395858764648
105.70117950439453
93.94049072265625
82.08786010742188
71.80677795410156
63.299007415771484
57.98105239868164
51.876163482666016
45.604610443115234
41.132720947265625
38.33959197998047
34.443946838378906
29.181106567382812
24.332012176513672
19.65814971923828
16.383874893188477
12.890737533569336
10.576923370361328
9.339937210083008
9.341766357421875
9.777139663696289
9.78597640991211
10.5146484375
11.73082160949707
12.941396713256836
12.919140815734863
11.937131881713867
10.937429428100586
10.565025329589844
11.063491821289062
10.815308570861816
9.878026008605957
8.655828475952148
7.203350067138672
6.739051818847656
7.377885341644287
7.587194919586182
7.143836498260498
6.167289733886719
5.483369827270508
4.982407569885254
5.800622940063477
5.787083148956299
5.373587608337402
4.766747951507568
4.262424468994141
4.478075981140137
5.008467674255371
5.104724884033203
4.735416412353516
4.34296178817749
3.9402284622192383
3.385378360748291
3.39435076713562
3.6066536903381348
3.5717520713806152
3.3568131923675537
3.442150354385376
3.211254119873047
3.1479358673095703
3.1305787563323975
3.111952304840088
2.8443803787231445
2.515873670578003
2.2364625930786133
2.6255927085876465
2.6512205600738525
2.7989630699157715
2.5912885665893555
2.278733253479004
2.3184897899627686
2.506587505340576
2.5063509941101074
2.2604422569274902
1.9947102069854736
2.2151448726654053
2.3532023429870605
2.2123289108276367
1.8128211498260498
2.035491943359375
2.2970824241638184
2.2680139541625977
2.023282051086426
1.6792480945587158
2.190032958984375
2.3295845985412598
2.445254325866699
2.151947259902954
1.905106782913208
1.6041321754455566
1.9561203718185425
2.0967953205108643
1.913374900817871
1.9167523384094238
1.9113149642944336
1.757218599319458
1.888181209564209
1.8580999374389648
1.856909990310669
1.7874795198440552
1.8241595029830933
1.9767537117004395
1.899259090423584
2.1313204765319824
1.8738948106765747
2.0228617191314697
1.9237735271453857
2.0654053688049316
1.9443669319152832
1.8136847019195557
1.7424386739730835
1.859145164489746
1.9568626880645752
2.131272315979004
2.0969460010528564
1.9729588031768799
1.9730277061462402
2.213505983352661
2.065453052520752
1.6869335174560547
2.0645227432250977
2.1813366413116455
2.1087193489074707
2.105804920196533
2.0964877605438232
2.0327398777008057
1.8862478733062744
1.8505792617797852
1.9332187175750732
1.812194585800171
1.5368859767913818
1.634899377822876
1.7512307167053223
1.8706532716751099
1.6621544361114502
1.690016269683838
1.67258882522583
1.9217950105667114
2.0877957344055176
2.077458381652832
1.8709245920181274
1.5852391719818115
1.8045806884765625
2.0453124046325684
2.218122720718384
1.9739184379577637
1.7157776355743408
1.6859126091003418
1.9561994075775146
1.8746697902679443
1.7107791900634766
12.038068771362305
11.956525802612305
11.850942611694336
11.73450756072998
11.614079475402832
11.502455711364746
11.388924598693848
11.289725303649902
11.201338768005371
11.126358032226562
11.065122604370117
11.026815414428711
10.996044158935547
10.951301574707031
10.926843643188477
10.912384033203125
10.894207954406738
10.867230415344238
10.835417747497559
10.795965194702148
10.763941764831543
10.736763000488281
10.721917152404785
10.716972351074219
10.713951110839844
10.719491004943848
10.730827331542969
10.736438751220703
10.74752426147461
10.751646995544434
10.755159378051758
10.75090217590332
10.746520042419434
10.745399475097656
10.737639427185059
10.740776062011719
10.740120887756348
10.740164756774902
10.74449348449707
10.751185417175293
10.758106231689453
10.761345863342285
10.77155590057373
10.771439552307129
10.77756118774414
10.78122329711914
10.781448364257812
10.77971363067627
10.781204223632812
10.784879684448242
10.784370422363281
10.779712677001953
10.778368949890137
10.778363227844238
10.776788711547852
10.774566650390625
10.774202346801758
10.776764869689941
10.7753267288208
10.775592803955078
10.775802612304688
10.778443336486816
10.778839111328125
10.777400016784668
10.778890609741211
10.780628204345703
10.780488967895508
10.781511306762695
10.781923294067383
10.780840873718262
10.781477928161621
10.779784202575684
10.775574684143066
10.776131629943848
10.774474143981934
10.773303031921387
10.771751403808594
10.768479347229004
10.765636444091797
10.765266418457031
10.762533187866211
10.76186752319336
10.759549140930176
10.75882339477539
10.756120681762695
10.754756927490234
10.754533767700195
10.754069328308105
10.753883361816406
10.753361701965332
10.755053520202637
10.754831314086914
10.75505256652832
10.755173683166504
10.753716468811035
10.753473281860352
10.753829956054688
10.754050254821777
10.7542724609375
10.755317687988281
10.755486488342285
10.75568962097168
10.756219863891602
10.75727653503418
10.757115364074707
10.756866455078125
10.757072448730469
10.756455421447754
10.755899429321289
10.755661010742188
10.755459785461426
10.755147933959961
10.754951477050781
10.753396987915039
10.753052711486816
10.752907752990723
10.752655029296875
10.752508163452148
10.75227165222168
10.752071380615234
10.751771926879883
10.751858711242676
10.752455711364746
10.752218246459961
10.751980781555176
10.751747131347656
10.751394271850586
10.75020980834961
10.749531745910645
10.749101638793945
10.748847007751465
10.748884201049805
10.74866008758545
10.748419761657715
10.748276710510254
10.748048782348633
10.747664451599121
10.747434616088867
10.747197151184082
10.74677562713623
10.746749877929688
10.74670124053955
10.747010231018066
10.746774673461914
10.74646282196045
10.746238708496094
10.745813369750977
10.74557113647461
10.745545387268066
10.745311737060547
10.745253562927246
8.462703704833984
6.669090747833252
5.970178604125977
6.550336837768555
7.2412896156311035
7.857135772705078
8.38241195678711
8.783876419067383
9.054502487182617
9.216384887695312
9.268999099731445
9.222521781921387
9.071599006652832
8.831439971923828
8.528604507446289
8.213638305664062
7.863339900970459
7.4949212074279785
7.144287586212158
6.854624271392822
6.710369110107422
6.656036376953125
6.473406791687012
6.183851718902588
5.824882984161377
5.422823905944824
5.015695571899414
4.703394412994385
4.551019668579102
4.501019477844238
4.5280842781066895
4.558680534362793
4.585119247436523
4.600217342376709
4.519872188568115
4.3389739990234375
4.15088415145874
4.034035682678223
3.96490478515625
3.960461378097534
4.010475158691406
4.053340435028076
4.068509578704834
4.038243293762207
3.955899238586426
3.8445990085601807
3.7498810291290283
3.7014570236206055
3.6881027221679688
3.688760757446289
3.699859142303467
3.6939456462860107
3.6679184436798096
3.6299540996551514
3.591803550720215
3.579071283340454
3.5844058990478516
3.5824105739593506
3.5704619884490967
3.551187038421631
3.5289652347564697
3.5074656009674072
3.507652759552002
3.5144460201263428
3.5180504322052
3.5047028064727783
3.489497661590576
3.478736639022827
3.470442771911621
3.466132402420044
3.4624345302581787
3.458199977874756
3.4538097381591797
3.448003053665161
3.4432079792022705
3.439000129699707
3.4351916313171387
3.4305686950683594
3.431766986846924
3.4307210445404053
3.427182674407959
3.421992063522339
3.4179887771606445
3.415466070175171
3.4139115810394287
3.4126033782958984
3.4096739292144775
3.40647029876709
3.403965950012207
3.4005484580993652
3.3982276916503906
3.397495746612549
3.39562726020813
3.3925654888153076
3.3912155628204346
3.387141704559326
3.387237071990967
3.3838322162628174
3.380645513534546
3.379462242126465
3.3643338680267334
3.348318576812744
3.3302884101867676
3.3147506713867188
3.30115008354187
3.2891993522644043
3.279590129852295
3.2634665966033936
3.255554676055908
3.243277072906494
3.23073148727417
3.219172716140747
3.208510398864746
3.1982996463775635
3.1853954792022705
3.173079490661621
3.157203435897827
3.1443700790405273
3.133058547973633
3.1225669384002686
3.1150712966918945
3.108309745788574
3.0985357761383057
3.0899834632873535
3.078301191329956
3.0743770599365234
3.0711302757263184
3.0654211044311523
3.0586013793945312
3.049732208251953
3.0433874130249023
3.0385565757751465
3.03198504447937
3.0259697437286377
3.019300937652588
3.0114803314208984
3.0055603981018066
2.9973363876342773
2.9882187843322754
2.982726573944092
2.980839252471924
2.977025270462036
2.971606731414795
2.964766025543213
2.95804500579834
2.9511377811431885
2.9507970809936523
2.950866460800171
2.947906732559204
2.947411060333252
2.9460062980651855
2.9439761638641357
2.9431378841400146
2.9415059089660645
2.9419806003570557
2.9443860054016113
2.945019483566284
2.944448947906494
2.943578004837036
2.94212007522583
2.9396629333496094
2.939912796020508
2.9391798973083496
2.9366140365600586
2.9341626167297363
2.9331142902374268
2.934298515319824
2.935175895690918
2.9334819316864014
2.933149814605713
2.9334259033203125
2.933798313140869
2.934589385986328
2.9326064586639404
2.9317069053649902
2.9289519786834717
2.927886724472046
2.929414987564087
2.928025484085083
2.9290497303009033
2.9303677082061768
2.9316022396087646
2.9286820888519287
2.9273509979248047
2.924546003341675
2.9265477657318115
2.9278385639190674
2.926353931427002
2.9260964393615723
2.9252240657806396
2.925527334213257
2.9253785610198975
2.9248392581939697
2.9243736267089844
2.925478219985962
2.925861358642578
2.9263863563537598
2.924006462097168
2.924078941345215
2.925060987472534
2.926173686981201
2.9267380237579346
2.926715612411499
2.926708936691284
2.9259538650512695
2.9256675243377686
2.9258151054382324
2.926295280456543
2.9261791706085205
2.926013469696045
2.9262123107910156
2.92618465423584
2.9268600940704346
2.9267163276672363
2.925753355026245
2.9259016513824463
2.9261233806610107
2.9267995357513428
2.9267330169677734
2.9265432357788086
2.925626039505005
2.925661563873291
2.925837993621826
2.9265706539154053
2.926487922668457
2.926504135131836
2.9256904125213623
2.925682544708252
2.925931453704834
2.9266490936279297
2.9265637397766113
2.9265828132629395
2.9259281158447266
2.925647258758545
2.926614761352539
2.9266154766082764
2.9265401363372803
2.9258546829223633
2.9258906841278076
2.9266414642333984
2.92657470703125
2.926567316055298
2.9255290031433105
2.9258103370666504
2.926569700241089
2.926645040512085
2.926640510559082
2.9258873462677
2.925804853439331
2.9264309406280518
2.9265174865722656
2.9258875846862793
2.9266321659088135
2.925880193710327
2.9264798164367676
2.9264307022094727
2.925787925720215
2.9258368015289307
2.9264698028564453
2.9265143871307373
2.9258384704589844
2.9258358478546143
2.926553964614868
2.92655873298645
2.925873279571533
2.92592453956604
2.926525115966797
2.926520586013794
2.9258766174316406
2.9258792400360107
2.9264700412750244
2.9265143871307373
2.925750732421875
2.925747871398926
2.926466226577759
2.9264700412750244
2.9258341789245605
2.9258296489715576
2.926431894302368
2.9263789653778076
2.9257819652557373
2.925835132598877
2.926513671875
2.926509380340576
2.9257469177246094
2.925696849822998
2.9264636039733887
2.9264652729034424
2.9258298873901367
2.9258251190185547
2.9265553951263428
2.9265520572662354
2.925905466079712
2.9259085655212402
2.9265878200531006
2.9266324043273926
2.925870895385742
2.9258670806884766
2.926457166671753
2.926459789276123
2.925825357437134
2.9258198738098145
2.926419973373413
2.926370859146118
2.9257736206054688
2.9258246421813965
2.9265036582946777
2.926499605178833
2.925692558288574
2.925687313079834
2.926502227783203
2.926506519317627
2.92582106590271
2.9258978366851807
2.9265007972717285
2.926546335220337
2.925198554992676
2.925154209136963
2.9258828163146973
2.9258313179016113
2.9251163005828857
2.9251139163970947
2.925703287124634
2.925706386566162
2.9250729084014893
2.925067663192749
2.925666570663452
2.9256155490875244
2.925020456314087
2.9250714778900146
2.925750494003296
2.925875186920166
2.925067663192749
2.9250638484954834
2.9258759021759033
2.925880193710327
2.925196647644043
2.9251437187194824
2.9257476329803467
2.925791025161743
2.9250640869140625
2.9250690937042236
2.925701856613159
2.9256961345672607
2.9249324798583984
2.924978733062744
2.925746440887451
2.925750255584717
2.9250645637512207
2.9251420497894287
2.925745725631714
2.9257423877716064
2.92518949508667
2.9251949787139893
2.9258735179901123
2.9258687496185303
2.9250617027282715
2.9250574111938477
2.9256930351257324
2.9257469177246094
2.9250645637512207
2.9250590801239014
2.9256606101989746
2.9256069660186768
2.9250123500823975
2.9250147342681885
2.925741672515869
2.9258666038513184
2.925107717514038
2.925103187561035
2.9258193969726562
2.9258251190185547
2.925140619277954
2.9251835346221924
2.9257891178131104
2.9257826805114746
2.925055742263794
2.9250128269195557
2.9256932735443115
2.925685405731201
2.924974203109741
2.9249701499938965
2.92573618888855
2.925741195678711
2.9250082969665527
2.9250447750091553
2.925729274749756
2.92586088180542
2.9251813888549805
2.9251790046691895
2.925773859024048
2.9258134365081787
2.9251327514648438
2.9251296520233154
2.9257748126983643
2.925861120223999
2.925179958343506
2.9251763820648193
2.925598621368408
0.48357516527175903
0.4774576723575592
0.4719766080379486
0.4670088589191437
0.46287423372268677
0.45883244276046753
0.4550154209136963
0.4515507221221924
0.4482819139957428
0.44514673948287964
0.44215160608291626
0.43938395380973816
0.4370306134223938
0.43523353338241577
0.43380218744277954
0.43258705735206604
0.43162083625793457
0.43070417642593384
0.42986541986465454
0.42916667461395264
0.4287368655204773
0.4285069406032562
0.428036093711853
0.4275483787059784
0.4270733594894409
0.4267338514328003
0.4265013635158539
0.42629316449165344
0.4261438250541687
0.4260159432888031
0.42593854665756226
0.42587921023368835
0.4258367419242859
0.42578113079071045
0.4256957173347473
0.42557328939437866
0.4254573583602905
0.4253513216972351
0.42524054646492004
0.42519229650497437
0.4251644015312195
0.4251249432563782
0.4250810742378235
0.4250483512878418
0.4249940812587738
0.42494574189186096
0.4249248504638672
0.4248485267162323
0.42479896545410156
0.42477354407310486
0.4247852861881256
0.4247823655605316
0.42474088072776794
0.4247298240661621
0.4246886968612671
0.4246554374694824
0.42464548349380493
0.4246540069580078
0.42465734481811523
0.4246453642845154
0.4246152341365814
0.42459142208099365
0.4246208071708679
0.42465198040008545
0.4246382415294647
0.4246046543121338
0.424586683511734
0.4245803654193878
0.42461755871772766
0.4246174693107605
0.42457836866378784
0.4245567321777344
0.42454928159713745
0.4245678782463074
0.4245747923851013
0.42455241084098816
0.4245421290397644
0.4245409071445465
0.42453664541244507
0.4245399236679077
0.42452630400657654
0.42452511191368103
0.4245424270629883
0.4245445430278778
0.4245373606681824
0.4245433509349823
0.42455774545669556
0.42453980445861816
0.42456093430519104
0.4245608448982239
0.4245368242263794
0.4245491325855255
0.4245607256889343
0.4245660901069641
0.4245554804801941
0.4245390295982361
0.42453157901763916
0.42454278469085693
0.42456334829330444
0.42454802989959717
