15.267986297607422
14.726722717285156
14.185455322265625
13.64419174194336
13.102924346923828
12.561660766601562
12.020394325256348
11.479127883911133
10.93786334991455
10.396599769592285
9.85533332824707
9.314065933227539
8.772802352905273
8.231538772583008
7.690271854400635
7.149004936218262
6.607741355895996
6.066477298736572
5.525210380554199
5.712282657623291
5.581793308258057
5.147281169891357
4.486083984375
3.906968116760254
3.729797840118408
3.5134048461914062
3.262279987335205
3.245943784713745
3.214116334915161
2.8624801635742188
2.7298271656036377
2.9919357299804688
3.3259198665618896
3.380030393600464
3.313610076904297
3.292340040206909
3.2178759574890137
3.095767021179199
2.9309616088867188
3.1238629817962646
3.172208309173584
2.9523401260375977
2.5416879653930664
2.5616347789764404
2.6140942573547363
2.4741337299346924
2.5519325733184814
2.5673792362213135
2.5268032550811768
2.4517104625701904
2.559077739715576
2.576918840408325
2.487333059310913
2.621917486190796
2.6108012199401855
2.514529228210449
2.5198116302490234
2.4669528007507324
2.409428358078003
2.4196877479553223
2.4676992893218994
2.4913816452026367
2.4855823516845703
2.4576737880706787
2.43373966217041
2.527230978012085
2.523118257522583
2.42046856880188
2.5685176849365234
2.480536699295044
2.531644821166992
2.5801658630371094
2.4146528244018555
2.5188655853271484
2.490997314453125
2.462087631225586
2.4625227451324463
2.4629101753234863
2.4565696716308594
2.4116978645324707
2.464409112930298
2.4256720542907715
2.5021626949310303
2.429842948913574
2.4050354957580566
2.535550355911255
2.5281519889831543
2.401439905166626
2.4007246494293213
2.3928732872009277
2.4681761264801025
2.3928120136260986
2.5946946144104004
2.634671211242676
2.4643375873565674
2.605646848678589
2.721975803375244
2.6223480701446533
2.4683594703674316
2.5922775268554688
2.577371835708618
2.5557711124420166
2.5161921977996826
2.4605541229248047
2.3998334407806396
2.3899765014648438
2.431497097015381
2.448762893676758
2.4443178176879883
2.4204418659210205
2.379180431365967
2.389547348022461
2.420802354812622
2.429158926010132
2.417013168334961
2.3865103721618652
2.3723528385162354
2.3950040340423584
2.395890712738037
2.3772761821746826
2.3707284927368164
2.3838014602661133
2.376249313354492
2.371513843536377
2.3798108100891113
2.3767783641815186
2.3610382080078125
2.3823440074920654
2.385769844055176
2.3711249828338623
2.3661270141601562
2.385756492614746
2.3875370025634766
2.3698806762695312
2.3771257400512695
2.389444351196289
2.3813395500183105
2.3617281913757324
2.375410556793213
2.372802734375
2.360583782196045
2.3607864379882812
2.3700027465820312
2.3679301738739014
2.3649706840515137
2.378262519836426
2.3712902069091797
2.3658885955810547
2.3696348667144775
2.360314130783081
26.275482177734375
25.702634811401367
24.933944702148438
24.027023315429688
23.032018661499023
21.966556549072266
20.84833335876465
19.69603729248047
18.516950607299805
17.348648071289062
16.351879119873047
15.408429145812988
14.52579402923584
13.871636390686035
13.307405471801758
12.766008377075195
12.231006622314453
11.694398880004883
11.15088176727295
10.607677459716797
10.101112365722656
9.641550064086914
9.188546180725098
8.733673095703125
8.269087791442871
7.820779323577881
7.438499450683594
7.1173834800720215
6.8443403244018555
6.598466396331787
6.364187717437744
6.12088680267334
5.869490623474121
5.607525825500488
5.33913516998291
5.084760665893555
4.884089469909668
4.734443187713623
4.60227108001709
4.46885871887207
4.328993797302246
4.182407379150391
4.033163070678711
3.895857572555542
3.7864022254943848
3.7134153842926025
3.664531707763672
3.614635705947876
3.552381992340088
3.4789113998413086
3.3987932205200195
3.3231077194213867
3.2640085220336914
3.2213635444641113
3.194655418395996
3.1748077869415283
3.153979778289795
3.1348700523376465
3.1154816150665283
3.1007766723632812
3.086848258972168
3.071225643157959
3.0533065795898438
3.032196283340454
3.009540319442749
2.9872214794158936
2.968294620513916
2.952486991882324
2.935441493988037
2.922602653503418
2.9119834899902344
2.900812864303589
2.8896877765655518
2.8835582733154297
2.8803718090057373
2.8800158500671387
2.880512237548828
2.8821253776550293
2.8828279972076416
2.8858938217163086
2.885326385498047
2.8814992904663086
2.875941753387451
2.874910354614258
2.875542163848877
2.872976779937744
2.8670904636383057
2.8646600246429443
2.863558769226074
2.861415386199951
2.858567953109741
2.8554632663726807
2.859069585800171
2.859884262084961
2.857970714569092
2.8552191257476807
2.856689453125
2.8576674461364746
2.856358766555786
2.8533737659454346
2.85326886177063
2.853118896484375
2.851846694946289
2.852562189102173
2.8529107570648193
2.8511555194854736
2.852001667022705
2.8526854515075684
2.851076126098633
2.8506717681884766
2.8514249324798584
2.850149393081665
2.849562644958496
2.849769115447998
2.8483619689941406
2.8498663902282715
2.8498570919036865
2.8480169773101807
2.850778818130493
2.8519186973571777
2.850656509399414
2.847604513168335
2.850649833679199
2.8516619205474854
2.850587844848633
2.847742795944214
2.8505070209503174
2.852396249771118
2.8517515659332275
2.8488736152648926
2.848341941833496
2.8502590656280518
2.8500802516937256
2.8480005264282227
2.847743034362793
2.849012851715088
2.847957134246826
2.8467698097229004
2.84956431388855
2.8504741191864014
2.849374294281006
2.8465311527252197
2.848759412765503
2.85070538520813
2.850184202194214
2.8475990295410156
2.846407890319824
2.8486523628234863
2.8495678901672363
2.8484103679656982
2.8454971313476562
2.8450307846069336
2.8452794551849365
2.845602512359619
2.8456645011901855
2.8454997539520264
2.8451266288757324
2.8447611331939697
2.8450870513916016
2.8452115058898926
2.8451433181762695
2.8448963165283203
2.8446619510650635
2.8447301387786865
2.8448915481567383
2.8448269367218018
2.844553232192993
2.844538688659668
2.844684600830078
2.8446295261383057
2.844405174255371
2.8443939685821533
2.8445708751678467
2.844515323638916
2.8442771434783936
2.84420108795166
2.844224452972412
2.844064712524414
2.8442695140838623
2.8443164825439453
2.844149589538574
2.8440115451812744
2.844074010848999
2.843954086303711
2.8439619541168213
2.8439724445343018
2.843843460083008
2.8438913822174072
2.843869686126709
2.8437020778656006
2.8437159061431885
2.843637228012085
2.843611478805542
2.843587875366211
2.843609571456909
2.8435497283935547
2.8435134887695312
2.843560218811035
2.843425989151001
2.8436245918273926
2.843656063079834
2.8434700965881348
2.8434510231018066
2.843533515930176
2.8434319496154785
2.84322452545166
2.8432233333587646
2.843236207962036
2.8431789875030518
2.8431930541992188
2.8431618213653564
2.843096971511841
2.843078374862671
2.8429906368255615
2.8431472778320312
2.8431403636932373
2.8429572582244873
2.8429269790649414
2.842878580093384
2.8429088592529297
2.84287428855896
2.842823028564453
2.8428213596343994
2.8427443504333496
2.842801094055176
2.842785358428955
2.842609167098999
2.842578411102295
2.842602252960205
2.84256911277771
2.8425381183624268
2.842487335205078
2.8424758911132812
2.8424394130706787
2.842475414276123
2.842459201812744
2.842383861541748
2.8424103260040283
2.842310667037964
2.842430353164673
2.842439889907837
2.8422884941101074
2.8422658443450928
2.8422183990478516
2.842118978500366
2.8421545028686523
2.842076539993286
2.8422317504882812
2.842198133468628
2.841987371444702
2.8422391414642334
2.84236216545105
2.842261552810669
2.841989755630493
2.8421592712402344
2.842259168624878
2.8421709537506104
2.8419151306152344
2.8423197269439697
2.842501640319824
2.8424575328826904
2.8422110080718994
2.841986656188965
2.8421568870544434
2.8421406745910645
2.8419487476348877
2.8421518802642822
2.8422765731811523
2.8421804904937744
2.8420612812042236
2.8421106338500977
2.84220552444458
2.842111349105835
2.842024564743042
2.8420541286468506
2.8420965671539307
2.841984272003174
2.8420095443725586
2.8420960903167725
2.8420002460479736
2.841963529586792
2.842012405395508
2.8419411182403564
2.841921091079712
2.8418796062469482
2.8419859409332275
2.841970920562744
2.841951370239258
2.8419675827026367
2.8419570922851562
2.841944456100464
2.841949224472046
2.84197735786438
2.841820478439331
2.841902494430542
2.8418188095092773
2.841918468475342
2.8418755531311035
2.841881275177002
2.841853141784668
2.8418376445770264
2.8418939113616943
2.841846227645874
2.841944694519043
2.841974973678589
2.8418240547180176
2.8420393466949463
2.842125654220581
2.8419971466064453
2.8418233394622803
2.8419060707092285
2.841824531555176
2.8418145179748535
2.8418288230895996
2.8418128490448
2.841791868209839
2.841777801513672
2.841773509979248
2.841775417327881
2.8418352603912354
2.8417422771453857
2.8417656421661377
2.841820478439331
2.8417789936065674
2.8417439460754395
2.8418307304382324
2.8417880535125732
2.8418548107147217
2.8418164253234863
2.8418490886688232
2.8419265747070312
2.84183931350708
2.8418169021606445
2.8418729305267334
2.8417487144470215
2.8419225215911865
2.8419883251190186
2.8418428897857666
2.841824531555176
2.8419229984283447
2.8418362140655518
2.841865062713623
2.8419065475463867
2.841925859451294
2.8417999744415283
2.841799259185791
2.841824769973755
2.8416802883148193
2.8418517112731934
2.8418209552764893
126.3511734008789
121.87156677246094
117.56581115722656
113.3374252319336
109.04004669189453
104.71340942382812
100.44404602050781
96.98011779785156
93.42314147949219
89.9494857788086
86.3435287475586
82.72730255126953
79.0324478149414
75.26971435546875
71.71282196044922
68.12163543701172
64.71479034423828
61.42380142211914
58.55903625488281
55.716758728027344
52.84592819213867
49.99922180175781
47.45307922363281
45.13727951049805
42.81385040283203
40.83618927001953
39.80301284790039
38.74082565307617
37.47956466674805
35.92155456542969
34.28117752075195
32.441280364990234
30.575210571289062
28.788867950439453
26.94219398498535
25.119117736816406
23.235504150390625
21.469804763793945
19.96023941040039
18.348342895507812
17.215322494506836
16.207300186157227
15.237363815307617
14.476381301879883
13.590490341186523
12.614123344421387
11.521431922912598
10.497847557067871
9.699808120727539
9.202804565429688
8.793662071228027
8.412074089050293
7.939289093017578
7.2354559898376465
6.781419277191162
6.740883827209473
6.6615519523620605
6.719551086425781
6.577576637268066
6.333607196807861
6.394824981689453
6.303187847137451
6.35164213180542
6.377951145172119
6.375847816467285
6.398956775665283
6.264398574829102
6.279154300689697
6.345481872558594
6.235407829284668
6.0304107666015625
5.987075328826904
5.8129706382751465
5.619809627532959
5.411722660064697
5.241681098937988
5.161465167999268
5.031667709350586
4.9147868156433105
4.806751728057861
4.709798812866211
4.524913787841797
4.58151912689209
4.480953693389893
4.450184345245361
4.29848051071167
4.266310691833496
4.24545955657959
4.213814735412598
4.064828395843506
4.00010871887207
4.032241344451904
4.001271724700928
3.8778305053710938
3.8125429153442383
3.743934154510498
3.741518974304199
3.7753639221191406
3.7264351844787598
3.705920934677124
3.6416940689086914
3.5939159393310547
3.409252643585205
3.4824092388153076
3.4990546703338623
3.434843063354492
3.392561435699463
3.3373148441314697
3.3532280921936035
3.3459718227386475
3.249189853668213
3.08962082862854
3.1514248847961426
3.1492557525634766
3.067809581756592
2.9910149574279785
3.103754758834839
3.0811307430267334
3.080458402633667
3.0582351684570312
3.0460312366485596
2.9768781661987305
2.8794937133789062
2.822495937347412
2.9161572456359863
2.933004379272461
2.8904449939727783
2.642132043838501
2.7545177936553955
2.807509183883667
2.8896231651306152
2.7856626510620117
2.6638381481170654
2.6889965534210205
2.705437183380127
2.629218339920044
2.5446224212646484
2.7234511375427246
2.6835520267486572
2.603271484375
2.551055908203125
2.6364619731903076
2.606550455093384
2.5929813385009766
2.560662269592285
2.532184362411499
2.563878059387207
2.5850625038146973
2.4936463832855225
2.457306385040283
23.530534744262695
23.42833137512207
23.303253173828125
23.17089080810547
23.04886245727539
22.937580108642578
22.836589813232422
22.754709243774414
22.67755126953125
22.611278533935547
22.562511444091797
22.521093368530273
22.484281539916992
22.452350616455078
22.424039840698242
22.401206970214844
22.378036499023438
22.368202209472656
22.36888313293457
22.381959915161133
22.38545036315918
22.390865325927734
22.406410217285156
22.409099578857422
22.420372009277344
22.4277400970459
22.430164337158203
22.43683624267578
22.4323787689209
22.426729202270508
22.426340103149414
22.429519653320312
22.43492889404297
22.44058609008789
22.44737434387207
22.45462417602539
22.462553024291992
22.46964454650879
22.477121353149414
22.480636596679688
22.482091903686523
22.482114791870117
22.48388671875
22.48125457763672
22.481191635131836
22.482866287231445
22.481792449951172
22.480621337890625
22.478792190551758
22.474882125854492
22.473134994506836
22.468669891357422
22.464950561523438
22.461536407470703
22.45858383178711
22.454612731933594
22.452707290649414
22.451290130615234
22.45134162902832
22.451107025146484
22.449796676635742
22.45075225830078
22.451457977294922
22.450796127319336
22.448665618896484
22.446565628051758
22.44542694091797
22.442358016967773
22.440675735473633
22.43593406677246
22.436058044433594
22.43231964111328
22.43047332763672
22.428054809570312
22.428409576416016
22.427963256835938
22.42832374572754
22.427165985107422
22.4271183013916
22.427017211914062
22.427799224853516
22.426780700683594
22.425765991210938
22.425020217895508
22.42443084716797
22.423959732055664
22.423114776611328
22.422103881835938
22.420778274536133
22.419830322265625
22.41657829284668
22.41526985168457
22.41157341003418
22.41033935546875
22.40877342224121
22.406618118286133
22.405941009521484
22.40543556213379
22.40505027770996
22.40454864501953
22.40451431274414
22.404802322387695
22.405712127685547
22.406015396118164
22.405838012695312
22.40677261352539
22.407346725463867
22.407743453979492
22.406984329223633
22.407142639160156
22.407922744750977
22.40806770324707
22.40751075744629
22.40617561340332
22.40652847290039
22.405752182006836
22.40566635131836
22.405227661132812
22.403663635253906
22.40328025817871
22.40269660949707
22.401752471923828
22.40142822265625
22.400442123413086
22.399702072143555
22.399560928344727
22.399229049682617
22.398889541625977
22.39881134033203
22.398696899414062
22.39913558959961
22.399152755737305
22.399263381958008
22.399023056030273
22.39870262145996
22.398136138916016
22.397735595703125
22.39740562438965
22.397655487060547
22.397329330444336
22.397016525268555
22.396499633789062
22.39616584777832
22.396364212036133
22.397289276123047
22.39693832397461
22.39686393737793
22.396318435668945
22.396284103393555
22.395957946777344
22.395980834960938
21.176856994628906
19.992528915405273
18.847768783569336
17.74432945251465
16.737550735473633
15.853067398071289
15.129802703857422
14.535715103149414
13.98372745513916
13.434313774108887
12.870339393615723
12.305218696594238
11.751015663146973
11.218036651611328
10.736845016479492
10.285046577453613
9.894704818725586
9.59908390045166
9.370600700378418
9.156463623046875
8.90229320526123
8.597747802734375
8.241756439208984
7.8397016525268555
7.471768379211426
7.141777038574219
6.890942096710205
6.702746868133545
6.526582717895508
6.372159004211426
6.25313138961792
6.16806173324585
6.10993766784668
6.092170715332031
6.052311897277832
5.975497245788574
5.860646724700928
5.726203441619873
5.599720001220703
5.4999823570251465
5.422767639160156
5.35888147354126
5.297238826751709
5.234051704406738
5.169400691986084
5.1187896728515625
5.0820488929748535
5.048218727111816
5.009701251983643
4.962717056274414
4.923889636993408
4.898879528045654
4.877564907073975
4.864139556884766
4.853658676147461
4.84311056137085
4.828000545501709
4.810468673706055
4.798051834106445
4.790650367736816
4.782619476318359
4.767744541168213
4.746636867523193
4.729493618011475
4.716955661773682
4.70918083190918
4.701657295227051
4.694887638092041
4.688804626464844
4.683206558227539
4.677974700927734
4.672501087188721
4.6685380935668945
4.664310932159424
4.661179542541504
4.653458595275879
4.647213935852051
4.641452789306641
4.640172004699707
4.639782905578613
4.638467788696289
4.634645462036133
4.628995895385742
4.624683380126953
4.621849536895752
4.620954990386963
4.620243072509766
4.618765830993652
4.6177215576171875
4.615502834320068
4.613295555114746
4.612460136413574
4.612112045288086
4.611376762390137
4.610180377960205
4.608564853668213
4.607154369354248
4.60641622543335
4.606105804443359
4.60564661026001
4.604381084442139
4.603588581085205
4.603170394897461
4.603246212005615
4.602503776550293
4.60068941116333
4.600316047668457
4.600185871124268
4.600016117095947
4.599571228027344
4.599160194396973
4.599316596984863
4.5992326736450195
4.598925590515137
4.598364353179932
4.598302364349365
4.598297119140625
4.598146438598633
4.597798824310303
4.597707748413086
4.597715377807617
4.597386360168457
4.597268104553223
4.597217559814453
4.597194194793701
4.597158432006836
4.597091197967529
4.597027778625488
4.597031116485596
4.59702730178833
4.597044467926025
4.5969438552856445
4.596919059753418
4.596900939941406
4.5956010818481445
4.595465660095215
4.595436096191406
4.595447540283203
4.595365524291992
4.595241546630859
4.5947957038879395
4.594766139984131
4.594727993011475
4.594901084899902
4.59492301940918
4.594892501831055
4.594848155975342
4.594804286956787
4.5947699546813965
4.594738006591797
4.594704627990723
4.594664573669434
4.594627857208252
4.594597339630127
4.594579696655273
4.594543933868408
4.594509601593018
4.594492435455322
4.594460964202881
4.594427585601807
4.594395160675049
4.594367027282715
4.594337463378906
4.5943074226379395
4.594278812408447
4.593999862670898
4.593974590301514
4.593945026397705
4.593914031982422
4.593889236450195
4.5938615798950195
4.592954158782959
4.592928409576416
4.592904090881348
4.592879295349121
4.592855453491211
4.592832565307617
4.592809677124023
4.592403411865234
4.592381000518799
4.592358589172363
4.5923357009887695
4.592312335968018
4.592291355133057
4.592266082763672
4.592021942138672
4.592001438140869
4.591982841491699
4.591965675354004
4.591947078704834
4.591928482055664
4.5919108390808105
4.591894626617432
4.591884136199951
4.591868877410889
4.591738700866699
4.591723442077637
4.591708183288574
4.591694355010986
4.591678619384766
4.591670036315918
4.591660976409912
4.591653823852539
4.591643810272217
4.5916361808776855
4.591629505157471
4.591621398925781
4.591614723205566
4.59160852432251
4.5916008949279785
4.591594696044922
4.591588020324707
4.591580867767334
4.59157657623291
4.591568946838379
4.591564655303955
4.591558456420898
4.591553688049316
4.591547966003418
4.591543674468994
4.59153938293457
4.591533184051514
4.591530799865723
4.591524600982666
4.591521739959717
4.591518402099609
4.591513633728027
4.591511249542236
4.591506004333496
4.591502666473389
4.5914998054504395
4.591495990753174
4.591493606567383
4.591490268707275
4.591486930847168
4.591484546661377
4.591481685638428
4.591479778289795
4.591475486755371
4.5914740562438965
4.5914716720581055
4.591469764709473
4.591466426849365
4.591463565826416
4.591463088989258
4.591460704803467
4.591457843780518
4.591456890106201
4.59145450592041
4.591452598571777
4.591451644897461
4.591449737548828
4.591447830200195
4.5914459228515625
4.591444492340088
4.591442584991455
4.5914411544799805
4.591439247131348
4.5914387702941895
4.591437816619873
4.591434955596924
4.591432571411133
4.591431617736816
4.5914306640625
4.591429233551025
4.591428756713867
4.591427326202393
4.591426372528076
4.59142541885376
4.591423511505127
4.5914225578308105
4.591421604156494
4.591420650482178
4.591420650482178
4.591419219970703
4.5914177894592285
4.59141731262207
4.5914177894592285
4.5914154052734375
4.591414928436279
4.5914130210876465
4.591412544250488
4.591411590576172
4.591411590576172
4.5914106369018555
4.591410160064697
4.591409206390381
4.591408729553223
4.591408729553223
4.591407299041748
4.59140682220459
4.591405868530273
4.591405391693115
4.591404914855957
4.591404914855957
4.591403961181641
4.591403007507324
4.591402053833008
4.591401100158691
4.591400146484375
4.591400146484375
4.591397762298584
4.5913987159729
4.591398239135742
4.591397762298584
4.591397285461426
4.591396808624268
4.591396331787109
4.591394901275635
4.59139347076416
4.591392517089844
4.591392993927002
4.591392993927002
4.591392993927002
4.591392517089844
4.591391563415527
4.591391086578369
4.591390132904053
4.591388702392578
4.591388702392578
4.59138822555542
4.5913872718811035
4.591386795043945
4.591385364532471
4.591385841369629
4.5913848876953125
4.5913848876953125
4.591383934020996
4.591383457183838
4.591384410858154
4.59138298034668
4.5913825035095215
4.591382026672363
4.591381549835205
4.591381072998047
4.591380596160889
4.591379642486572
4.591380596160889
4.591379642486572
4.591378211975098
4.591378211975098
4.591377258300781
4.591376781463623
4.591376304626465
4.591376304626465
4.591375827789307
4.591375350952148
4.59137487411499
4.591373443603516
4.591373443603516
4.591372013092041
4.591372013092041
4.591371059417725
4.591372013092041
4.591370105743408
4.591370582580566
4.591370105743408
4.591369152069092
4.591368675231934
4.591368198394775
4.591367244720459
4.591366767883301
4.591367244720459
4.591366767883301
4.591367244720459
4.591365814208984
4.591365337371826
4.591364860534668
4.591364860534668
4.591363906860352
4.591362953186035
4.591362953186035
4.591361999511719
4.5913615226745605
4.591361045837402
4.5913591384887695
4.591358661651611
4.5913591384887695
4.5926833152771
4.592684268951416
4.592682838439941
4.592681407928467
4.592679977416992
4.592679023742676
4.592679023742676
4.592678070068359
4.592677116394043
4.592675685882568
4.592674732208252
4.592674255371094
4.5926737785339355
4.592672348022461
4.5926713943481445
4.59266996383667
4.592670440673828
4.592670917510986
4.5926690101623535
4.59266996383667
4.592668056488037
0.6236125826835632
0.6125559210777283
0.6016525030136108
0.5908664464950562
0.5802737474441528
0.5697624683380127
0.5593838095664978
0.5492138862609863
0.5392786264419556
0.5295825600624084
0.5201237797737122
0.511176347732544
0.5032463669776917
0.4969073534011841
0.4925965666770935
0.4903796911239624
0.4893355667591095
0.48877906799316406
0.48923081159591675
0.49181485176086426
0.49304234981536865
0.49312448501586914
0.4922375977039337
0.49063244462013245
0.4886462390422821
0.48672378063201904
0.4851161241531372
0.4838601350784302
0.4829234480857849
0.4823536276817322
0.48187029361724854
0.4820129871368408
0.48240309953689575
0.4824119806289673
0.4820724427700043
0.4815848171710968
0.48105576634407043
0.48053252696990967
0.47997477650642395
0.4793279469013214
0.4790458679199219
0.4790809452533722
0.4790675640106201
0.4790954291820526
0.47898152470588684
0.4787008762359619
0.4782749116420746
0.4781078100204468
0.47805070877075195
0.4779108762741089
0.47799989581108093
0.47793829441070557
0.47767364978790283
0.4776974022388458
0.4776817858219147
0.4775794446468353
0.4774591028690338
0.4774089455604553
0.477284699678421
0.47744277119636536
0.47739750146865845
0.47726863622665405
0.47721511125564575
0.47717711329460144
0.47709017992019653
0.4770219624042511
0.47715985774993896
0.477203369140625
0.47720664739608765
0.4770926833152771
0.4768432676792145
0.4769604802131653
0.4769423305988312
0.47689783573150635
0.47696930170059204
0.47698092460632324
0.47695493698120117
0.47690433263778687
0.4769522547721863
0.4769304692745209
0.4769643545150757
0.4768723249435425
0.47686469554901123
0.4769119918346405
0.47689881920814514
0.4768587052822113
0.4769495129585266
0.4769582450389862
0.4769637882709503
0.47690486907958984
0.4767392873764038
0.47676903009414673
0.47681474685668945
0.4767293632030487
0.476724237203598
0.4768531620502472
0.47680234909057617
0.47671931982040405
0.47678425908088684
0.4767743945121765
