2.8437883853912354
3.033306837081909
3.222825765609741
3.416335105895996
3.6048552989959717
3.7993617057800293
3.988880157470703
4.177890300750732
4.367406368255615
4.5639073848724365
4.758411884307861
4.937957525253296
5.112518548965454
5.29006814956665
5.468109607696533
5.654639959335327
5.838174343109131
6.014731407165527
6.203254699707031
6.38927149772644
6.578790187835693
6.771299839019775
6.958824157714844
7.148343324661255
7.329883813858032
7.519401788711548
7.711911678314209
7.906416893005371
8.091436624526978
8.28594160079956
8.489421367645264
8.686917781829834
8.884415626525879
9.084903717041016
9.276413679122925
9.463937520980835
9.660437822341919
9.847963333129883
10.036486864089966
10.228999376296997
10.418514251708984
10.606037855148315
10.80103087425232
10.993543148040771
11.182064056396484
11.376570463180542
11.57207202911377
11.77455735206604
11.963080167770386
12.153596878051758
13.401414632797241
13.591927289962769
13.780449628829956
13.982934474945068
14.170457601547241
14.374933958053589
14.565448522567749
14.755964040756226
14.948473453521729
15.13699197769165
15.342469453811646
15.532986879348755
15.71851658821106
15.899545431137085
16.077102422714233
16.259639024734497
16.437190294265747
16.61773157119751
16.80075693130493
17.025696992874146
17.222198009490967
17.414199113845825
17.592745065689087
17.77927279472351
17.97477388381958
18.15830945968628
18.350820541381836
18.554301738739014
18.74182629585266
18.949296474456787
19.138816595077515
19.335313320159912
19.527824878692627
19.71683359146118
19.91433024406433
20.10983109474182
20.30433702468872
20.485878705978394
20.68537211418152
20.88885521888733
21.08735179901123
21.290834665298462
21.485339641571045
21.67386221885681
21.85739779472351
22.053898096084595
22.25837802886963
22.443909406661987
22.63243055343628
22.83491587638855
23.99744486808777
24.186965942382812
24.374490976333618
24.563014030456543
24.762507438659668
24.95302152633667
25.142537355422974
25.339033842086792
25.53103518486023
25.72554039955139
25.915056467056274
26.106572151184082
26.300078630447388
26.486607551574707
26.669147491455078
26.84470796585083
27.026735067367554
27.200296640396118
27.387819528579712
27.560383796691895
27.733434915542603
27.9149751663208
28.107487440109253
28.30398654937744
28.499489545822144
28.699981212615967
28.89249277114868
29.079020261764526
29.272528171539307
29.462048292160034
29.655559062957764
29.852055549621582
30.044055938720703
30.23756432533264
30.42608332633972
30.621586561203003
30.81808638572693
31.015583038330078
31.209092140197754
31.393623113632202
31.57616114616394
31.77166438102722
31.97315287590027
32.15868258476257
32.353675365448
32.55866050720215
32.75715351104736
32.9531455039978
33.16013026237488
33.35013747215271
34.490236043930054
34.679755210876465
34.8752601146698
35.07176184654236
35.264270544052124
35.45128297805786
35.64778280258179
35.840293407440186
36.03679442405701
36.22431921958923
36.42082071304321
36.61333250999451
36.808836698532104
37.00434064865112
37.19784998893738
37.37739372253418
37.56440877914429
37.78136587142944
37.95940160751343
38.132959842681885
38.31151247024536
38.49006175994873
38.6700918674469
38.8586106300354
39.040148973464966
39.230666160583496
39.42217969894409
39.61968278884888
39.80620884895325
40.04260516166687
40.22514581680298
40.416659355163574
40.601189613342285
40.795695066452026
40.98022651672363
41.16923499107361
41.35975217819214
41.601646184921265
41.794159173965454
41.985674142837524
42.168696641922
42.351231813430786
42.54473924636841
42.714311599731445
42.89685130119324
43.09634518623352
43.306809425354004
43.50131607055664
43.68234872817993
43.87286424636841
45.04289245605469
45.22642707824707
45.411956787109375
45.59549355506897
45.78999924659729
45.97003102302551
46.186479568481445
46.38597393035889
46.58945631980896
46.76900100708008
46.95253586769104
47.13806629180908
47.33356738090515
47.520094871520996
47.72058439254761
47.9071159362793
48.11758017539978
48.321061849594116
48.510579347610474
48.70109176635742
48.89858889579773
49.0796160697937
49.27910852432251
49.47859716415405
49.67509961128235
49.85764002799988
50.0381817817688
50.22869896888733
50.42220950126648
50.61073088645935
50.803242921829224
50.99225354194641
51.17179751396179
51.36630320549011
51.55083441734314
51.739356994628906
51.92089772224426
52.10292673110962
52.28446626663208
52.477972745895386
52.66649508476257
52.86897897720337
53.04852485656738
53.24702000617981
53.4345440864563
53.622069358825684
53.80708861351013
54.010085582733154
54.19211173057556
54.37465238571167
55.532716035842896
55.7262225151062
55.922722816467285
56.10076022148132
56.29027819633484
56.478800773620605
56.66632580757141
56.85085844993591
57.05933117866516
57.23887586593628
57.44136309623718
57.63387870788574
57.82040476799011
58.00941252708435
58.20291829109192
58.41836977005005
58.61586666107178
58.81934857368469
59.01584982872009
59.1963894367218
59.3859076499939
59.58041501045227
59.76694345474243
59.94349765777588
60.14298939704895
60.324527978897095
60.51154398918152
60.70604944229126
60.88459849357605
61.076109647750854
61.25864863395691
61.44517374038696
61.63768434524536
61.81871581077576
62.003247022628784
62.19276523590088
62.4161958694458
62.58875918388367
62.77030062675476
62.950844287872314
63.162304401397705
63.35980463027954
63.544337034225464
63.74682402610779
63.92885208129883
64.11338376998901
64.30589580535889
64.49441862106323
64.67895007133484
64.87944030761719
66.1756489276886
66.3711485862732
66.54271817207336
66.72773766517639
66.94369626045227
67.12672162055969
67.31224989891052
67.49877667427063
67.68330883979797
67.88479447364807
68.0418872833252
68.22242879867554
68.42790627479553
68.60944867134094
68.79298400878906
68.9765191078186
69.20194220542908
69.3884687423706
69.5899555683136
69.77747821807861
69.97497606277466
70.15452098846436
70.34253120422363
70.53404211997986
70.72455859184265
70.91208291053772
71.11157631874084
71.30408525466919
71.49659585952759
71.69609260559082
71.89059948921204
72.07712626457214
72.26465082168579
72.45066785812378
72.65665531158447
72.84267115592957
73.03318619728088
73.22968792915344
73.41721177101135
73.61171889305115
73.79924273490906
73.98178267478943
74.18626165390015
74.3687994480133
74.56629610061646
74.76080083847046
74.94781303405762
75.13134574890137
75.31687521934509
75.51238107681274
76.6579806804657
76.84550285339355
77.03702020645142
77.22953152656555
77.4150640964508
77.59660458564758
77.7970929145813
77.9876081943512
78.18410921096802
78.37362599372864
78.55964517593384
78.76013374328613
78.95563626289368
79.14016580581665
79.35262393951416
79.54114413261414
79.72368264198303
79.90821743011475
80.10072779655457
80.29024910926819
80.49173784255981
80.70319867134094
80.90568208694458
81.08323359489441
81.26226830482483
81.44680070877075
81.63133239746094
81.826833486557
82.03829622268677
82.22382307052612
82.42132210731506
82.6118414402008
82.79637455940247
82.98389744758606
83.1699149608612
83.38288187980652
83.58436989784241
83.79183983802795
83.98534917831421
84.16937160491943
84.34991192817688
84.54142665863037
84.73692679405212
84.92544794082642
85.15087223052979
85.33440637588501
85.52990698814392
85.78126358985901
85.95582032203674
86.14234781265259
87.36729955673218
87.56380128860474
87.76329445838928
87.94882249832153
88.14133334159851
88.33085584640503
88.51439046859741
88.71587753295898
88.90240478515625
89.0864269733429
89.27095627784729
89.47044897079468
89.65199065208435
89.8584680557251
90.04001188278198
90.24449133872986
90.43201446533203
90.63749051094055
90.83399176597595
91.03049206733704
91.21302890777588
91.41750907897949
91.60503506660461
91.8065230846405
91.99353551864624
92.1880395412445
92.37257051467896
92.55909752845764
92.75160932540894
92.94810891151428
93.13364052772522
93.32415580749512
93.5166687965393
93.70268654823303
93.89818859100342
94.0916965007782
94.27922129631042
94.47971248626709
94.67421913146973
94.86074590682983
95.06921410560608
95.25574254989624
95.44825053215027
95.63178896903992
95.82829093933105
96.02179980278015
96.22428774833679
96.4237859249115
96.6242733001709
96.80929112434387
97.99229216575623
98.19577622413635
98.38429498672485
98.57082152366638
98.75734877586365
98.94686484336853
99.13039946556091
99.33687663078308
99.54733777046204
99.74782586097717
99.95429944992065
100.1428210735321
100.33632826805115
100.52884101867676
100.7118673324585
100.93680119514465
101.10686135292053
101.30136775970459
101.50883936882019
101.69237756729126
101.88887596130371
102.0724093914032
102.25694394111633
102.4464635848999
102.64495944976807
102.84046387672424
103.03596496582031
103.24044609069824
103.42247223854065
103.60600471496582
103.79053711891174
103.97606658935547
104.16458821296692
104.36208438873291
104.58451628684998
104.78500485420227
104.97153353691101
105.15108036994934
105.34957242012024
105.5370945930481
105.7290940284729
105.93807291984558
106.12009930610657
106.30562734603882
106.49814105033875
106.68067646026611
106.88016963005066
107.07866311073303
107.26718378067017
107.45969367027283
109.58778595924377
110.66056895256042
111.73382329940796
112.81757688522339
113.915278673172
115.00101661682129
116.0987229347229
117.11114501953125
118.14152240753174
119.26867318153381
120.35091018676758
121.46457171440125
122.60269355773926
123.73730206489563
124.84399199485779
125.92375206947327
126.99851822853088
128.0827512741089
129.16549396514893
130.27616786956787
131.40530633926392
132.48754930496216
133.5692994594574
134.63608574867249
135.73080253601074
136.80307340621948
137.90678668022156
139.03890752792358
140.148588180542
141.2148768901825
142.3440055847168
143.4836015701294
144.61422419548035
145.68700432777405
146.7727370262146
147.8764350414276
148.95021271705627
150.0274693965912
151.10623288154602
152.15905785560608
153.2422969341278
154.36046528816223
155.46011662483215
156.53336811065674
157.59416675567627
158.70183396339417
159.7915575504303
160.86480951309204
161.95604300498962
163.03478980064392
165.00080227851868
166.07156991958618
167.17525458335876
168.27394914627075
169.32178115844727
170.41507625579834
171.5028007030487
172.5880208015442
173.72013783454895
174.82039976119995
175.90462112426758
177.04970121383667
178.13942098617554
179.26881527900696
180.34810400009155
181.44879126548767
182.53153085708618
183.66811537742615
184.78775644302368
185.9133803844452
187.02611541748047
188.18941378593445
189.27514791488647
190.42570519447327
191.5837562084198
192.6934208869934
193.78114581108093
194.8623776435852
195.93214893341064
197.02186822891235
198.11158800125122
199.2262408733368
200.30997967720032
201.37525534629822
202.45600175857544
203.54970979690552
204.6334512233734
205.68675827980042
206.77163696289062
207.8529167175293
208.93366193771362
210.02661156654358
211.13528418540955
212.2329831123352
213.29679703712463
214.3775429725647
215.5031726360321
216.58092498779297
217.72151136398315
218.81721568107605
220.88144969940186
221.96917986869812
223.12472462654114
224.23118925094604
225.35432863235474
226.52583026885986
227.67543411254883
228.75319004058838
229.83641529083252
230.949077129364
232.0168559551239
233.14946603775024
234.33943152427673
235.42715668678284
236.56925320625305
237.63353204727173
238.75018334388733
239.91473531723022
241.00944209098816
242.16598463058472
243.24872541427612
244.31750178337097
245.4560956954956
246.544819355011
247.6933834552765
248.78010869026184
249.8498833179474
251.01392459869385
252.10863423347473
253.2103660106659
254.24922060966492
255.36088371276855
256.42327857017517
257.52296900749207
258.6071922779083
259.74529576301575
260.82752680778503
261.90228509902954
263.00596618652344
264.1106469631195
265.18341588974
266.28709626197815
267.4266879558563
268.5867338180542
269.6480209827423
270.7831320762634
271.84996247291565
273.0199770927429
274.1331443786621
275.2288455963135
277.19881939888
278.23615980148315
279.36650109291077
280.4622051715851
281.5648910999298
282.63965344429016
283.7413430213928
284.8171007633209
285.9327538013458
287.0125002861023
288.12815403938293
289.28630328178406
290.429395198822
291.51911544799805
292.6128239631653
293.72049736976624
294.81469535827637
295.8864736557007
297.0071153640747
298.15120100975037
299.238924741745
300.30120825767517
301.3949193954468
302.4956085681915
303.6202368736267
304.7663199901581
305.82262134552
306.8754415512085
307.96815276145935
309.04938650131226
310.11616492271423
311.2358031272888
312.3729085922241
313.4467101097107
314.5294485092163
315.6291432380676
316.77522325515747
317.88588547706604
318.9785976409912
320.07179737091064
321.19294452667236
322.28116059303284
323.3963260650635
324.5239477157593
325.63960123062134
326.74427795410156
327.84696340560913
328.93768525123596
330.0608220100403
331.13558316230774
333.1265015602112
334.25112986564636
335.3593809604645
336.4610741138458
337.5054042339325
338.5951223373413
339.6718761920929
340.7755558490753
341.91713666915894
343.0422761440277
344.22475147247314
345.3244445323944
346.4031934738159
347.49840450286865
348.62801790237427
349.77808952331543
350.90171694755554
351.97521328926086
353.0968475341797
354.16611194610596
355.2792811393738
356.35352969169617
357.37222242355347
358.4953644275665
359.6249794960022
360.71171021461487
361.78097581863403
362.87468433380127
363.9664008617401
365.05113410949707
366.16578674316406
367.31885027885437
368.4030752182007
369.4708514213562
370.5615711212158
371.7021577358246
372.8088335990906
373.96189546585083
375.054612159729
376.12937116622925
377.2131657600403
378.331800699234
379.402729511261
380.47450065612793
381.5702061653137
382.66291761398315
383.75862312316895
384.8398606777191
385.9245939254761
387.07366609573364
389.10102677345276
390.17678666114807
391.2744834423065
392.3931260108948
393.49082469940186
394.5680627822876
395.69065523147583
396.78635811805725
397.85362458229065
398.9593014717102
400.0974073410034
401.1951062679291
402.285315990448
403.39298820495605
404.5030767917633
405.592324256897
406.7244429588318
407.8026831150055
408.8784372806549
409.96815633773804
411.05787658691406
412.18948578834534
413.2871832847595
414.37989473342896
415.4696159362793
416.5932493209839
417.71388959884644
418.8046088218689
419.93322920799255
421.0209548473358
422.20094895362854
423.317595243454
424.38836121559143
425.54646039009094
426.7284469604492
427.82115650177
428.9467854499817
430.08489537239075
431.19456219673157
432.2578399181366
433.3675112724304
434.43030428886414
435.5170292854309
436.5957806110382
437.6590578556061
438.74977850914
439.8823866844177
440.9651257991791
442.0468690395355
443.1974265575409
445.28060936927795
446.3693335056305
447.45705938339233
448.60263204574585
449.7053174972534
450.89129662513733
452.0523407459259
453.1530315876007
454.30657935142517
455.39929151535034
456.4590926170349
457.54032373428345
458.6190700531006
459.69582200050354
460.7945168018341
461.86827969551086
462.97096848487854
464.0786406993866
465.15688037872314
466.24116706848145
467.36978673934937
468.46349358558655
469.54024481773376
470.64792037010193
471.7685561180115
472.8512930870056
473.9400141239166
475.15391969680786
476.2526161670685
477.3468952178955
478.4166684150696
479.57620549201965
480.683878660202
481.82574248313904
482.899573802948
484.0426664352417
485.1473455429077
486.2390592098236
487.347727060318
488.43545603752136
489.5176844596863
490.5984306335449
491.69712233543396
492.82374715805054
493.96484541893005
495.1183965206146
496.2250726222992
497.3038241863251
498.4114966392517
499.4872496128082
501.48216223716736
502.5988154411316
503.69088220596313
504.7837641239166
505.87197637557983
506.9861421585083
508.202036857605
509.2822756767273
510.41539192199707
511.59188580513
512.7110416889191
513.7633492946625
514.8331255912781
515.9033851623535
516.9572033882141
518.0189979076385
519.0593366622925
520.1910564899445
521.2763078212738
522.3560526371002
523.4876606464386
524.5723948478699
525.6601178646088
526.7438564300537
527.8310718536377
528.9337568283081
530.0145013332367
531.1311519145966
532.2188813686371
533.3066067695618
534.3883464336395
535.4950201511383
536.5667917728424
537.6754610538483
538.7751543521881
539.8290450572968
540.8683891296387
541.9551191329956
543.0228953361511
544.1016442775726
545.2452194690704
546.4122431278229
547.4795126914978
548.5563983917236
549.6590838432312
550.7488055229187
551.8634588718414
552.9352283477783
554.0099885463715
555.1202182769775
557.1106324195862
558.2168183326721
559.3060295581818
560.4406986236572
561.5683195590973
562.6550476551056
563.7456798553467
564.8199284076691
565.9121706485748
566.9679822921753
568.0626931190491
569.1379408836365
570.2176864147186
571.299427986145
572.3721926212311
573.4728827476501
574.5865395069122
575.6682817935944
576.7899150848389
577.9434654712677
579.0062580108643
580.0969743728638
581.2086391448975
582.3033466339111
583.39306807518
584.5206887722015
585.6064188480377
586.7310445308685
587.836722612381
588.9663367271423
590.0570545196533
591.25798869133
592.3327484130859
593.4454095363617
594.5899820327759
595.759001493454
596.9180536270142
598.0092582702637
599.0900013446808
600.2076506614685
601.308343410492
602.4150199890137
603.5087289810181
604.5954582691193
605.6632390022278
606.7719104290009
607.9598832130432
609.0446183681488
610.1218593120575
611.2405028343201
613.241396188736
614.3715188503265
615.5031278133392
616.6108024120331
617.6805794239044
618.7742884159088
619.9078924655914
620.9726800918579
622.1312167644501
623.2239305973053
624.3256175518036
625.3993847370148
626.4756274223328
627.5683407783508
628.6610550880432
629.7567591667175
630.9098253250122
631.9651257991791
633.0408868789673
634.1335995197296
635.2203273773193
636.3085412979126
637.4012513160706
638.4640469551086
639.5627427101135
640.7133033275604
641.8314683437347
642.9526164531708
644.0761826038361
645.1808612346649
646.3164618015289
647.4071815013885
648.5128593444824
649.6145489215851
650.7152378559113
651.7959835529327
652.8946776390076
653.9529707431793
655.0327141284943
656.1343924999237
657.2137634754181
658.3104634284973
659.4251186847687
660.4704480171204
661.5531857013702
662.6335127353668
663.7391846179962
664.8513033390045
665.9375514984131
667.0063288211823
668.9937493801117
670.0505583286285
671.2295560836792
672.3272573947906
673.4094874858856
674.4862396717072
675.5969035625458
676.6103181838989
677.7020320892334
678.785920381546
679.8886079788208
680.9663600921631
682.0490956306458
683.1253418922424
684.2130656242371
685.3087704181671
686.4174418449402
687.4582939147949
688.5465066432953
689.6232633590698
690.7219564914703
691.7877390384674
692.9747135639191
694.104326248169
695.2548854351044
696.4059536457062
697.5485351085663
698.6679966449738
699.7437522411346
700.8215034008026
701.9421393871307
703.0318591594696
704.1036260128021
705.1888473033905
706.2785668373108
707.3842434883118
708.4709715843201
709.5706653594971
710.66437458992
711.76207447052
712.8827135562897
713.9844017028809
715.0831003189087
716.1773324012756
717.2580773830414
718.3418147563934
719.4564707279205
720.5491826534271
721.6244308948517
722.7585439682007
724.756445646286
725.8343057632446
726.9449691772461
728.0346865653992
729.1194186210632
730.2694902420044
731.3901267051697
732.4554007053375
733.5635852813721
734.663765668869
735.746503829956
736.8102948665619
737.8980236053467
738.9593086242676
740.0530185699463
741.139744758606
742.3037769794464
743.4124522209167
744.5660035610199
745.6686928272247
746.7554230690002
747.8581099510193
748.9787518978119
750.0684711933136
751.1676559448242
752.242415189743
753.3106842041016
754.4308350086212
755.5060842037201
756.5115158557892
757.5583503246307
758.669020652771
759.7417895793915
760.8424837589264
761.9157366752625
763.0283966064453
764.104692697525
765.1714768409729
766.264719247818
767.3479461669922
768.4522068500519
769.5409243106842
770.6396176815033
771.7433061599731
772.8445098400116
773.9452018737793
775.0578615665436
776.2039422988892
777.3205895423889
778.4332501888275
780.4301567077637
781.5059151649475
782.5946428775787
783.7023136615753
784.7915272712708
785.9316275119781
787.0133674144745
788.1140599250793
789.1972863674164
790.344366312027
791.469988822937
792.5666897296906
793.679349899292
794.7710649967194
795.8917000293732
796.947514295578
798.0631656646729
799.1528849601746
800.2515833377838
801.3702273368835
802.4659326076508
803.5072712898254
804.6019790172577
805.6737515926361
806.7515060901642
807.818775177002
808.9035086631775
809.9912352561951
811.075966835022
812.1512153148651
813.2369453907013
814.3117065429688
815.468761920929
816.5699400901794
817.6871283054352
818.7613768577576
819.9114506244659
821.033088684082
822.1257979869843
823.2613973617554
824.3461310863495
825.437844991684
826.531557559967
827.653642654419
828.760833978653
829.8704993724823
831.0415124893188
832.1691303253174
833.2608442306519
834.3555510044098
836.3020815849304
837.3688642978668
838.4545977115631
839.5522966384888
840.6559798717499
841.7955665588379
842.9311645030975
844.029107093811
845.1213536262512
846.2132036685944
847.3029224872589
848.4095962047577
849.4673976898193
850.5137202739716
851.5954637527466
852.7081255912781
853.8217842578888
854.885570526123
855.9822733402252
857.095933675766
858.2175676822662
859.3815925121307
860.4723083972931
861.5670549869537
862.6487979888916
863.739027261734
864.8437058925629
865.9334251880646
867.0381066799164
868.092408657074
869.2050671577454
870.2947890758514
871.3934888839722
872.4857375621796
873.5940685272217
874.6892931461334
875.7979624271393
876.9036357402802
878.0342473983765
879.1648900508881
880.2915124893188
881.4041712284088
882.4829528331757
883.5846376419067
884.7351970672607
885.8338918685913
886.984959602356
888.0776703357697
889.1339673995972
890.225679397583
892.1762807369232
892.2032091617584
892.2321312427521
892.266042470932
892.292483329773
892.3214058876038
892.3613002300262
892.3867425918579
892.4116761684418
892.4376068115234
892.463538646698
892.489978313446
892.5198984146118
892.5468266010284
892.5727591514587
892.5972054004669
892.624133348465
892.6510615348816
892.6804943084717
892.7074220180511
892.7333533763885
892.7612788677216
892.7887179851532
892.8166439533234
892.8435714244843
892.8685076236725
892.896940946579
892.9228730201721
892.9478049278259
892.971743106842
892.9971845149994
893.0221178531647
893.0669991970062
893.09343957901
893.1193704605103
893.1482930183411
893.1742255687714
893.2006659507751
893.2265965938568
893.2535240650177
893.2819604873657
893.3098857402802
893.3368136882782
893.3627452850342
893.3921790122986
893.4181094169617
893.4440405368805
893.47096991539
893.4974110126495
893.5233407020569
894.6369957923889
894.6619296073914
894.6883709430695
894.7152988910675
894.7432241439819
894.7711515426636
894.7985892295837
894.8255178928375
894.8534440994263
894.8793749809265
894.9078099727631
894.9347381591797
894.9606688022614
894.9881098270416
895.0140397548676
895.0399708747864
895.0668985843658
895.0923488140106
895.1212701797485
895.1491959095001
895.1751275062561
895.2005712985992
895.2265017032623
895.2534296512604
895.2858555316925
895.3137807846069
895.3387145996094
895.3636481761932
895.390780210495
895.4197027683258
895.4466307163239
895.4725635051727
895.4999959468842
895.5269238948822
895.5548486709595
895.5807814598083
895.6057434082031
895.6306774616241
895.6566081047058
895.682540178299
895.7079846858978
895.7329173088074
895.7588484287262
895.7847812175751
895.8132154941559
895.8401432037354
895.8670711517334
895.8935153484344
895.9194459915161
895.9463737010956
