12.841039657592773
11.217242240905762
9.5934476852417
8.648356437683105
8.948051452636719
8.76004695892334
8.237907409667969
7.487768173217773
6.572878360748291
5.534023284912109
4.859498023986816
4.586362838745117
4.3335795402526855
3.8823962211608887
3.267416477203369
2.5156497955322266
1.8630564212799072
1.704202651977539
1.3278722763061523
0.948922336101532
0.919082760810852
0.8843809366226196
0.8444502949714661
1.055741310119629
1.185248851776123
1.2424945831298828
1.235756278038025
1.257970929145813
1.1259243488311768
0.8995980024337769
0.7008999586105347
0.8847922086715698
0.787353515625
0.49416422843933105
0.7036745548248291
0.7665440440177917
0.7038712501525879
0.7562071084976196
0.7480770349502563
0.6857454776763916
0.5748003721237183
0.4202410578727722
0.4979431629180908
0.6173461675643921
0.6700336933135986
0.662800669670105
0.6017446517944336
0.5052417516708374
0.4483908414840698
0.46783536672592163
0.5089700222015381
0.6038844585418701
0.588691234588623
0.5425870418548584
0.7145106792449951
0.6450474262237549
0.440487265586853
0.6556928157806396
0.6034672260284424
0.5259424448013306
0.6558656692504883
0.5967825651168823
0.5347207188606262
0.7661685347557068
0.8087024092674255
0.5983412265777588
0.5578070878982544
0.6989389657974243
0.5848348140716553
0.47818124294281006
0.5456238985061646
0.3739088773727417
0.7333964109420776
0.8469611406326294
0.7222682237625122
0.40357112884521484
0.587204098701477
0.5860462784767151
0.4057765007019043
0.5093887448310852
0.41966885328292847
0.6052106618881226
0.6552755832672119
0.4828333854675293
0.6119072437286377
0.728367269039154
0.6188929080963135
0.43506622314453125
0.6428420543670654
0.6331503391265869
0.41291117668151855
0.7193997502326965
0.8754760026931763
0.8069366216659546
0.537988543510437
0.6342560052871704
0.8296042680740356
0.7995039224624634
0.568041205406189
0.6004422903060913
0.8851736783981323
0.8932560682296753
0.8801862597465515
0.8482158184051514
0.7993564009666443
0.7354006171226501
0.657963752746582
0.5684792995452881
0.5260735750198364
0.4949986934661865
0.461617112159729
0.5327373743057251
0.592118501663208
0.6254181265830994
0.6353676319122314
0.6244063377380371
0.5947262048721313
0.5482912063598633
0.48685967922210693
0.4120081663131714
0.41940659284591675
0.4723742604255676
0.5182370543479919
0.5397617816925049
0.5394726991653442
0.5196511745452881
0.4823148250579834
0.42930543422698975
0.3633767366409302
0.4281669855117798
0.4679486155509949
0.4842907190322876
0.4796072840690613
0.4560813307762146
0.4156559705734253
0.3983333706855774
0.41998326778411865
0.45062899589538574
0.4589155316352844
0.44714659452438354
0.4173874855041504
0.39461255073547363
0.40065646171569824
0.4160672426223755
0.42116641998291016
0.4065468907356262
0.37423819303512573
0.3984227776527405
0.4226207733154297
0.42530298233032227
28.146530151367188
27.616575241088867
26.901020050048828
26.062511444091797
25.137544631958008
24.150800704956055
23.12602996826172
22.07579803466797
20.999494552612305
19.903654098510742
18.794513702392578
17.674741744995117
16.549423217773438
15.482928276062012
14.52017593383789
13.71725082397461
13.043766975402832
12.434224128723145
11.856547355651855
11.29415225982666
10.748990058898926
10.20411491394043
9.666536331176758
9.127265930175781
8.586737632751465
8.041146278381348
7.512192726135254
7.02267599105835
6.579770088195801
6.190102577209473
5.836244583129883
5.495110988616943
5.163386344909668
4.831472396850586
4.493181228637695
4.15564489364624
3.8370139598846436
3.5421671867370605
3.2691726684570312
3.0253448486328125
2.8042359352111816
2.591282844543457
2.3797624111175537
2.1724143028259277
1.9837253093719482
1.8286645412445068
1.7036769390106201
1.610792636871338
1.5504282712936401
1.5145739316940308
1.5109989643096924
1.5021995306015015
1.4770028591156006
1.43761146068573
1.3881614208221436
1.3439990282058716
1.3013923168182373
1.261070966720581
1.224635362625122
1.183006763458252
1.1350451707839966
1.094632863998413
1.0641257762908936
1.0406849384307861
1.0251648426055908
1.0177825689315796
1.0103473663330078
0.9968168139457703
0.9770203232765198
0.9564523696899414
0.9405520558357239
0.9272373914718628
0.9182126522064209
0.9134481549263
0.9111786484718323
0.9097961187362671
0.9067395925521851
0.901634156703949
0.8945918083190918
0.8859177827835083
0.8786970973014832
0.8737635016441345
0.8707806468009949
0.8691689968109131
0.8682069182395935
0.8669711351394653
0.8667783141136169
0.8657018542289734
0.8638157844543457
0.861342191696167
0.8598083257675171
0.8587512969970703
0.857767641544342
0.8573036789894104
0.8542444109916687
0.85173100233078
0.8496958017349243
0.8500190377235413
0.8502942323684692
0.8503074645996094
0.8498445153236389
0.8500382900238037
0.8500069379806519
0.8489235639572144
0.8469662666320801
0.8472617864608765
0.8467199802398682
0.8465347290039062
0.8483501076698303
0.8478010892868042
0.8467184901237488
0.8478406667709351
0.8474159836769104
0.845514178276062
0.8447976112365723
0.8463874459266663
0.8456406593322754
0.844789981842041
0.8450642824172974
0.8453998565673828
0.8442195653915405
0.8438721895217896
0.8436846733093262
0.8433767557144165
0.8436774015426636
0.8427069187164307
0.8426070809364319
0.8427259922027588
0.84215247631073
0.8428062200546265
0.8423500061035156
0.8432838916778564
0.8425272107124329
0.8432207703590393
0.8438823819160461
0.8430355191230774
0.8413296937942505
0.842765212059021
0.8411378860473633
0.8435744047164917
0.8447626829147339
0.844368577003479
0.8425579071044922
0.8417156934738159
0.8440328240394592
0.8434041738510132
0.8410031795501709
0.8429628014564514
0.8440972566604614
0.843619167804718
0.8417230844497681
0.841370701789856
0.8409163355827332
0.84036785364151
0.8402266502380371
0.8404338359832764
0.8406234979629517
0.8407349586486816
0.8405356407165527
0.8402037620544434
0.8399514555931091
0.8397327661514282
0.839914083480835
0.8399293422698975
0.8397966623306274
0.8395328521728516
0.8395693302154541
0.8397600650787354
0.8397506475448608
0.8394596576690674
0.8393065929412842
0.8394554853439331
0.8394508361816406
0.839302122592926
0.8391321897506714
0.8391592502593994
0.8391679525375366
0.838965892791748
0.8390883207321167
0.8391110897064209
0.8389953374862671
0.8389285802841187
0.839153528213501
0.8391073942184448
0.8387830257415771
0.8389490842819214
0.8391121625900269
0.8391096591949463
0.838967502117157
0.838699460029602
0.8387041687965393
0.8388954401016235
0.8388789892196655
0.8386836051940918
0.8385089635848999
0.8386074304580688
0.838702917098999
0.8386456370353699
0.8384519815444946
0.8382896780967712
0.8383787274360657
0.8383009433746338
0.8381267189979553
0.8381581902503967
0.838047444820404
0.8381640911102295
0.8381167054176331
0.8379678130149841
0.8381641507148743
0.8382289409637451
0.8381452560424805
0.8379243612289429
0.8379169702529907
0.8381551504135132
0.8380998969078064
0.8377810120582581
0.8377562761306763
0.8378286361694336
0.8377517461776733
0.8375403881072998
0.8378584384918213
0.837929368019104
0.8377111554145813
0.8374679684638977
0.8375709056854248
0.8375303745269775
0.8373875617980957
0.8373861312866211
0.837315559387207
0.8373246192932129
0.8372539281845093
0.8372652530670166
0.8372000455856323
0.8372375965118408
0.8372700214385986
0.8371533155441284
0.8370921611785889
0.8370498418807983
0.8370499014854431
0.8370566368103027
0.8369243144989014
0.8370179533958435
0.8369907736778259
0.8368780612945557
0.836972713470459
0.8370213508605957
0.8369206786155701
0.8367643356323242
0.8367801904678345
0.8367235660552979
0.8366039991378784
0.8367128372192383
0.8366972208023071
0.8367123007774353
0.8368086814880371
0.8367278575897217
0.8367280960083008
0.8368661403656006
0.836895227432251
0.8367934226989746
0.8365579843521118
0.8368985652923584
0.8370397090911865
0.8368922472000122
0.836768388748169
0.8367394208908081
0.8368875980377197
0.8368840217590332
0.836743175983429
0.8368328213691711
0.8369146585464478
0.8369220495223999
0.8368690609931946
0.8367523550987244
0.8365796804428101
0.8367712497711182
0.8368401527404785
0.8367648720741272
0.8367251753807068
0.836729884147644
0.8367345333099365
0.8367345333099365
0.8366604447364807
0.8366268277168274
0.8366032838821411
0.8364986777305603
0.8365556597709656
0.8365395069122314
0.8365054726600647
0.8364739418029785
0.8364919424057007
0.8364944458007812
0.836481511592865
0.8364927768707275
0.8365172743797302
0.836433470249176
0.8364339470863342
0.8364813327789307
0.8364427089691162
0.8364195823669434
0.8364930152893066
0.8364806175231934
0.8364796042442322
0.8364717364311218
0.8364419937133789
0.8365318179130554
0.8364520072937012
0.8364924788475037
0.8365142345428467
0.8364472389221191
0.8364505767822266
0.8364183902740479
0.8364163637161255
0.8364221453666687
0.8365163803100586
0.8365497589111328
0.836502194404602
0.8364557027816772
0.8365871906280518
0.8364520072937012
0.8365097045898438
0.8365975618362427
0.8365459442138672
0.8365570306777954
0.8366211652755737
0.8366190195083618
0.8365461826324463
0.8364925980567932
0.8364868760108948
0.8364237546920776
0.8363988399505615
0.8363321423530579
0.8364492654800415
0.8364447355270386
0.8364611268043518
0.8364153504371643
0.8363605737686157
0.836443305015564
0.8364089727401733
0.8363687992095947
0.8364701271057129
0.8364859819412231
0.8363631963729858
0.8364576697349548
0.8366532325744629
0.8365646600723267
0.8363343477249146
0.8365740180015564
0.8367054462432861
0.8366855382919312
142.38539123535156
136.19102478027344
130.27685546875
124.6519546508789
118.9282455444336
113.18276977539062
107.48112487792969
101.95154571533203
96.8011474609375
92.71265411376953
89.99093627929688
87.1356201171875
84.20677185058594
81.02825164794922
77.56289672851562
74.03779602050781
70.35259246826172
66.93861389160156
63.82156753540039
60.87934112548828
58.511146545410156
56.76032257080078
55.31600570678711
53.448062896728516
51.39004898071289
49.1341552734375
46.83614730834961
44.525177001953125
42.109344482421875
39.68754196166992
37.42942810058594
35.64473342895508
34.06108093261719
32.766361236572266
31.383373260498047
29.933198928833008
28.450756072998047
27.006027221679688
25.716678619384766
24.41990089416504
23.370086669921875
22.156597137451172
20.76572608947754
19.28472328186035
17.812898635864258
16.20690155029297
14.834664344787598
13.83797836303711
12.65753173828125
11.169450759887695
9.690756797790527
7.99519157409668
6.671770095825195
6.057823657989502
5.7487006187438965
5.351425647735596
5.098073959350586
5.307002067565918
5.464770317077637
5.425232887268066
5.597733497619629
5.660680294036865
5.655050754547119
5.473302841186523
5.362900733947754
5.377525806427002
5.213541030883789
5.029956817626953
4.753413677215576
4.6537957191467285
4.460980415344238
4.372784614562988
4.240288734436035
3.9843475818634033
3.7885944843292236
3.8022549152374268
3.684124231338501
3.6164562702178955
3.4678421020507812
3.4753050804138184
3.407364845275879
3.3698394298553467
3.1919045448303223
3.025425910949707
3.0004770755767822
2.974696159362793
2.840632915496826
2.8466639518737793
2.7647337913513184
2.797257900238037
2.8863179683685303
2.8532814979553223
2.662140369415283
2.7038180828094482
2.7409791946411133
2.635253667831421
2.6157476902008057
2.663942337036133
2.6786577701568604
2.677781820297241
2.699673652648926
2.534846782684326
2.5374057292938232
2.575498104095459
2.5320823192596436
2.4966378211975098
2.562926769256592
2.543091058731079
2.476736307144165
2.5980377197265625
2.658355474472046
2.624828577041626
2.5032854080200195
2.5885567665100098
2.607384443283081
2.6097030639648438
2.5223546028137207
2.5359270572662354
2.49813175201416
2.505094289779663
2.5688705444335938
2.5346968173980713
2.476369619369507
2.623852491378784
2.6651506423950195
2.567549705505371
2.474555015563965
2.5104498863220215
2.4429218769073486
2.4665157794952393
2.598435401916504
2.467984437942505
2.472252130508423
2.4797892570495605
2.485081911087036
2.655977725982666
2.6270012855529785
2.575960874557495
2.483266830444336
2.5450658798217773
2.4430527687072754
2.4497146606445312
2.4512383937835693
2.546854257583618
2.4991793632507324
2.600153684616089
2.6240413188934326
2.569174289703369
2.5068819522857666
2.6424381732940674
20.295507431030273
20.22596549987793
20.091184616088867
19.966285705566406
19.83085060119629
19.699037551879883
19.57921600341797
19.470495223999023
19.376895904541016
19.283288955688477
19.20858383178711
19.149803161621094
19.109989166259766
19.086856842041016
19.06846046447754
19.031007766723633
18.999591827392578
18.99005699157715
18.99502944946289
19.006855010986328
19.013996124267578
19.01782989501953
19.01738166809082
19.010061264038086
18.99911117553711
18.979900360107422
18.96092414855957
18.937213897705078
18.923505783081055
18.91208267211914
18.914663314819336
18.917985916137695
18.92896270751953
18.942508697509766
18.949050903320312
18.952510833740234
18.950151443481445
18.945302963256836
18.934574127197266
18.925312042236328
18.916210174560547
18.90860366821289
18.908161163330078
18.904029846191406
18.90652084350586
18.904897689819336
18.904483795166016
18.903980255126953
18.903776168823242
18.902135848999023
18.901636123657227
18.900358200073242
18.89889907836914
18.899036407470703
18.898672103881836
18.89927101135254
18.899953842163086
18.89948272705078
18.900604248046875
18.899578094482422
18.898189544677734
18.89725112915039
18.89606285095215
18.89583396911621
18.89372444152832
18.893896102905273
18.894088745117188
18.8929443359375
18.890880584716797
18.89042854309082
18.889802932739258
18.88949203491211
18.889446258544922
18.888851165771484
18.890308380126953
18.8892822265625
18.891277313232422
18.89093017578125
18.889970779418945
18.8895320892334
18.888736724853516
18.88817596435547
18.887481689453125
18.887557983398438
18.887155532836914
18.886699676513672
18.88644027709961
18.88646697998047
18.886585235595703
18.88627052307129
18.885889053344727
18.885509490966797
18.885160446166992
18.884746551513672
18.88437271118164
18.884098052978516
18.88445472717285
18.883623123168945
18.883190155029297
18.882808685302734
18.882427215576172
18.882497787475586
18.882110595703125
18.881725311279297
18.881351470947266
18.88101577758789
18.880544662475586
18.880170822143555
18.879783630371094
18.879405975341797
18.8790283203125
18.87864112854004
18.878263473510742
18.87743377685547
18.87700843811035
18.876739501953125
18.876354217529297
18.875978469848633
18.8756103515625
18.875232696533203
18.874853134155273
18.874483108520508
18.874103546142578
18.873729705810547
18.87335777282715
18.873027801513672
18.87265396118164
18.872278213500977
18.87190818786621
18.87148094177246
18.871103286743164
18.870506286621094
18.87008285522461
18.869630813598633
18.86924934387207
18.868881225585938
18.868497848510742
18.868139266967773
18.867870330810547
18.867504119873047
18.86662483215332
18.866758346557617
18.86638641357422
18.866018295288086
18.865638732910156
18.86527442932129
18.864757537841797
18.863880157470703
18.8640193939209
18.86353874206543
18.8626651763916
18.04120445251465
17.235668182373047
16.47174835205078
15.745230674743652
15.068533897399902
14.422127723693848
13.790937423706055
13.1825590133667
12.608736038208008
12.064763069152832
11.54490852355957
11.029462814331055
10.506956100463867
9.985611915588379
9.485630989074707
9.02967357635498
8.653671264648438
8.321438789367676
8.003056526184082
7.721897602081299
7.477207660675049
7.257392406463623
7.0661301612854
6.900959014892578
6.7486772537231445
6.613037109375
6.518861770629883
6.4483466148376465
6.367916107177734
6.277396202087402
6.176648139953613
6.073265552520752
5.970799922943115
5.86929178237915
5.777324199676514
5.6825995445251465
5.595397472381592
5.514804840087891
5.448241233825684
5.402507305145264
5.368163585662842
5.348659515380859
5.326683044433594
5.293490886688232
5.24363899230957
5.18671178817749
5.134522914886475
5.086430549621582
5.050980567932129
5.02203893661499
4.996321201324463
4.975874423980713
4.959535598754883
4.950150966644287
4.941441059112549
4.929027557373047
4.913470268249512
4.898412227630615
4.886854648590088
4.876820087432861
4.8673505783081055
4.8590288162231445
4.853668212890625
4.847922325134277
4.842153549194336
4.837831020355225
4.831958770751953
4.827019691467285
4.8179097175598145
4.810995578765869
4.802554130554199
4.799386024475098
4.797819137573242
4.794744491577148
4.793902397155762
4.795327663421631
4.792622089385986
4.791069984436035
4.788719177246094
4.786782264709473
4.786530494689941
4.788999557495117
4.788137912750244
4.785921096801758
4.783446788787842
4.782439231872559
4.782167434692383
4.7800493240356445
4.77834415435791
4.778475761413574
4.776270866394043
4.776944160461426
4.77544641494751
4.773120880126953
4.771533012390137
4.772152900695801
4.771871089935303
4.772313594818115
4.770977973937988
4.7699384689331055
4.769478797912598
4.770471572875977
4.769991874694824
4.768621921539307
4.76770544052124
4.766633033752441
4.766289710998535
4.76569938659668
4.76594352722168
4.765349388122559
4.76595401763916
4.763983249664307
4.764121055603027
4.762824535369873
4.762921333312988
4.763847827911377
4.763882160186768
4.763713836669922
4.76110315322876
4.760881423950195
4.762824535369873
4.761453628540039
4.759488582611084
4.759761810302734
4.759513854980469
4.760086536407471
4.7583699226379395
4.75934362411499
4.757836818695068
4.759596824645996
4.76011848449707
4.759819030761719
4.759395122528076
4.7577691078186035
4.756209373474121
4.755644798278809
4.755415439605713
4.7552080154418945
4.754828929901123
4.755563735961914
4.755862236022949
4.755071640014648
4.753772735595703
4.754036903381348
4.754492282867432
4.754878044128418
4.756117820739746
4.756224632263184
4.755362033843994
4.754780292510986
4.754853248596191
4.755153656005859
4.754857063293457
4.754610061645508
4.75475549697876
4.753867149353027
4.753176689147949
4.753121376037598
4.751631259918213
4.751027584075928
4.750511169433594
4.751377582550049
4.7511773109436035
4.7530317306518555
4.752159118652344
4.751312255859375
4.7510762214660645
4.752227783203125
4.752292633056641
4.751757621765137
4.751090049743652
4.750756740570068
4.75044059753418
4.750236988067627
4.749247074127197
4.750714302062988
4.751466751098633
4.750617027282715
4.750326156616211
4.748873710632324
4.748440742492676
4.748971939086914
4.748392581939697
4.749298572540283
4.750238418579102
4.75004243850708
4.750409126281738
4.750243186950684
4.7503557205200195
4.750596523284912
4.750746726989746
4.750188827514648
4.74967622756958
4.749637603759766
4.749237537384033
4.749000549316406
4.749370574951172
4.751552104949951
4.7509355545043945
4.750065803527832
4.749051570892334
4.748968124389648
4.748849868774414
4.7488627433776855
4.7466816902160645
4.746469497680664
4.74625825881958
4.746217250823975
4.745556354522705
4.746006488800049
4.746490478515625
4.745168685913086
4.7442216873168945
4.744976043701172
4.745879650115967
4.745646953582764
4.745443344116211
4.745429515838623
4.745699405670166
4.744034290313721
4.74351692199707
4.743083477020264
4.742724895477295
4.742477893829346
4.7424092292785645
4.742046356201172
4.742031574249268
4.740930557250977
4.740492343902588
4.74099063873291
4.742191791534424
4.7422027587890625
4.743198871612549
4.743052959442139
4.74401330947876
4.743906021118164
4.744940280914307
4.744923114776611
4.743129253387451
4.742749214172363
4.742950439453125
4.743124485015869
4.742769241333008
4.743900775909424
4.744226932525635
4.744143009185791
4.743877410888672
4.743330478668213
4.7425079345703125
4.742307662963867
4.742277145385742
4.741985321044922
4.742073059082031
4.741819381713867
4.741288661956787
4.7393951416015625
4.739396095275879
4.740261077880859
4.740002632141113
4.739906311035156
4.739775657653809
4.739412307739258
4.740063667297363
4.740252494812012
4.739086151123047
4.738343715667725
4.738897323608398
4.738970756530762
4.740206718444824
4.740246295928955
4.741422653198242
4.74168586730957
4.741318702697754
4.741394996643066
4.74128532409668
4.740025520324707
4.74050760269165
4.740059852600098
4.739710330963135
4.739989280700684
4.740729331970215
4.741234302520752
4.7391252517700195
4.739036560058594
4.73897647857666
4.739251136779785
4.739576816558838
4.738343238830566
4.7382307052612305
4.738672733306885
4.738663673400879
4.73994255065918
4.740516185760498
4.740956783294678
4.740659713745117
4.742070198059082
4.742661476135254
4.74307918548584
4.743505954742432
4.7432475090026855
4.743208885192871
4.744210720062256
4.744496822357178
4.744169235229492
4.743010520935059
4.742889404296875
4.7435302734375
4.743972301483154
4.743753910064697
4.743638515472412
4.743373870849609
4.742114067077637
4.7421875
4.742032051086426
4.74232292175293
4.742222309112549
4.741359710693359
4.741485118865967
4.741294860839844
4.74062967300415
4.741236209869385
4.741846561431885
4.741744518280029
4.741920471191406
4.741600036621094
4.743568420410156
4.743354797363281
4.743378639221191
4.743807315826416
4.743636131286621
4.74540901184082
4.746337413787842
4.745845317840576
4.745577812194824
4.745907306671143
4.745785713195801
4.744906425476074
4.74640417098999
4.7463555335998535
4.7450995445251465
4.744922161102295
4.7452392578125
4.746126174926758
4.74659538269043
4.746211051940918
4.746484756469727
4.746132850646973
4.747236251831055
4.747092247009277
4.747501373291016
4.747436046600342
4.7473039627075195
4.747886657714844
4.74824333190918
4.747578144073486
4.747564315795898
4.747923851013184
4.748684883117676
4.748239517211914
4.747494697570801
4.747515678405762
4.746821880340576
4.746439456939697
4.747005462646484
4.747074604034424
4.74587345123291
4.745523929595947
4.7471466064453125
4.747330665588379
4.747363090515137
4.747352600097656
4.747417449951172
4.748422622680664
4.748055458068848
4.7479987144470215
4.746716499328613
4.747649669647217
4.746604919433594
4.745016098022461
4.744693756103516
4.745602607727051
4.747090816497803
4.7469706535339355
4.746756553649902
4.745659828186035
4.745419979095459
4.745114326477051
4.745522499084473
4.74494743347168
4.745780944824219
4.746004104614258
4.745972156524658
4.744828701019287
4.744121551513672
4.7438859939575195
4.746158599853516
4.745937824249268
4.746356010437012
4.746131420135498
0.7336136102676392
0.723851203918457
0.7148626446723938
0.7068421244621277
0.6997489333152771
0.6933779716491699
0.6877375841140747
0.682695209980011
0.6780005693435669
0.6737356781959534
0.6697637438774109
0.6660398244857788
0.6625603437423706
0.6594023704528809
0.6565431356430054
0.6540132761001587
0.6517361402511597
0.6496490240097046
0.6479646563529968
0.6467303037643433
0.6460428237915039
0.6459550261497498
0.6455767750740051
0.6451540589332581
0.6446636319160461
0.6441615223884583
0.6437153220176697
0.6433029174804688
0.6429672837257385
0.6427352428436279
0.6426215171813965
0.6425793170928955
0.6426199674606323
0.6426064372062683
0.6424974203109741
0.6423409581184387
0.6422159075737
0.6420689225196838
0.6418856978416443
0.6417846083641052
0.6417258381843567
0.64170902967453
0.6417029500007629
0.6416769027709961
0.6416131854057312
0.6415334939956665
0.6414815783500671
0.6413968801498413
0.6413552165031433
0.6413286924362183
0.6413531303405762
0.6413462162017822
0.641273558139801
0.6412638425827026
0.6412407159805298
0.6411948204040527
0.6411605477333069
0.641158401966095
0.641159176826477
0.6411681175231934
0.6411574482917786
0.641114354133606
0.6411429643630981
0.6411848664283752
0.641155481338501
0.6411162614822388
0.6411001086235046
0.641089677810669
0.6411256790161133
0.6411246061325073
0.6410791277885437
0.6410619616508484
0.6410480737686157
0.6410574316978455
0.641066312789917
0.64105623960495
0.641025185585022
0.6410225033760071
0.641049325466156
0.6410598158836365
0.6410296559333801
0.6410214900970459
0.6410271525382996
0.6410472393035889
0.6410521268844604
0.641046941280365
0.6410441994667053
0.6410374641418457
0.641051709651947
0.6410524249076843
0.6410399675369263
0.6410393714904785
0.6410438418388367
0.6410567164421082
0.6410437226295471
0.6410384774208069
0.6410490274429321
0.6410551071166992
0.6410554051399231
0.641042947769165
