2.282865524291992
2.4215164184570312
2.556710958480835
2.708355188369751
2.850546360015869
2.994703531265259
3.1353673934936523
3.2832727432250977
3.4304165840148926
3.5692529678344727
4.474269151687622
4.613955974578857
4.751221418380737
4.927849531173706
5.101106643676758
5.245444059371948
5.388010025024414
5.544655799865723
5.684823751449585
5.8529322147369385
6.763329267501831
6.913046598434448
7.066795587539673
7.217678546905518
7.37398624420166
7.522468566894531
7.669454336166382
7.814642906188965
7.964769124984741
8.114980936050415
9.035692930221558
9.179150581359863
9.327320098876953
9.483774662017822
9.633502006530762
9.776743650436401
9.922465562820435
10.069269895553589
10.222096681594849
10.363369703292847
11.28696060180664
11.439587354660034
11.593234777450562
11.745452165603638
11.889636754989624
12.039782285690308
12.18529224395752
12.325053930282593
12.470418214797974
12.611328363418579
13.525023460388184
13.683220624923706
13.840385675430298
14.003501415252686
14.154673099517822
14.31237006187439
14.469922542572021
14.617098331451416
14.75876522064209
14.90392541885376
15.830976724624634
15.98767352104187
16.136858701705933
16.289543867111206
16.437586307525635
16.58388042449951
16.732030153274536
16.8817081451416
17.02538514137268
17.17054057121277
18.104092121124268
18.250316619873047
18.40349769592285
18.554181575775146
18.69839596748352
18.84709620475769
18.991769552230835
19.144442319869995
19.296247720718384
19.45199990272522
20.397167921066284
20.543525218963623
20.701181650161743
20.841447353363037
20.98662304878235
21.13384175300598
21.27901554107666
21.419779539108276
21.56793522834778
21.718111515045166
22.63611888885498
22.78163719177246
22.940292596817017
23.132856130599976
23.280032873153687
23.422304153442383
23.571533203125
23.73332118988037
23.87359118461609
24.015204429626465
24.962204217910767
25.121939182281494
25.274165868759155
25.43689775466919
25.576580286026
25.723747730255127
25.864457368850708
26.00962543487549
26.159756183624268
26.31640076637268
27.255125999450684
27.419742822647095
27.57387113571167
27.729520082473755
27.88214087486267
28.021369457244873
28.171490907669067
28.319156169891357
28.468785762786865
28.615482568740845
29.52845001220703
29.68257236480713
29.839711904525757
29.997325897216797
30.148969650268555
30.29811954498291
30.444262981414795
30.58544135093689
30.72861361503601
30.865281581878662
31.78096294403076
31.924131870269775
32.074270486831665
32.224929094314575
32.37012243270874
32.51928496360779
32.66043424606323
32.80710434913635
32.953742265701294
33.09891200065613
34.01285791397095
34.15908408164978
34.30490231513977
34.454195499420166
34.6039924621582
34.750168561935425
34.89783596992493
35.043559551239014
35.18597602844238
35.338743686676025
36.24881935119629
36.39851784706116
36.548725605010986
36.71985197067261
36.86322093009949
37.01806020736694
37.17774486541748
37.32705092430115
37.472758054733276
37.61443305015564
38.55321288108826
38.69885993003845
38.84556603431702
38.988794803619385
39.13098073005676
39.2990882396698
39.44880962371826
39.59551787376404
39.74468517303467
39.88689732551575
40.81313920021057
40.9574658870697
41.10315275192261
41.254804611206055
41.39775371551514
41.57204508781433
41.7106511592865
41.86579990386963
42.01309609413147
42.15680646896362
43.093647480010986
43.24783229827881
43.40011811256409
43.556257486343384
43.70342016220093
43.86213493347168
44.04672622680664
44.18597936630249
44.32885265350342
44.469682455062866
45.39576268196106
45.53908920288086
45.70722818374634
45.8564932346344
46.03309178352356
46.18274426460266
46.355862855911255
46.50401830673218
46.64769196510315
46.79634976387024
47.72339630126953
47.86490058898926
48.008097887039185
48.19573378562927
48.35392189025879
48.525737047195435
48.67438769340515
48.821526527404785
48.974676847457886
49.126134395599365
50.071937561035156
50.21458864212036
50.36273169517517
50.51186537742615
50.66202116012573
50.80222249031067
50.958343267440796
51.10850548744202
51.25617432594299
51.40480971336365
52.32154130935669
52.46169686317444
52.60686230659485
52.751558780670166
52.89320969581604
53.046865463256836
53.23291897773743
53.3845751285553
53.537214040756226
53.700843811035156
54.664565563201904
54.8197078704834
54.96885132789612
55.118000745773315
55.25868773460388
55.404329776763916
55.54606628417969
55.69170808792114
55.836912870407104
55.980064868927
56.926546812057495
57.082685470581055
57.230332136154175
57.374990701675415
57.52713322639465
57.677287578582764
57.82242822647095
57.95961093902588
58.1067578792572
58.25640511512756
59.183703660964966
59.34485220909119
59.500487089157104
59.66316795349121
59.81220293045044
59.95635962486267
60.09555006027222
60.24670100212097
60.3868670463562
60.53203463554382
61.460041522979736
61.597241163253784
61.740477561950684
61.89985966682434
62.0401349067688
62.180283546447754
62.32842230796814
62.466647148132324
62.6118369102478
62.757522106170654
63.68288993835449
63.83007621765137
63.98927402496338
64.14043021202087
64.29011011123657
64.43778562545776
64.58598780632019
64.73464632034302
64.8870952129364
65.04028940200806
65.9644672870636
66.1141266822815
66.26035833358765
66.40502500534058
66.56108283996582
66.71570897102356
66.86486959457397
67.01558065414429
67.16978812217712
67.32094764709473
68.24152278900146
68.38457655906677
68.56170749664307
68.70937180519104
68.8652081489563
69.0123860836029
69.17014217376709
69.32827997207642
69.48258423805237
69.62833976745605
70.59943294525146
70.74364042282104
70.899822473526
71.0544912815094
71.20617198944092
71.34834361076355
71.48709082603455
71.63775372505188
71.78295493125916
71.9580466747284
72.8827395439148
73.05490064620972
73.2051796913147
73.39838218688965
73.54996824264526
73.74182391166687
73.90146470069885
74.0483763217926
74.20501732826233
74.36368656158447
75.29544973373413
75.44508767127991
75.58984780311584
75.7305314540863
75.87024092674255
76.01607084274292
76.17051577568054
76.35245490074158
76.5157299041748
76.66954326629639
77.63661098480225
77.78140425682068
77.92706251144409
78.0777268409729
78.22301912307739
78.37372303009033
78.52142000198364
78.66660857200623
78.81530904769897
78.95859456062317
79.90572834014893
80.06336331367493
80.21452856063843
80.36671757698059
80.51504588127136
80.65776228904724
80.7990608215332
80.941725730896
81.08746290206909
81.23471522331238
82.1674439907074
82.30967950820923
82.46836113929749
82.62211608886719
82.76928091049194
82.91843390464783
83.0717420578003
83.21396493911743
83.35873508453369
83.50544762611389
84.43634724617004
84.58260560035706
84.7304527759552
84.88287615776062
85.02012133598328
85.16880702972412
85.3060839176178
85.45792841911316
85.59165501594543
85.7353732585907
86.66060829162598
86.80598545074463
86.95413422584534
87.10379528999329
87.25314664840698
87.39434885978699
87.54305362701416
87.69138956069946
87.83467078208923
87.97692894935608
88.88955855369568
89.06521964073181
89.21444201469421
89.3587257862091
89.50861477851868
89.65653395652771
89.80253553390503
89.9621798992157
90.09939360618591
90.24080109596252
91.16448926925659
91.31180214881897
91.45454931259155
91.59614586830139
91.73830842971802
91.88405919075012
92.02595448493958
92.16676235198975
92.31095218658447
92.45312452316284
93.37656450271606
93.52171206474304
93.66849732398987
93.8186423778534
93.9777569770813
94.1303973197937
94.28704571723938
94.43069744110107
94.57786822319031
94.7155339717865
95.6341643333435
95.77833724021912
95.92848324775696
96.06466245651245
96.2102952003479
96.36193299293518
96.50809502601624
96.65324974060059
96.80440855026245
96.95255851745605
97.86973834037781
98.01900696754456
98.17463994026184
98.37231731414795
98.51860928535461
98.66525673866272
98.80685353279114
98.95055747032166
99.0998911857605
99.25959157943726
100.1814534664154
100.32166576385498
100.4763195514679
100.62771797180176
100.78439021110535
100.92824482917786
101.09236288070679
101.23923826217651
101.4264669418335
101.57165431976318
102.49780654907227
102.64700222015381
102.80967545509338
102.97380924224854
103.12308645248413
103.27823853492737
103.4374406337738
103.59066224098206
103.74234771728516
103.89107537269592
104.81684041023254
105.00210165977478
105.16636681556702
105.31255674362183
105.45694875717163
105.60212802886963
105.75130009651184
105.89804768562317
106.0467574596405
106.1914131641388
107.09635543823242
107.26247358322144
107.41813397407532
107.56679821014404
107.70809292793274
107.850341796875
107.9974992275238
108.14214634895325
108.27848386764526
108.41515588760376
109.31840491294861
109.46504545211792
109.60674214363098
109.76686358451843
109.92100286483765
110.06815648078918
110.22130870819092
110.38043117523193
110.52310514450073
110.67033386230469
111.59479594230652
111.73583674430847
111.87958669662476
112.02064776420593
112.16798520088196
112.3134777545929
112.47664070129395
112.62596940994263
112.77613544464111
112.93438673019409
113.89100456237793
114.03773021697998
114.18841171264648
114.34934377670288
114.49724841117859
114.65008449554443
114.79592108726501
114.94073390960693
115.09197473526001
115.23894309997559
117.08161497116089
118.14084696769714
119.21904444694519
120.25675201416016
121.37240433692932
122.38659882545471
123.39567232131958
124.39858317375183
125.45066285133362
126.4900770187378
128.23322916030884
129.28171968460083
130.29211831092834
131.30566668510437
132.34249138832092
133.3733298778534
134.41793203353882
135.46418523788452
136.5242621898651
137.53449273109436
139.33822584152222
140.36531710624695
141.36871004104614
142.37483501434326
143.4076476097107
144.46538925170898
145.56386470794678
146.584796667099
147.64380812644958
148.72416877746582
150.48785042762756
151.58781099319458
152.67273879051208
153.71287155151367
154.8125491142273
155.91808700561523
156.93448162078857
158.00099873542786
159.09369707107544
160.2448217868805
162.06439447402954
163.10457611083984
164.13462615013123
165.18110918998718
166.23360681533813
167.28110599517822
168.30144381523132
169.3915183544159
170.4955186843872
171.5210897922516
173.37239384651184
174.47026419639587
175.53509712219238
176.58739972114563
177.64503145217896
178.6730499267578
179.6994321346283
180.7308976650238
181.76956844329834
182.8169732093811
184.64478087425232
185.68336415290833
186.6805408000946
187.7349796295166
188.75986194610596
189.78023099899292
190.78077125549316
191.81416630744934
192.87907695770264
193.89887022972107
195.68969774246216
196.71439909934998
197.74544715881348
198.79766297340393
199.8036515712738
200.8590967655182
201.918208360672
203.00819301605225
204.11560726165771
205.20307111740112
207.02717638015747
208.07051348686218
209.17445611953735
210.24429154396057
211.29397058486938
212.33009219169617
213.33237266540527
214.35148906707764
215.39657425880432
216.42306303977966
218.28162741661072
219.32696318626404
220.40101599693298
221.46600651741028
222.52842020988464
223.58693027496338
224.69062781333923
225.7401921749115
226.77133989334106
227.79778671264648
229.65548729896545
230.7137327194214
231.7420837879181
232.78389382362366
233.84047842025757
234.91614818572998
235.95738673210144
236.9900300502777
238.0450999736786
239.10647773742676
240.98782467842102
242.1060914993286
243.24310636520386
244.32032561302185
245.37648105621338
246.45988702774048
247.48002362251282
248.5163390636444
249.54402875900269
250.56691312789917
252.34675550460815
253.43670225143433
254.50105810165405
255.51304364204407
256.59639716148376
257.6733992099762
258.71734499931335
259.7255129814148
260.7701461315155
261.82484698295593
263.67314887046814
264.7158622741699
265.7174940109253
266.7736961841583
267.83012318611145
268.886390209198
269.8883419036865
270.95195841789246
271.97597002983093
273.0345811843872
274.9169189929962
275.94700384140015
277.0184705257416
278.06349658966064
279.15513491630554
280.1927628517151
281.2722809314728
282.33630084991455
283.41318249702454
284.4906449317932
286.3817415237427
287.51205229759216
288.583372592926
289.6577715873718
290.71095609664917
291.75909757614136
292.8322277069092
293.90809202194214
294.9788007736206
296.0545017719269
297.8950252532959
298.95485520362854
299.9943895339966
301.0563144683838
302.1331272125244
303.14944863319397
304.1901514530182
305.2238202095032
306.27802324295044
307.3116204738617
309.20840191841125
310.3064773082733
311.3686854839325
312.42874455451965
313.4670774936676
314.48497438430786
315.524701833725
316.53771686553955
317.57253527641296
318.6296408176422
320.49464225769043
321.5088562965393
322.53897881507874
323.5570216178894
324.61217761039734
325.6944742202759
326.7251470088959
327.7714011669159
328.89119148254395
329.9470376968384
331.74626636505127
332.75213599205017
333.80117988586426
334.88080406188965
335.88589572906494
336.95741152763367
338.0045566558838
339.05549716949463
340.08015537261963
341.1535096168518
343.0351538658142
344.1219434738159
345.1853303909302
346.32810640335083
347.45071935653687
348.50262212753296
349.56318759918213
350.64820194244385
351.72625756263733
352.76889300346375
354.5931258201599
355.63166880607605
356.6580786705017
357.758900642395
358.822288274765
359.87575340270996
360.87564158439636
361.9061245918274
362.93489933013916
363.9774844646454
365.8602433204651
366.9603989124298
368.04774737358093
369.11807322502136
370.13334679603577
371.1768078804016
372.2669622898102
373.2965319156647
374.327397108078
375.39389204978943
377.22872495651245
378.3235580921173
379.38961958885193
380.4952688217163
381.5191354751587
382.56823897361755
383.63329672813416
384.68097949028015
385.73890233039856
386.82655143737793
388.68235301971436
389.7522225379944
390.83817505836487
391.8798575401306
392.92879247665405
393.9804584980011
395.0910301208496
396.1337614059448
397.17835688591003
398.2403562068939
400.00516986846924
401.07324051856995
402.08122849464417
403.1171443462372
404.222332239151
405.28353905677795
406.2887120246887
407.32996702194214
408.34213852882385
409.36810660362244
411.22399735450745
412.24842834472656
413.29099321365356
414.31631541252136
415.3451693058014
416.42454838752747
417.4885561466217
418.5256564617157
419.60621762275696
420.6418583393097
422.4503881931305
423.49338603019714
424.5294408798218
425.556715965271
426.6256785392761
427.68561339378357
428.7715194225311
429.8786618709564
431.0202236175537
432.09874963760376
433.93034172058105
435.0111105442047
436.0808575153351
437.18193554878235
438.24600100517273
439.26199889183044
440.295782327652
441.35603308677673
442.4343237876892
443.5126540660858
445.3274998664856
446.4046289920807
447.4939978122711
448.5361342430115
449.6108548641205
450.67067885398865
451.689350605011
452.7152509689331
453.77231764793396
454.8346061706543
456.609530210495
457.657506942749
458.68873834609985
459.71726655960083
460.8103451728821
461.8575632572174
462.91768312454224
463.9326033592224
464.95539569854736
466.01837944984436
467.7900376319885
468.8849952220917
469.9416711330414
470.97870993614197
472.02768445014954
473.0699973106384
474.07585644721985
475.0968334674835
476.1348581314087
477.2652304172516
479.1509439945221
480.2507300376892
481.27998876571655
482.3488266468048
483.4913377761841
484.5667312145233
485.6688268184662
486.73793387413025
487.79603838920593
488.8522527217865
490.67915058135986
491.69897842407227
492.72672843933105
493.7516915798187
494.7760579586029
495.78126978874207
496.79926013946533
497.8567795753479
498.8876612186432
499.998685836792
501.84307622909546
502.88079929351807
503.90857195854187
504.96097135543823
506.0878381729126
507.1494655609131
508.26495337486267
509.3111822605133
510.3214945793152
511.3426423072815
513.2173690795898
514.2743799686432
515.3725588321686
516.4378023147583
517.4831295013428
518.5472855567932
519.6017925739288
520.6433491706848
521.6806631088257
522.7183291912079
524.5785577297211
525.6789462566376
526.7737617492676
527.7906310558319
528.8762629032135
529.94895362854
531.025871515274
532.0506544113159
533.0779538154602
534.1556646823883
536.0102257728577
537.029205083847
538.1091179847717
539.1696844100952
540.2571880817413
541.3457045555115
542.394448518753
543.4613626003265
544.4884624481201
545.5714373588562
547.4204814434052
548.4428918361664
549.480230808258
550.501916885376
551.5738275051117
552.6510152816772
553.6703264713287
554.7578701972961
555.7911148071289
556.8165950775146
558.6595122814178
559.6857073307037
560.740779876709
561.8329017162323
562.8565101623535
563.8850185871124
564.8940944671631
565.9455144405365
567.0228018760681
568.0476789474487
569.8767499923706
570.9068779945374
571.9808900356293
573.0385041236877
574.0500831604004
575.0996286869049
576.1870768070221
577.2512893676758
578.3311605453491
579.3766751289368
581.2876658439636
582.4054312705994
583.4842760562897
584.5678939819336
585.6138575077057
586.6858472824097
587.7706871032715
588.8296258449554
589.8546612262726
590.9081304073334
592.7469091415405
593.7863755226135
594.8079295158386
595.8450818061829
596.9265904426575
598.0445175170898
599.0885779857635
600.1111555099487
601.1516888141632
602.1972827911377
604.006087064743
605.0007863044739
606.035893201828
607.0750584602356
608.0936796665192
609.1502192020416
610.2082076072693
611.2318618297577
612.2514979839325
613.276093006134
615.0938611030579
616.1883974075317
617.281361579895
618.3777949810028
619.4284002780914
620.469545841217
621.4976277351379
622.620534658432
623.7216963768005
624.7806932926178
626.5622699260712
627.6203715801239
628.6437647342682
629.6686866283417
630.6879572868347
631.7374608516693
632.8074285984039
633.8410193920135
634.9161434173584
635.9970870018005
637.7850222587585
638.8780012130737
639.9492270946503
641.0415017604828
642.1232395172119
643.1585624217987
644.1837260723114
645.2711908817291
646.3387732505798
647.4017386436462
649.2406771183014
650.3762609958649
651.4822146892548
652.5173153877258
653.595899105072
654.630560874939
655.6916365623474
656.7674131393433
657.812516450882
658.8574330806732
660.6295821666718
661.6942698955536
662.7621610164642
663.7880885601044
664.8630909919739
665.8911085128784
666.9770841598511
668.0406260490417
669.0986077785492
670.1214256286621
671.8952627182007
672.9480400085449
674.0225481987
675.0923602581024
676.15038895607
677.289412021637
678.3582880496979
679.4350700378418
680.5133647918701
681.5410969257355
683.3751215934753
684.4618382453918
685.5230662822723
686.5765171051025
687.6076664924622
688.6534402370453
689.7355635166168
690.8071248531342
691.8801846504211
692.9179887771606
694.7632055282593
695.8341839313507
696.9270606040955
697.9807295799255
698.9925622940063
700.0356488227844
701.1192345619202
702.1712257862091
703.1820156574249
704.1908097267151
705.9677426815033
706.9944620132446
708.009688615799
709.0419700145721
710.0490562915802
711.0736675262451
712.1227252483368
713.1891825199127
714.2102608680725
715.2601759433746
717.1526596546173
718.1871523857117
719.2175679206848
720.2929842472076
721.3915073871613
722.4544095993042
723.5531876087189
724.6044263839722
725.6604022979736
726.7251987457275
728.5759291648865
729.6504034996033
730.7098934650421
731.7679030895233
732.7968707084656
733.8549118041992
734.9319455623627
735.9894549846649
737.0105571746826
738.0441324710846
739.8023779392242
740.8783469200134
741.9703085422516
742.9809844493866
744.0105044841766
745.1115126609802
746.1695287227631
747.2150526046753
748.2715826034546
749.3156025409698
751.0707807540894
752.1592555046082
753.2103281021118
754.229398727417
755.276287317276
756.2968943119049
757.3311541080475
758.3668642044067
759.3996233940125
760.5209512710571
762.3027107715607
763.3679432868958
764.4495573043823
765.502498626709
766.5840172767639
767.6278440952301
768.6550185680389
769.747457742691
770.7623796463013
771.7998793125153
773.6415719985962
774.6607782840729
775.7133786678314
776.7728886604309
777.7890338897705
778.806631565094
779.8297364711761
780.8678205013275
781.956294298172
782.9784111976624
784.8036968708038
785.919088602066
787.024674654007
788.0862014293671
789.1736805438995
790.2551295757294
791.3121511936188
792.3896105289459
793.4441440105438
794.4757950305939
796.3537271022797
797.4326858520508
798.5152595043182
799.5917267799377
800.6881248950958
801.7771039009094
802.8558263778687
803.8754689693451
804.9429042339325
806.0094604492188
807.7871451377869
808.8855504989624
809.951322555542
810.9695179462433
812.0266313552856
813.1401779651642
814.2514262199402
815.2777278423309
816.2993233203888
817.3683545589447
819.1516170501709
820.1954956054688
821.2356066703796
822.2514748573303
823.3166017532349
824.3691792488098
825.4817008972168
826.5793352127075
827.6643669605255
828.7375957965851
830.5284261703491
831.5885519981384
832.6152057647705
833.6559500694275
834.7316679954529
835.78493475914
836.8346343040466
837.904700756073
838.9437606334686
840.0147411823273
841.8740594387054
842.8989994525909
843.9281771183014
845.0037498474121
846.0536954402924
847.0661046504974
848.0958888530731
849.1202321052551
850.153838634491
851.1721460819244
853.0322082042694
854.1033661365509
855.2384293079376
856.3782513141632
857.4600336551666
858.536689043045
859.636800289154
860.7304649353027
861.8603060245514
862.9688131809235
864.798246383667
865.925995349884
866.9811964035034
868.014185667038
869.1718146800995
870.2548983097076
871.3553168773651
872.3940296173096
873.4785754680634
874.5281610488892
876.490485906601
877.5934715270996
878.6868381500244
879.8090486526489
880.8796277046204
881.9987525939941
883.0510709285736
884.151947259903
885.2508814334869
886.393180847168
888.2669410705566
889.2955536842346
890.3448095321655
891.3868885040283
892.4427447319031
893.5014834403992
894.5348968505859
895.583042383194
896.6325731277466
897.677698135376
899.5619220733643
900.6229736804962
901.6267085075378
902.7375705242157
903.8077013492584
904.9007725715637
905.9222462177277
906.9620966911316
908.0192122459412
909.07861328125
909.8178188800812
909.8547196388245
909.8936817646027
909.9301352500916
909.9650418758392
909.9954762458801
910.0204401016235
910.0453729629517
910.0703058242798
910.0947682857513
910.8240880966187
910.8500232696533
910.8761255741119
910.90056848526
910.9260232448578
910.9509565830231
910.9778861999512
911.0023410320282
911.0282824039459
911.0522186756134
911.806399345398
911.8323795795441
911.8593082427979
911.8842511177063
911.9102618694305
911.9347834587097
911.9606866836548
911.9856300354004
912.0101881027222
912.0351414680481
912.7652654647827
912.7892379760742
912.8147964477539
912.8397493362427
912.865654706955
912.8902072906494
912.9153339862823
912.9388484954834
912.9647719860077
912.9902684688568
913.7138850688934
913.7398421764374
913.7667398452759
913.7941937446594
913.8191668987274
913.8441233634949
913.8690640926361
913.8955874443054
913.9201204776764
913.9460289478302
914.6709358692169
914.6967415809631
914.7221956253052
914.7461309432983
914.7710645198822
914.7965052127838
914.8220903873444
914.8470225334167
914.8739511966705
914.8997893333435
915.6333391666412
915.6572995185852
915.6826329231262
915.7072951793671
915.7322251796722
915.757161617279
915.7821235656738
915.8083121776581
915.8322417736053
915.8571860790253
916.589103937149
916.6140818595886
916.6420092582703
916.6679940223694
916.6942830085754
916.7187314033508
916.7446663379669
916.7705934047699
916.7965662479401
916.8215053081512
917.5468327999115
917.570741891861
917.5968401432037
917.6212713718414
917.6462352275848
917.6704206466675
917.6953992843628
917.7205381393433
917.7464489936829
917.7704131603241
918.501366853714
918.5263025760651
918.5522339344025
918.5791628360748
918.6045627593994
918.6304965019226
918.6554260253906
918.6803734302521
918.7071888446808
918.7321214675903
