14.99140453338623
13.367607116699219
12.07744312286377
12.063591003417969
11.718256950378418
11.024816513061523
10.11319637298584
9.371115684509277
8.96304988861084
8.597500801086426
8.017049789428711
7.268287181854248
6.664790153503418
6.123526573181152
5.806354999542236
5.346234321594238
4.721899509429932
3.959663152694702
3.417198419570923
2.8764023780822754
3.0970051288604736
2.9352738857269287
2.3949339389801025
1.727454423904419
1.2457563877105713
1.0654568672180176
1.0820567607879639
1.2585177421569824
1.033550500869751
0.6436645984649658
0.8652791380882263
1.0075793266296387
1.0790958404541016
1.0873780250549316
1.0679274797439575
0.9403228759765625
0.7962450385093689
0.6116271018981934
0.7400766015052795
0.7509708404541016
0.4916846752166748
0.639595091342926
0.8056148886680603
0.6962448358535767
0.8164361119270325
0.9025871753692627
0.9254977107048035
0.8915930986404419
0.8834525942802429
0.6757661700248718
0.5036503076553345
0.49686431884765625
0.49532800912857056
0.5484879016876221
0.6685629487037659
0.6693065166473389
0.7198125123977661
0.7620751857757568
0.7458582520484924
0.6770268082618713
0.5608722567558289
0.4021376371383667
0.43793022632598877
0.5610480904579163
0.6176486611366272
0.614398717880249
0.5572929978370667
0.5407586693763733
0.42260587215423584
0.5742102861404419
0.6409153342247009
0.4557371139526367
0.59366375207901
0.7176071405410767
0.5924791097640991
0.4991888999938965
0.7618218660354614
0.8558675646781921
0.709100067615509
0.46500861644744873
0.5650565028190613
0.5786478519439697
0.3639042377471924
0.6961792707443237
0.8459463715553284
0.7582962512969971
0.46570152044296265
0.5074948072433472
0.5775690078735352
0.42162835597991943
0.5783498287200928
0.6814643740653992
0.5585283041000366
0.40871500968933105
0.4861071705818176
0.343438982963562
0.6384328007698059
0.7318809628486633
0.6063386797904968
0.3576233983039856
0.4377812147140503
0.42429119348526
0.391601026058197
0.34881383180618286
0.35169273614883423
0.3764137625694275
0.37813931703567505
0.3593146800994873
0.3283262252807617
0.34911036491394043
0.3540530800819397
0.3381982445716858
0.34050941467285156
0.3649502992630005
0.3677770495414734
0.3501579165458679
0.33394843339920044
0.3666102886199951
0.380474328994751
0.37287473678588867
0.34606754779815674
0.3409639000892639
0.36056190729141235
0.35830140113830566
0.33646225929260254
0.34592151641845703
0.3615662455558777
0.3559574484825134
0.3376960754394531
0.3393977880477905
0.34461915493011475
0.32972246408462524
0.34622400999069214
0.35627782344818115
0.3458291292190552
0.3260180354118347
0.33251941204071045
0.3246039152145386
0.3416478633880615
0.3380998969078064
0.3274455666542053
0.3283679485321045
0.3331109881401062
0.3333777189254761
0.32878369092941284
0.33285021781921387
0.3269672393798828
0.3310292959213257
0.3275349736213684
0.32492727041244507
42.7854118347168
42.213043212890625
41.439422607421875
40.53709411621094
39.54425048828125
38.484580993652344
37.37350845336914
36.22441101074219
35.04859924316406
33.85283279418945
32.64391326904297
31.424448013305664
30.19989013671875
28.975210189819336
27.7515869140625
26.52945327758789
25.31216812133789
24.10194206237793
22.89876937866211
21.704139709472656
20.517187118530273
19.34033966064453
18.172964096069336
17.0147762298584
15.866745948791504
14.72970962524414
13.636180877685547
12.63665771484375
11.701516151428223
10.804648399353027
9.931962013244629
9.07314682006836
8.225370407104492
7.408275127410889
6.745619773864746
6.191899299621582
5.717137336730957
5.283213138580322
4.8666863441467285
4.448641777038574
4.0281596183776855
3.630625009536743
3.2764949798583984
2.953056812286377
2.6444272994995117
2.3561980724334717
2.129396915435791
2.0664265155792236
2.022045850753784
1.9744524955749512
1.9575653076171875
1.9499988555908203
1.9395899772644043
1.9119083881378174
1.8619205951690674
1.790609359741211
1.6941099166870117
1.5735410451889038
1.423897385597229
1.2676687240600586
1.145841121673584
1.0805158615112305
1.0647361278533936
1.0905978679656982
1.1205570697784424
1.1235570907592773
1.0942095518112183
1.0385160446166992
0.9728199243545532
0.9203623533248901
0.8895385265350342
0.8755070567131042
0.8738787174224854
0.8779345154762268
0.8774632811546326
0.8638479113578796
0.8421475291252136
0.8224189877510071
0.809920072555542
0.8029534816741943
0.7992392778396606
0.7951160669326782
0.7885030508041382
0.7790157794952393
0.7699198722839355
0.763392448425293
0.7631051540374756
0.7621493339538574
0.7594610452651978
0.7579505443572998
0.7556597590446472
0.7511056065559387
0.7480264902114868
0.7454644441604614
0.7427939176559448
0.7426461577415466
0.7417570948600769
0.7392635345458984
0.7395777702331543
0.7397186756134033
0.7400183081626892
0.7375509142875671
0.7349038124084473
0.7357316017150879
0.7363145351409912
0.7352488040924072
0.7326829433441162
0.7317322492599487
0.7350021600723267
0.7349104881286621
0.7318133115768433
0.7294453382492065
0.7308115363121033
0.73058021068573
0.7287671566009521
0.7297794818878174
0.7305527925491333
0.7286143898963928
0.7274870872497559
0.7288277745246887
0.7290881276130676
0.727531909942627
0.7276563048362732
0.7283852100372314
0.7265264987945557
0.7270376682281494
0.7270345091819763
0.7254234552383423
0.7260528802871704
0.7259877920150757
0.7258532047271729
0.7254183292388916
0.7261030673980713
0.7255257964134216
0.7261680960655212
0.7263162732124329
0.7259758710861206
0.7255289554595947
0.7251264452934265
0.7254807949066162
0.724795937538147
0.7253429889678955
0.7252403497695923
0.7261977195739746
0.7254048585891724
0.7256782650947571
0.7256256341934204
0.724747359752655
0.7247534990310669
0.7248526811599731
0.7254236340522766
0.7252315878868103
0.7249133586883545
0.7247236967086792
0.7244888544082642
0.7242189645767212
0.7242686152458191
0.7245004773139954
0.7245368957519531
0.7243949174880981
0.7240927815437317
0.7238225936889648
0.7238835096359253
0.7240034341812134
0.7239786982536316
0.7237026691436768
0.7236894369125366
0.7238696813583374
0.7238568067550659
0.7236699461936951
0.7234821319580078
0.7235633730888367
0.7233838438987732
0.723633348941803
0.7237296104431152
0.7236411571502686
0.7233935594558716
0.7235116958618164
0.7236353158950806
0.7235143184661865
0.7234396934509277
0.7233151197433472
0.7234659194946289
0.7235133647918701
0.7233843803405762
0.7231485843658447
0.7232934832572937
0.7232309579849243
0.7231689691543579
0.7232016921043396
0.7231113910675049
0.7231255769729614
0.7230064272880554
0.723181426525116
0.7232315540313721
0.7231051921844482
0.7230876088142395
0.7231518030166626
0.7231554388999939
0.7230694890022278
0.7229394316673279
0.7230715751647949
0.7231099605560303
0.72297203540802
0.722854733467102
0.7229021787643433
0.7227965593338013
0.7228375673294067
0.7227444648742676
0.7228513360023499
0.7228275537490845
0.7227508425712585
0.7228553891181946
0.7228904366493225
0.7227468490600586
0.7227892875671387
0.7228373885154724
0.7228786945343018
0.7227402925491333
0.7226043939590454
0.7226580381393433
0.7226898670196533
0.7225478887557983
0.7226676940917969
0.7227233052253723
0.7225630283355713
0.7225289344787598
0.7224342823028564
0.7224128246307373
0.7224735021591187
0.7225421667098999
0.7225435376167297
0.7224867343902588
0.7223853468894958
0.7224968671798706
0.7224940061569214
0.7223235368728638
0.7223914861679077
0.7224761247634888
0.7223014831542969
0.7223230004310608
0.7224249839782715
0.7223461866378784
0.722103476524353
0.7224501371383667
0.7225762009620667
0.7224472165107727
0.7221804857254028
0.7222021818161011
0.7223063707351685
0.7222304940223694
0.722100019454956
0.7221398949623108
0.72212153673172
0.7220518589019775
0.7219863533973694
0.7220591306686401
0.7221781015396118
0.7220983505249023
0.722074031829834
0.7219804525375366
0.7220216989517212
0.722059965133667
0.7220832109451294
0.7220901250839233
0.7220817804336548
0.7221092581748962
0.7220455408096313
0.7220106720924377
0.7220706939697266
0.7219586968421936
0.7222459316253662
0.7223086357116699
0.7221142053604126
0.7221598029136658
0.7223037481307983
0.722261905670166
0.7220941781997681
0.7220436930656433
0.7220199108123779
0.7220372557640076
0.722049355506897
0.7220426797866821
0.7220864295959473
0.7220696210861206
0.7220007181167603
0.7220706939697266
0.7220389246940613
0.721993088722229
0.721977949142456
0.7220779657363892
0.7221081852912903
0.7220311164855957
0.7220348119735718
0.7219525575637817
0.7220864295959473
0.7221384048461914
0.7220202684402466
0.7220948934555054
0.7221801280975342
0.7222002744674683
0.7221224308013916
0.7220075130462646
0.7222473621368408
0.7223342657089233
0.7222445607185364
0.7219997644424438
0.722159743309021
0.7223361730575562
0.7222514748573303
0.7219670414924622
0.7220848798751831
0.7221887111663818
0.7221217155456543
0.7218955159187317
0.72197026014328
0.7218819260597229
0.7219733595848083
0.7219442129135132
0.7219147086143494
0.7219666242599487
0.7219043970108032
0.7220142483711243
0.7219942808151245
0.7219808101654053
0.7220160365104675
0.7219900488853455
0.7219159007072449
0.7218967080116272
0.7219571471214294
0.7219773530960083
0.7219913005828857
0.7219610810279846
0.7219698429107666
0.721886157989502
0.7219390869140625
0.7219299077987671
0.7218742370605469
0.7220215201377869
0.7219917178153992
0.7218704223632812
0.7221185564994812
0.7220957279205322
0.7218435406684875
0.7220478653907776
0.7221142053604126
0.7219998240470886
0.721879780292511
0.721916913986206
0.7218538522720337
115.93022155761719
111.24322509765625
107.16657257080078
103.44815063476562
99.53780364990234
95.47392272949219
91.33487701416016
87.16802215576172
83.17252349853516
79.60032653808594
75.8355712890625
72.24817657470703
68.85009002685547
65.53016662597656
62.32291793823242
59.21641159057617
56.65048599243164
54.15125274658203
51.46794509887695
48.6790771484375
46.049964904785156
43.87622833251953
41.9041748046875
39.700218200683594
37.71148681640625
35.61930847167969
33.80546951293945
32.68118667602539
31.488981246948242
30.535627365112305
29.200963973999023
27.736112594604492
26.401094436645508
25.27155113220215
24.28447151184082
23.087276458740234
21.74118423461914
20.343578338623047
18.770633697509766
17.37124252319336
16.21455955505371
15.3762788772583
14.507372856140137
13.687538146972656
12.651250839233398
11.417070388793945
10.04810905456543
8.580671310424805
7.231338977813721
6.174668312072754
5.315334796905518
4.706701278686523
4.040256500244141
3.4929656982421875
3.020634651184082
2.8310182094573975
2.9184534549713135
3.0198793411254883
3.1035125255584717
3.121803045272827
3.0820443630218506
3.184927463531494
3.159283399581909
3.232996940612793
3.062448501586914
2.917452335357666
3.0586726665496826
3.0500941276550293
3.0105209350585938
2.9001410007476807
2.7351250648498535
2.6645054817199707
2.5683822631835938
2.4931395053863525
2.3351974487304688
2.296457290649414
2.175891399383545
2.161280632019043
2.113142728805542
2.0899763107299805
2.031773328781128
2.083510398864746
1.983759880065918
1.694512963294983
1.9025859832763672
2.0390069484710693
2.0410966873168945
1.9014527797698975
1.8383615016937256
1.7774876356124878
1.8086339235305786
1.7581651210784912
1.776564598083496
1.7806342840194702
1.7116776704788208
1.5680830478668213
1.7030158042907715
1.7287137508392334
1.5819098949432373
1.5712617635726929
1.6716148853302002
1.5803054571151733
1.5363000631332397
1.5748804807662964
1.6071078777313232
1.6762208938598633
1.5673354864120483
1.6266024112701416
1.6794886589050293
1.751477599143982
1.6893596649169922
1.5201451778411865
1.7106716632843018
1.8253158330917358
1.7333968877792358
1.6513876914978027
1.6072156429290771
1.619370460510254
1.6654555797576904
1.5013701915740967
1.6313817501068115
1.6443302631378174
1.7148643732070923
1.7225544452667236
1.6091399192810059
1.6473829746246338
1.6373896598815918
1.5648167133331299
1.6095621585845947
1.570252776145935
1.5933337211608887
1.591843843460083
1.4659504890441895
1.5669214725494385
1.550156831741333
1.5786504745483398
1.6139144897460938
1.731140375137329
1.6047331094741821
1.500115156173706
1.6976372003555298
1.8198161125183105
1.856151819229126
1.7506077289581299
1.6538655757904053
1.5321959257125854
1.6122461557388306
1.7810657024383545
1.732330560684204
1.5050156116485596
20.86182403564453
20.816877365112305
20.762357711791992
20.698360443115234
20.621976852416992
20.554397583007812
20.480205535888672
20.46120262145996
20.383930206298828
20.298982620239258
20.203380584716797
20.10992431640625
20.031591415405273
19.994356155395508
19.969013214111328
19.952959060668945
19.932783126831055
19.909786224365234
19.880313873291016
19.854969024658203
19.82559585571289
19.79564094543457
19.765592575073242
19.72008514404297
19.674076080322266
19.634233474731445
19.580604553222656
19.53707504272461
19.49724578857422
19.46881103515625
19.474756240844727
19.47797966003418
19.48302459716797
19.483421325683594
19.479249954223633
19.47336196899414
19.464069366455078
19.46672248840332
19.473892211914062
19.489585876464844
19.48978614807129
19.49948501586914
19.505924224853516
19.509782791137695
19.509410858154297
19.509044647216797
19.50206756591797
19.491418838500977
19.483022689819336
19.477739334106445
19.46493148803711
19.447938919067383
19.43750762939453
19.43102264404297
19.430757522583008
19.424711227416992
19.422178268432617
19.420442581176758
19.420513153076172
19.423267364501953
19.425262451171875
19.427587509155273
19.437408447265625
19.440624237060547
19.4428768157959
19.447402954101562
19.458864212036133
19.464384078979492
19.470186233520508
19.472347259521484
19.474939346313477
19.473834991455078
19.47394561767578
19.475675582885742
19.47460174560547
19.474206924438477
19.469127655029297
19.468631744384766
19.464923858642578
19.462568283081055
19.458951950073242
19.455062866210938
19.452163696289062
19.452592849731445
19.453508377075195
19.45343780517578
19.45032501220703
19.450023651123047
19.45147705078125
19.45143699645996
19.451404571533203
19.451723098754883
19.452119827270508
19.453025817871094
19.451736450195312
19.45301055908203
19.452733993530273
19.452577590942383
19.450834274291992
19.451868057250977
19.449626922607422
19.449113845825195
19.448410034179688
19.44828224182129
19.446741104125977
19.446475982666016
19.447296142578125
19.448354721069336
19.446969985961914
19.446605682373047
19.445844650268555
19.446413040161133
19.445188522338867
19.444931030273438
19.44497299194336
19.445653915405273
19.44525909423828
19.44493865966797
19.44417381286621
19.443941116333008
19.44405746459961
19.442670822143555
19.442737579345703
19.44297218322754
19.442636489868164
19.442365646362305
19.441999435424805
19.4427547454834
19.4425106048584
19.4422664642334
19.442005157470703
19.44162940979004
19.440275192260742
19.44120216369629
19.44094467163086
19.440824508666992
19.44055938720703
19.440303802490234
19.440038681030273
19.43977165222168
19.439502716064453
19.43923568725586
19.438823699951172
19.437461853027344
19.438308715820312
19.438140869140625
19.437917709350586
19.4376220703125
19.437362670898438
19.437114715576172
19.436840057373047
18.94586753845215
18.474214553833008
17.998178482055664
17.518909454345703
17.01675796508789
16.506284713745117
15.99113655090332
15.461639404296875
14.931020736694336
14.402423858642578
13.888798713684082
13.36642837524414
12.84460163116455
12.3413724899292
11.880338668823242
11.454446792602539
11.053388595581055
10.73266887664795
10.481680870056152
10.28372573852539
10.103933334350586
9.959872245788574
9.845372200012207
9.740119934082031
9.630269050598145
9.505459785461426
9.373605728149414
9.229302406311035
9.056924819946289
8.866284370422363
8.676116943359375
8.47059440612793
8.247474670410156
8.020326614379883
7.821835517883301
7.641451835632324
7.4809064865112305
7.336658000946045
7.1971845626831055
7.063720703125
6.926672458648682
6.798493385314941
6.68025541305542
6.579039096832275
6.495258808135986
6.421807289123535
6.3305583000183105
6.229037761688232
6.109340667724609
5.997732639312744
5.901317596435547
5.8129730224609375
5.755561828613281
5.722487449645996
5.682291030883789
5.646500110626221
5.612758159637451
5.578651428222656
5.539475440979004
5.507695198059082
5.478480815887451
5.447902679443359
5.421453475952148
5.402626991271973
5.376205921173096
5.343375205993652
5.307390213012695
5.2732367515563965
5.23555326461792
5.205020904541016
5.175052165985107
5.143416881561279
5.110645294189453
5.079824447631836
5.049079418182373
5.0157389640808105
4.983263969421387
4.953068256378174
4.919384479522705
4.883129596710205
4.842774391174316
4.803349018096924
4.762801170349121
4.725811004638672
4.688808441162109
4.649925708770752
4.614395618438721
4.576608180999756
4.538699150085449
4.503325939178467
4.470859050750732
4.435598373413086
4.399199962615967
4.360590934753418
4.321480751037598
4.281046390533447
4.238315582275391
4.198634624481201
4.156637668609619
4.114443302154541
4.058012008666992
4.0001444816589355
3.940211772918701
3.880056381225586
3.8388192653656006
3.8147201538085938
3.794919490814209
3.771901845932007
3.7453551292419434
3.7088637351989746
3.670189142227173
3.630507707595825
3.593315601348877
3.551823139190674
3.5099427700042725
3.4665653705596924
3.4251418113708496
3.389542579650879
3.3553452491760254
3.323519229888916
3.293734550476074
3.265878438949585
3.23419451713562
3.201643943786621
3.167754650115967
3.1354918479919434
3.1011955738067627
3.069262981414795
3.0387651920318604
3.006192922592163
2.975888729095459
2.9512739181518555
2.921686887741089
2.8943228721618652
2.871210813522339
2.8408851623535156
2.814206600189209
2.7888147830963135
2.765096426010132
2.7430789470672607
2.7208518981933594
2.7033615112304688
2.687875986099243
2.6767876148223877
2.6743617057800293
2.6689956188201904
2.6626768112182617
2.661494731903076
2.660381317138672
2.6600873470306396
2.6613197326660156
2.6622607707977295
2.663912296295166
2.665187120437622
2.6667592525482178
2.667072296142578
2.667175769805908
2.666865110397339
2.666781187057495
2.667980194091797
2.6675825119018555
2.6677417755126953
2.6689229011535645
2.6680684089660645
2.667490005493164
2.6692442893981934
2.6685633659362793
2.6682028770446777
2.6668827533721924
2.666341543197632
2.666318655014038
2.6674654483795166
2.6662964820861816
2.668144941329956
2.6673290729522705
2.6680243015289307
2.667998790740967
2.666368007659912
2.666008949279785
2.6659486293792725
2.665168285369873
2.6659584045410156
2.6654882431030273
2.6681387424468994
2.664702892303467
2.6629536151885986
2.6633193492889404
2.665494918823242
2.6652629375457764
2.662611961364746
2.6635496616363525
2.666227340698242
2.6659443378448486
2.666004180908203
2.6650631427764893
2.6655936241149902
2.6654748916625977
2.667940616607666
2.667539596557617
2.6665821075439453
2.6684205532073975
2.6683154106140137
2.6680281162261963
2.6682732105255127
2.6662404537200928
2.666081428527832
2.6670713424682617
2.667808771133423
2.668565273284912
2.67106556892395
2.6700568199157715
2.66900372505188
2.670525312423706
2.670590877532959
2.6748337745666504
2.674621105194092
2.6741034984588623
2.674816846847534
2.6746814250946045
2.6753108501434326
2.6748476028442383
2.674903154373169
2.673588752746582
2.6722216606140137
2.672062397003174
2.6724531650543213
2.671877861022949
2.671558380126953
2.6711747646331787
2.6682519912719727
2.6677889823913574
2.667067527770996
2.668170928955078
2.668287515640259
2.666517496109009
2.665968894958496
2.665801763534546
2.662423610687256
2.661637306213379
2.662262439727783
2.6620192527770996
2.6631054878234863
2.662597417831421
2.661505937576294
2.659668445587158
2.659538745880127
2.6600215435028076
2.6606264114379883
2.6597020626068115
2.661604404449463
2.660559892654419
2.6603171825408936
2.6598198413848877
2.659602403640747
2.658360242843628
2.657210111618042
2.658985137939453
2.6579501628875732
2.6587889194488525
2.658137798309326
2.656397819519043
2.6567678451538086
2.6584887504577637
2.6580960750579834
2.6579041481018066
2.65575909614563
2.655125141143799
2.6560304164886475
2.6561124324798584
2.656351089477539
2.6566548347473145
2.6568350791931152
2.65767765045166
2.658024311065674
2.6559391021728516
2.657139301300049
2.6571242809295654
2.658341407775879
2.6589977741241455
2.660308837890625
2.6622016429901123
2.6619412899017334
2.661867618560791
2.6621017456054688
2.663527488708496
2.6657276153564453
2.666032552719116
2.666529893875122
2.6663284301757812
2.6656010150909424
2.664968967437744
2.6661078929901123
2.6676602363586426
2.6684327125549316
2.668440818786621
2.668799877166748
2.6688926219940186
2.6697845458984375
2.6696178913116455
2.6688714027404785
2.667714834213257
2.668344259262085
2.668295383453369
2.669637441635132
2.6700479984283447
2.670285940170288
2.669754981994629
2.672159194946289
2.671895980834961
2.671839952468872
2.6713781356811523
2.6713428497314453
2.6714529991149902
2.6715986728668213
2.6723649501800537
2.672171115875244
2.672405958175659
2.6724157333374023
2.671658754348755
2.6714909076690674
2.671389102935791
2.6715972423553467
2.6715691089630127
2.671759843826294
2.671771764755249
2.671748399734497
2.6717453002929688
2.6720285415649414
2.6718924045562744
2.671886920928955
2.6704134941101074
2.6702585220336914
2.670253276824951
2.6702475547790527
2.670743942260742
2.673142671585083
2.6732797622680664
2.6727869510650635
2.672050714492798
2.6704108715057373
2.670396089553833
2.6711583137512207
2.671156406402588
2.6725850105285645
2.672492742538452
2.67324161529541
2.671896457672119
2.6722562313079834
2.6713733673095703
2.6713528633117676
2.6714866161346436
2.6714773178100586
2.671466827392578
2.6715965270996094
2.672351360321045
2.6716628074645996
2.671201467514038
2.671180009841919
2.671463966369629
2.6707561016082764
2.670759916305542
2.6702828407287598
2.6704118251800537
2.6711604595184326
2.6724772453308105
2.6723945140838623
2.671651601791382
2.670677423477173
2.670668601989746
2.6706619262695312
2.669349431991577
2.6694834232330322
2.6702373027801514
2.670220375061035
2.67032527923584
2.669588088989258
2.670748472213745
2.6707537174224854
2.670755386352539
2.6707489490509033
2.670405864715576
2.6711575984954834
2.6711533069610596
2.6711490154266357
2.6704158782958984
2.670266628265381
2.6702656745910645
2.6702656745910645
2.6702654361724854
2.6703977584838867
2.6711490154266357
2.6711456775665283
2.671143054962158
2.67041015625
2.670260190963745
2.670262098312378
2.6702587604522705
2.670257806777954
2.6711413860321045
0.3894004821777344
0.3826260268688202
0.3759247660636902
0.3693148195743561
0.3628116250038147
0.3564170300960541
0.3501976430416107
0.34435752034187317
0.33906006813049316
0.3342633843421936
0.3299129605293274
0.3261302411556244
0.3231576085090637
0.32097160816192627
0.3195311427116394
0.31877708435058594
0.3187226355075836
0.3192478120326996
0.32015174627304077
0.32062655687332153
0.3205762505531311
0.3201258182525635
0.31933990120887756
0.3183790445327759
0.317376047372818
0.31645646691322327
0.3156697154045105
0.31497418880462646
0.31443533301353455
0.31419453024864197
0.3142054080963135
0.31422704458236694
0.3142250180244446
0.314125657081604
0.31383365392684937
0.31349271535873413
0.31320953369140625
0.31298378109931946
0.31278783082962036
0.31265518069267273
0.3125218152999878
0.31241661310195923
0.3123023808002472
0.3122482895851135
0.31219667196273804
0.31213340163230896
0.3120597004890442
0.3119411766529083
0.31177809834480286
0.3116161823272705
0.31167900562286377
0.31173065304756165
0.31173476576805115
0.3116886019706726
0.3115827739238739
0.3114510476589203
0.31137388944625854
0.31143975257873535
0.31151777505874634
0.31148776412010193
0.3113783299922943
0.3112797439098358
0.3112582564353943
0.3113112151622772
0.3113626539707184
0.3113464117050171
0.31129705905914307
0.31126704812049866
0.31130102276802063
0.31132256984710693
0.3112488090991974
0.3112606704235077
0.3113020956516266
0.3113056421279907
0.3112790882587433
0.31126585602760315
0.31126871705055237
0.3112802803516388
0.31129190325737
0.31124716997146606
0.3112305998802185
0.3111995458602905
0.3112034797668457
0.311248242855072
0.31119823455810547
0.3112109899520874
0.311218798160553
0.31120365858078003
0.3112402558326721
0.31121963262557983
0.3111537992954254
0.31115713715553284
0.3112236559391022
0.3112158179283142
0.31120559573173523
0.311257928609848
0.311238169670105
0.31119778752326965
0.31114819645881653
0.3111321032047272
