2.311452627182007
2.481102466583252
2.6358885765075684
2.7892324924468994
2.9449636936187744
3.100889205932617
3.259178400039673
3.4269697666168213
3.581848382949829
3.73372745513916
3.8878703117370605
4.052356481552124
4.220117092132568
4.3919477462768555
4.551880359649658
4.71198844909668
4.861083745956421
5.034103631973267
5.206383228302002
5.368979215621948
5.524987697601318
5.702816009521484
5.854976177215576
6.010279178619385
6.164084434509277
6.325637578964233
6.4761152267456055
6.628103733062744
6.780715703964233
6.97113299369812
7.126851558685303
7.287968397140503
7.446435451507568
7.600876808166504
7.760892391204834
7.92160964012146
8.08070969581604
8.240845918655396
8.403446912765503
8.56138563156128
8.724099397659302
8.884799242019653
9.05182933807373
9.243847131729126
9.411092042922974
9.567541122436523
9.728884220123291
9.88970422744751
10.050382852554321
10.211965322494507
11.192469120025635
11.357266664505005
11.520883321762085
11.68343710899353
11.843861103057861
12.006781101226807
12.171014547348022
12.333766460418701
12.49996018409729
12.66937255859375
12.849010229110718
13.027021646499634
13.18885087966919
13.355866193771362
13.553900957107544
13.713859558105469
13.87572717666626
14.052028894424438
14.219007968902588
14.371603965759277
14.564952373504639
14.722966194152832
14.8831627368927
15.045680046081543
15.228102445602417
15.385561227798462
15.541332006454468
15.73915410041809
15.91208553314209
16.073158264160156
16.237712860107422
16.401528120040894
16.5930392742157
16.785377025604248
16.94222140312195
17.128060340881348
17.310971975326538
17.523025274276733
17.68897771835327
17.876413106918335
18.035052061080933
18.218167066574097
18.39752769470215
18.567044734954834
18.747145414352417
18.91038942337036
19.07312822341919
19.23661708831787
19.39846968650818
19.57115602493286
20.592042446136475
20.76573133468628
20.94203805923462
21.10295033454895
21.26344871520996
21.42387819290161
21.584097385406494
21.745065212249756
21.90839695930481
22.075618982315063
22.248910188674927
22.41016721725464
22.582913160324097
22.74995470046997
22.94175624847412
23.114771366119385
23.288028955459595
23.46790599822998
23.633987188339233
23.80381441116333
23.986092805862427
24.14913821220398
24.31806778907776
24.50659704208374
24.692224264144897
24.85750651359558
25.021888732910156
25.189440727233887
25.347102880477905
25.509185075759888
25.691179037094116
25.8512704372406
26.017855644226074
26.18144202232361
26.35891842842102
26.530657052993774
26.706483840942383
26.888497352600098
27.076051235198975
27.251624822616577
27.419140815734863
27.60065531730652
27.767716646194458
27.947515726089478
28.203383207321167
28.41800308227539
28.600818634033203
28.788500547409058
28.961384296417236
29.138262271881104
30.20801568031311
30.381614446640015
30.558927536010742
30.73573136329651
30.896031618118286
31.081458806991577
31.26333212852478
31.436887979507446
31.604960203170776
31.76815915107727
31.936904668807983
32.11008977890015
32.29540276527405
32.491857290267944
32.667137145996094
32.84406352043152
33.047119140625
33.218085527420044
33.384997844696045
33.55341053009033
33.792465686798096
34.01889610290527
34.19895386695862
34.364524364471436
34.56849694252014
34.7759690284729
34.97745633125305
35.14104437828064
35.31859564781189
35.527066230773926
35.70410656929016
35.885645627975464
36.06120491027832
36.227784633636475
36.43525576591492
36.618281841278076
36.78984570503235
36.950440645217896
37.116512060165405
37.2771098613739
37.43770480155945
37.63819456100464
37.84167718887329
38.042171478271484
38.209243059158325
38.37183213233948
38.54539251327515
38.76283812522888
38.96633005142212
39.14687371253967
40.12894320487976
40.287033557891846
40.44962692260742
40.608715772628784
40.77629613876343
40.937891483306885
41.09897446632385
41.26555943489075
41.458073139190674
41.625139474868774
41.797707319259644
41.97825312614441
42.144837856292725
42.30492353439331
42.46652126312256
42.63260245323181
42.80317282676697
42.96576809883118
43.12286138534546
43.28246355056763
43.44705057144165
43.61212182044983
43.77471971511841
43.94130325317383
44.104382276535034
44.27196002006531
44.427064180374146
44.58566641807556
44.74526309967041
44.927289724349976
45.10384249687195
45.26344561576843
45.439488887786865
45.60308027267456
45.77465057373047
45.946216106414795
46.12724685668945
46.30978965759277
46.49032950401306
46.694809675216675
46.88144659996033
47.038541078567505
47.20013427734375
47.362725257873535
47.520814418792725
47.68639898300171
47.876919746398926
48.05646634101868
48.21156644821167
48.382134675979614
49.38773536682129
49.557305574417114
49.72935771942139
49.89992880821228
50.070499897003174
50.262014627456665
50.43905544281006
50.624589920043945
50.82906889915466
51.00961232185364
51.17719507217407
51.34925389289856
51.51782965660095
51.68640470504761
51.86296105384827
52.038007497787476
52.22353959083557
52.4240300655365
52.610557079315186
52.82501292228699
53.001567363739014
53.190091133117676
53.39856171607971
53.57311940193176
53.752155780792236
53.93569087982178
54.11823058128357
54.29677605628967
54.471338510513306
54.67083144187927
54.83191251754761
55.00946807861328
55.217936754226685
55.421420097351074
55.59498167037964
55.80245232582092
55.98100924491882
56.15506362915039
56.33161449432373
56.509166955947876
56.66976714134216
56.84082531929016
56.99344515800476
57.1525342464447
57.3420569896698
57.51661920547485
57.67072153091431
57.892669916152954
58.08518600463867
58.27969479560852
59.29324793815613
59.45333790779114
59.61393332481384
59.780510902404785
59.93959927558899
60.101191997528076
60.265270471572876
60.427860736846924
60.59843420982361
60.75652289390564
60.93008589744568
61.10264992713928
61.25974798202515
61.41934943199158
61.563477993011475
61.736045360565186
61.89763903617859
62.06570219993591
62.22929334640503
62.393876791000366
62.55795240402222
62.72852087020874
62.90208578109741
63.0781307220459
63.25468897819519
63.42027401924133
63.61079502105713
63.79233980178833
63.99382972717285
64.18483448028564
64.34742760658264
64.524982213974
64.7015380859375
64.91400027275085
65.08904576301575
65.25562310218811
65.43417453765869
65.6177065372467
65.7907600402832
65.98227262496948
66.16979575157166
66.35931444168091
66.55182647705078
66.74234104156494
66.92288517951965
67.11040902137756
67.29793286323547
67.48594450950623
67.67945194244385
67.87196254730225
69.33675122261047
69.5262713432312
69.71578812599182
69.94819331169128
70.13571810722351
70.32423973083496
70.5187439918518
70.70826148986816
70.9047601222992
71.1232042312622
71.30873274803162
71.51420664787292
71.71968245506287
71.91119647026062
72.10869288444519
72.30268716812134
72.4922022819519
72.67573833465576
72.87223839759827
73.06674575805664
73.26324796676636
73.45276546478271
73.65026068687439
73.83379554748535
74.02431297302246
74.22480344772339
74.40383958816528
74.59834408760071
74.80182647705078
75.00231766700745
75.18884348869324
75.37437176704407
75.53995537757874
75.71300458908081
75.8805820941925
76.05513858795166
76.23967385292053
76.43118786811829
76.62070369720459
76.80771803855896
76.99923157691956
77.1947329044342
77.38125967979431
77.56279850006104
77.76129198074341
77.94981074333191
78.14930129051208
78.35677170753479
78.54629111289978
78.73680853843689
80.20307683944702
80.395587682724
80.58809781074524
80.78160762786865
80.96913051605225
81.16662764549255
81.38107991218567
81.57658219337463
81.77807021141052
81.97656440734863
82.17505979537964
82.36358046531677
82.56406879425049
82.75657796859741
82.94510006904602
83.12513208389282
83.30367922782898
83.5031726360321
83.69169521331787
83.89019179344177
84.08070993423462
84.27421927452087
84.46573424339294
84.67021179199219
84.85673952102661
85.05124592781067
85.25073862075806
85.4412567615509
85.63525319099426
85.82676815986633
86.0093035697937
86.18884778022766
86.36739492416382
86.54993319511414
86.73295783996582
86.90751695632935
87.09104800224304
87.28056955337524
87.47008943557739
87.6606068611145
87.85810565948486
88.06058716773987
88.25110077857971
88.44759726524353
88.63860130310059
88.83410382270813
89.02361989021301
89.21513557434082
89.40864205360413
89.59816288948059
91.14472937583923
91.32626914978027
91.50381851196289
91.69034719467163
91.88784623146057
92.10828304290771
92.29979681968689
92.49629735946655
92.68781161308289
92.87433862686157
93.07083654403687
93.27232384681702
93.45235538482666
93.64785838127136
93.82939791679382
94.02988719940186
94.22140002250671
94.40892457962036
94.60442662239075
94.80292129516602
94.9944360256195
95.18196177482605
95.36749172210693
95.5555009841919
95.74601364135742
95.94051814079285
96.13801670074463
96.33750939369202
96.52902412414551
96.71754455566406
96.92401552200317
97.14445161819458
97.33895897865295
97.55939555168152
97.74492120742798
97.93543839454651
98.12795090675354
98.3124840259552
98.50299715995789
98.69650650024414
98.88502788543701
99.07853698730469
99.26654887199402
99.45606589317322
99.64758324623108
99.83610415458679
100.02861595153809
100.23110151290894
100.42062139511108
100.62609577178955
103.49430584907532
105.06380534172058
106.6687228679657
108.16541838645935
109.766348361969
111.3019425868988
112.84999752044678
114.4648928642273
116.03390383720398
117.58346056938171
119.09212279319763
120.64518618583679
122.18276786804199
123.74679398536682
125.36965799331665
126.92021346092224
128.36306023597717
129.9530119895935
131.55393481254578
133.13340663909912
134.68745183944702
136.2459831237793
137.81599521636963
139.354590177536
140.8916938304901
142.46318244934082
144.05314350128174
145.61616921424866
147.17569398880005
148.72475337982178
150.25742316246033
151.83740663528442
153.40092825889587
154.98390173912048
156.5559046268463
158.13589024543762
159.79168057441711
161.3183033466339
162.9262044429779
164.66080117225647
166.30960083007812
167.90254426002502
169.52740168571472
171.08744025230408
172.62402963638306
174.20202589035034
175.73861360549927
177.29665088653564
178.83024215698242
180.5533571243286
183.33229804039001
184.86690163612366
186.4020004272461
187.95155715942383
189.49863195419312
191.0531690120697
192.5847680568695
194.15777015686035
195.70733165740967
197.26835942268372
198.83038926124573
200.35602974891663
201.93102478981018
203.55689454078674
205.08450293540955
206.62108659744263
208.1881148815155
209.73566484451294
211.26279664039612
212.80936217308044
214.3614318370819
215.95386862754822
217.48997139930725
219.02650475502014
220.6907618045807
222.25326132774353
223.83522963523865
225.38379859924316
226.93736100196838
228.54276609420776
230.1007945537567
231.65731501579285
233.26080799102783
234.86870074272156
236.43271231651306
237.9858112335205
239.5657753944397
241.091379404068
242.6930549144745
244.22719144821167
245.9044029712677
247.51329517364502
249.05536603927612
250.56734585762024
252.15678095817566
253.69885420799255
255.22645092010498
256.77151131629944
258.34897685050964
259.9060080051422
262.6744360923767
264.282333612442
265.9316303730011
267.489155292511
269.10911536216736
270.69565534591675
272.2855989933014
273.84087467193604
275.3884220123291
276.95097732543945
278.5045099258423
280.03960156440735
281.60609459877014
283.0868191719055
284.6538269519806
286.2332880496979
287.7891101837158
289.36708307266235
290.91017270088196
292.4971282482147
294.07909321784973
295.6435945034027
297.1856722831726
298.829470872879
300.44136333465576
302.08368158340454
303.666650056839
305.24063777923584
306.7976722717285
308.4005844593048
310.03840255737305
311.59392738342285
313.1679108142853
314.7628493309021
316.41019797325134
318.03156542778015
319.6216034889221
321.18760657310486
322.80248284339905
324.378466129303
325.9389762878418
327.49800276756287
329.04255867004395
330.61355471611023
332.15212750434875
333.6922035217285
335.32459259033203
336.85318422317505
338.4007520675659
339.91039514541626
342.72094202041626
344.2929358482361
345.9108064174652
347.5087287425995
349.0712375640869
350.60832166671753
352.18639969825745
353.7224905490875
355.278014421463
356.8430235385895
358.3905794620514
359.9545953273773
361.52807235717773
363.09308075904846
364.6700623035431
366.2450439929962
367.7975776195526
369.43440103530884
371.045289516449
372.5983319282532
374.15684509277344
375.74180030822754
377.34824991226196
378.95814061164856
380.51916098594666
382.1021213531494
383.65066266059875
385.2266459465027
386.82756423950195
388.36514019966125
389.91618490219116
391.4517617225647
393.00879096984863
394.59175205230713
396.11735582351685
397.69591426849365
399.2888491153717
400.9969902038574
402.5809495449066
404.1384642124176
405.7488651275635
407.2605094909668
408.85743260383606
410.4099659919739
411.9714891910553
413.51803827285767
415.09674191474915
416.6572506427765
418.2212653160095
419.82816195487976
422.6263175010681
424.1898248195648
425.7458553314209
427.3148593902588
428.869384765625
430.4224271774292
431.9729630947113
433.5145275592804
435.04562854766846
436.64554834365845
438.23748803138733
439.7856011390686
441.3565857410431
442.9536726474762
444.4892523288727
446.05725383758545
447.62574219703674
449.2137005329132
450.69694995880127
452.25447058677673
453.8513958454132
455.4473223686218
457.06917929649353
458.61767983436584
460.1602351665497
461.7681300640106
463.3760280609131
464.93106627464294
466.50554060935974
468.0714988708496
469.59211349487305
471.17208313941956
472.73011016845703
474.29460978507996
475.8526394367218
477.4051671028137
478.9971082210541
480.6199686527252
482.15306782722473
483.70560121536255
485.2501595020294
486.77826476097107
488.3173899650574
489.88040566444397
491.4478976726532
492.97900557518005
494.549489736557
496.1743426322937
497.78024768829346
499.3073570728302
502.08176851272583
503.63581013679504
505.2197723388672
506.7264244556427
508.3353168964386
509.8968234062195
511.46183824539185
513.0587651729584
514.5704081058502
516.1319191455841
517.6879498958588
519.227516412735
520.8324189186096
522.3894464969635
523.9559404850006
525.5299265384674
527.085963010788
528.6769013404846
530.2230050563812
531.7735419273376
533.318603515625
534.8551781177521
536.404228925705
537.9437973499298
539.5063054561615
541.0629072189331
542.674795627594
544.249762058258
545.8699946403503
547.4459779262543
548.9885346889496
550.5515480041504
552.1210367679596
553.7329268455505
555.301920413971
556.8978543281555
558.449390411377
560.0996882915497
561.6666903495789
563.2331840991974
564.7802443504333
566.3510904312134
567.913271188736
569.4628102779388
570.9934017658234
572.5404634475708
574.1009790897369
575.6430521011353
577.2669053077698
578.8907582759857
581.7579503059387
583.311589717865
584.8801066875458
586.4027168750763
587.9447884559631
589.5312311649323
591.0872633457184
592.7171008586884
594.276127576828
595.823677778244
597.408634185791
598.9746408462524
600.5660715103149
602.178053855896
603.848780632019
605.4177839756012
606.9997463226318
608.5203621387482
610.1182823181152
611.7472548484802
613.2858226299286
614.824903011322
616.4726922512054
618.0223097801208
619.4995319843292
621.0755143165588
622.6086525917053
624.1846368312836
625.7576267719269
627.3120675086975
628.9055302143097
630.505448102951
632.139279127121
633.7002968788147
635.3560664653778
636.9140923023224
638.4840915203094
640.0396144390106
641.5796914100647
643.1421945095062
644.6822760105133
646.2348096370697
647.8716287612915
649.4236724376678
651.0195984840393
652.5452055931091
654.0548496246338
655.6557643413544
657.3025569915771
658.7982392311096
661.5841331481934
663.1321930885315
664.6717603206635
666.2656960487366
667.837687253952
669.4455881118774
670.9871506690979
672.533700466156
674.1186575889587
675.6063604354858
677.1568999290466
678.7179193496704
680.3248219490051
681.8838493824005
683.4254097938538
684.9834396839142
686.552925825119
688.180775642395
689.7786946296692
691.3427095413208
692.9097170829773
694.4931688308716
696.09707903862
697.6680715084076
699.2709817886353
700.8968276977539
702.4797930717468
704.0742480754852
705.614812374115
707.1857435703278
708.7507526874542
710.3012926578522
711.8922336101532
713.4447660446167
715.0147650241852
716.6565678119659
718.2195792198181
719.804149389267
721.419026851654
723.0518572330475
724.61288022995
726.1450462341309
727.7168292999268
729.2914843559265
730.798139333725
732.405041217804
733.9890050888062
735.5300822257996
737.137975692749
738.685519695282
741.4875211715698
743.0575227737427
744.631994009018
746.2039823532104
747.7689940929413
749.307564496994
750.9493734836578
752.6066470146179
754.226508140564
755.7600944042206
757.3061528205872
758.8676600456238
760.4187114238739
761.9570996761322
763.5111391544342
765.0606756210327
766.6017487049103
768.1722314357758
769.731260061264
771.340151309967
772.915135383606
774.4896082878113
776.030683517456
777.5931904315948
779.184654712677
780.7486667633057
782.3301277160645
783.9445145130157
785.5100147724152
787.0186629295349
788.6265575885773
790.2654995918274
791.8429613113403
793.4029874801636
794.9375641345978
796.4806363582611
798.058100938797
799.6420614719391
801.2110643386841
802.8329231739044
804.364509344101
805.9155626296997
807.4651021957397
809.076991558075
810.6280417442322
812.1765887737274
813.7351050376892
815.4187984466553
816.979819059372
818.5518140792847
821.3596510887146
822.9865016937256
824.5435359477997
826.1160144805908
827.6695959568024
829.2949800491333
830.8460931777954
832.3991339206696
833.9556529521942
835.5266525745392
837.121098279953
838.6841123104095
840.2775354385376
841.8285830020905
843.4115483760834
844.9720599651337
846.5769658088684
848.1310105323792
849.6725723743439
851.2505488395691
852.7731602191925
854.3471462726593
855.9166350364685
857.5549597740173
859.1927740573883
860.7877080440521
862.3517203330994
863.9142258167267
865.463280916214
867.1554651260376
868.7219648361206
870.2740108966827
871.8484876155853
873.3955438137054
874.9834911823273
876.5489912033081
878.1249747276306
879.6969652175903
881.2365610599518
882.776130437851
884.3461272716522
885.9580144882202
887.5748863220215
889.1329159736633
890.759213924408
892.3257372379303
893.8902351856232
895.4791789054871
897.0411965847015
898.5628142356873
901.3716473579407
902.9486272335052
904.5081419944763
906.0437178611755
907.5975334644318
909.2115490436554
910.8304121494293
912.4492764472961
914.1544229984283
915.7603268623352
917.3063886165619
918.8738808631897
920.415956735611
921.978461265564
923.5339953899384
925.0845756530762
926.625161409378
928.2190907001495
929.7805988788605
931.445853471756
933.0133466720581
934.6756117343903
936.2581107616425
937.8367536067963
939.4017601013184
940.9293556213379
942.4908950328827
944.009518623352
945.5785503387451
947.1350681781769
948.6940948963165
950.245628118515
951.7996642589569
953.3761322498322
954.8055624961853
956.6348960399628
958.1146252155304
959.9002871513367
961.3306348323822
962.5245883464813
963.763955116272
964.9055378437042
966.1618375778198
967.4191303253174
968.7223086357117
969.9691269397736
971.2039775848389
972.3410837650299
973.4786758422852
974.7215006351471
976.7305703163147
977.8901460170746
979.0387065410614
980.2597584724426
981.401353597641
982.5220015048981
983.6466386318207
984.9239122867584
986.1179292201996
987.2999494075775
988.5048749446869
989.6155667304993
990.8555870056152
992.0445983409882
993.180727481842
994.328311920166
995.4903659820557
996.6678607463837
997.915370464325
999.0865199565887
1000.3059895038605
1001.4067513942719
1002.7528169155121
1003.9687466621399
1005.1997139453888
1006.4420528411865
1007.7333078384399
1008.9432344436646
1010.1352405548096
1011.307849407196
1012.4589276313782
1013.6468904018402
1014.854817867279
1016.0154900550842
1017.1585936546326
1018.2912087440491
1019.4802803993225
1020.6493103504181
1021.8198368549347
1023.0207874774933
1024.2237339019775
1025.3779458999634
1026.4746539592743
1027.662143945694
1028.8321747779846
1030.0171875953674
1031.2042479515076
1032.3140006065369
1033.5439238548279
1034.7059881687164
1036.7016801834106
1037.7994656562805
1038.9410762786865
1040.1100943088531
1041.2796158790588
1042.3903255462646
1043.5713233947754
1044.7424087524414
1045.936367034912
1047.213615179062
1048.3811547756195
1049.5551776885986
1050.6928055286407
1051.8857657909393
1053.0717372894287
1054.2407808303833
1055.37539768219
1056.5219719409943
1057.7395069599152
1058.9853222370148
1060.178294658661
1061.370288848877
1062.5168888568878
1063.6560139656067
1064.7737805843353
1065.9428498744965
1067.1732864379883
1068.427071094513
1069.5861945152283
1070.7507441043854
1071.9656581878662
1073.0778651237488
1074.2314109802246
1075.386557340622
1076.5441052913666
1077.769977092743
1078.8971433639526
1080.017792224884
1081.216757774353
1082.5029911994934
1083.7917485237122
1085.0281093120575
1086.2500252723694
1087.4400043487549
1088.6659016609192
1089.8718237876892
1091.0220096111298
1092.2813138961792
1093.561630487442
1094.759571313858
1096.7824833393097
1098.0173625946045
1099.1784117221832
1100.3389422893524
1101.4660878181458
1102.666041135788
1103.8046381473541
1105.122774362564
1106.296805858612
1107.5087282657623
1108.7176485061646
1109.8492624759674
1111.0571937561035
1112.268227338791
1113.4482305049896
1114.6023066043854
1115.8371648788452
1117.0885372161865
1118.3413484096527
1119.5473096370697
1120.759328365326
1121.931420326233
1123.055056810379
1124.207141160965
1125.3647384643555
1126.5218584537506
1127.643604516983
1128.8345701694489
1130.0704562664032
1131.254455089569
1132.4265506267548
1133.5940611362457
1134.7097702026367
1135.871821641922
1137.0768349170685
1138.3372614383698
1139.5502870082855
1140.7208669185638
1141.8968977928162
1143.0405220985413
1144.2385473251343
1145.4600141048431
1146.6959240436554
1147.8809609413147
1149.0385489463806
1150.239509820938
1151.3787224292755
1152.5342772006989
1153.8125410079956
1155.0675156116486
1156.6861157417297
1156.731776714325
1156.763691663742
1156.7951226234436
1156.8270370960236
1156.8589570522308
1156.8903803825378
1156.9163119792938
1156.9392504692078
1156.9601938724518
1156.9821374416351
1157.003591299057
1157.0255324840546
1157.0474734306335
1157.0694167613983
1157.0908703804016
1157.1128120422363
1157.1337559223175
1157.1556968688965
1157.1776399612427
1157.1990945339203
1157.22003865242
1157.2419810295105
1157.2629234790802
1157.2853815555573
1157.3063230514526
1157.3302595615387
1157.3512034416199
1157.372148513794
1157.3946006298065
1157.4155442714691
1157.4364883899689
1157.4594268798828
1157.480372428894
1157.5018272399902
1157.5257625579834
1157.5477044582367
1157.5686485767365
1157.5911202430725
1157.613053560257
1157.6339974403381
1157.6559383869171
1157.6778922080994
1157.6983382701874
1157.720279455185
1157.7422206401825
1157.7631647586823
1157.784110546112
1157.8055641651154
1157.827505350113
1158.5675837993622
1158.589064836502
1158.6117050647736
1158.6326501369476
1158.6535942554474
1158.6755378246307
1158.6969923973083
1158.717936515808
1158.7398777008057
1158.7608215808868
1158.7817680835724
1158.8042192459106
1158.8261606693268
1158.847104549408
1158.8690466880798
1158.8905138969421
1158.9114570617676
1158.9333984851837
1158.954342365265
1158.9752881526947
1158.9977397918701
1159.0206785202026
1159.0416226387024
1159.0635638237
1159.0845098495483
1159.1059637069702
1159.1299006938934
1159.1508436203003
1159.1727857589722
1159.1942405700684
1159.2161815166473
1159.23712515831
1159.2590668201447
1159.2800121307373
1159.3014662265778
1159.3234105110168
1159.3443524837494
1159.365296125412
1159.3862466812134
1159.407699584961
1159.4296407699585
1159.4515829086304
1159.4725263118744
1159.494980096817
1159.516919851303
1159.5388615131378
1159.560803413391
1159.582756280899
1159.6032021045685
1159.625144481659
